28.0199
27.0531
30.7587
31.5417
32.5158
28.3808
34.6534
30.1441
31.134
28.0069
30.9133
32.4515
30.209
31.7964
27.6984
28.0885
21.645
30.0315
28.5996
26.0752
24.2705
22.9959
27.0138
29.961
25.5143
23.9915
28.6644
24.7218
26.5087
23.9797
27.3128
20.338
22.1192
25.3841
17.9842
22.4173
26.6671
27.5581
22.3562
21.2404
20.5625
18.6212
19.5566
22.8976
20.8407
20.9805
24.7817
25.5299
19.2722
18.0236
21.8318
21.3953
21.1541
19.0409
18.2607
18.1977
21.6105
18.5977
17.8648
20.4931
17.1901
23.6356
20.3073
19.6215
18.3621
15.0614
17.0144
17.1066
15.6751
16.9694
17.2456
15.5237
17.8243
17.131
16.8961
17.0605
16.6578
15.5305
16.0054
17.5937
17.6105
14.8504
15.8366
16.7834
16.5611
15.3062
14.9338
14.9878
17.1583
13.4241
13.5206
13.2728
15.6464
14.203
14.6863
17.5954
14.2958
14.6743
12.874
10.8242
12.6229
12.5588
14.0084
13.5534
13.3642
12.0409
10.6482
12.2824
12.8653
14.0276
12.723
14.68
12.7438
10.5557
12.1868
12.4109
12.5956
15.5586
12.8689
12.2849
11.6804
13.6542
13.3564
13.1772
13.977
12.045
11.4686
9.76515
12.1777
11.8352
10.8697
12.0094
11.5711
12.9363
11.2005
10.4695
14.247
11.5807
11.4949
11.631
10.5737
12.1983
10.2432
11.9626
10.9387
10.306
10.5392
10.6391
11.3164
11.3166
10.0513
10.4508
9.97624
10.8419
10.2816
13.0099
9.87467
10.4224
10.132
10.9184
10.2843
10.1986
10.5645
10.8383
11.11
11.4133
10.03
10.941
10.5504
10.8271
10.9108
9.98577
10.3139
9.47444
9.69431
10.7368
10.6852
9.3544
11.0161
10.4613
11.6902
11.7889
11.2836
12.7796
9.94136
11.8086
10.2758
9.44964
10.5328
9.53526
9.3301
11.9765
10.2284
10.0847
11.4067
10.3393
10.7919
9.83017
10.1564
10.907
10.1773
10.1919
10.7263
9.84249
10.0974
9.81287
10.5337
9.73626
10.8373
11.3901
10.3293
9.57026
10.2775
10.3295
11.5691
10.8855
9.8557
10.4052
10.4717
9.67247
8.99599
9.4156
10.3335
9.6573
10.514
9.71649
10.1577
10.1792
9.14515
9.18526
9.7617
9.63734
10.3878
9.71088
9.8902
9.34368
9.06386
9.13795
9.44293
9.15506
10.4177
9.95996
9.3185
9.51395
9.3257
9.41882
9.70356
9.32038
9.65602
9.53328
9.5133
9.63881
9.62792
9.7106
9.60628
10.1099
10.2621
10.0092
9.42001
9.14634
9.38388
9.41059
9.92242
9.0261
9.60973
9.24179
9.58582
9.78876
9.54111
9.17032
9.10385
9.5924
9.26391
9.0685
9.15518
9.1865
9.89931
9.64147
10.0688
9.92625
10.5047
11.0276
10.2845
10.4401
10.0012
9.74676
9.97052
9.66825
9.99134
10.0467
9.49082
9.0261
9.45488
9.21952
9.40022
9.50732
9.31348
9.12158
9.0978
9.66392
10.0452
9.49839
9.57715
9.12937
9.26642
9.41631
9.51706
9.09031
9.44694
9.55523
9.2476
9.18448
9.33242
9.60667
9.45165
9.51071
9.32315
9.9961
9.63099
10.107
9.23539
9.19741
8.9848
9.46401
9.32153
9.23113
9.39357
9.35094
9.20451
9.03133
9.19928
9.315
9.13795
9.12448
9.03133
9.10292
9.41585
9.29245
9.18071
9.12937
9.05858
9.0261
9.50973
9.0685
9.34262
9.33027
9.12937
9.59371
9.11156
9.32344
9.12379
9.23105
9.38306
9.20954
9.06717
9.27429
9.31581
9.34744
9.62764
9.19741
9.82332
9.04739
9.07505
9.07505
9.30367
9.14562
9.3249
9.30439
9.63634
10.1041
9.09724
9.18526
9.08262
9.26212
9.10853
9.07384
9.18699
9.53955
9.19763
9.05071
9.37209
9.06774
9.25875
9.11602
9.0685
9.40124
9.49055
9.08262
9.13161
9.21452
9.39382
9.86665
9.27213
9.35605
9.22539
9.64857
9.24958
9.30238
9.13859
9.25299
9.63026
9.04252
9.2895
9.41503
9.09955
9.09862
9.35486
9.3261
9.0478
9.22729
9.39302
9.37124
9.1015
9.24418
9.17207
9.09206
9.20686
9.17112
9.22699
9.79104
9.61348
9.08909
9.15938
9.04256
9.08909
9.14945
9.22999
9.12937
9.09392
9.28176
9.19815
9.18708
9.39541
9.25775
8.9848
9.18399
9.04256
9.12931
9.31607
9.03133
9.04256
9.15594
9.12379
9.04032
9.26188
9.10332
9.24104
9.15169
9.14443
9.17531
9.16398
9.09549
9.14762
9.29244
9.16283
9.04739
9.14206
9.3684
9.14562
9.05302
9.24991
9.34476
9.6197
9.2264
9.14046
9.05302
9.09392
9.29142
9.09206
9.26073
9.16394
9.25008
8.9848
9.11602
9.32613
9.05127
9.03133
9.13969
9.38152
9.05127
9.14752
9.21458
9.00126
9.08869
9.28134
9.39402
9.06717
9.1133
8.99599
9.46199
9.06386
9.31443
9.12977
9.11561
9.24018
9.15853
9.00126
9.27864
9.01245
9.34849
9.08909
9.20276
9.20991
9.1133
9.09549
9.32971
9.22276
9.13795
9.07263
9.15853
9.27549
9.05679
9.21727
9.05679
9.06949
9.35209
9.1133
9.21168
9.26506
9.03133
9.07263
9.24179
9.01245
9.05071
9.00126
9.20924
9.20354
9.08869
9.04739
9.16976
9.11602
9.04739
9.04896
8.99599
9.13969
9.03133
9.06949
9.14971
9.00126
9.04256
9.12802
9.2655
9.01245
9.25875
9.0685
9.09862
9.03133
9.0685
9.01245
9.34908
9.20173
9.12554
9.08497
9.05679
9.13208
9.15999
9.20346
9.12931
8.9848
9.00126
9.11602
9.13033
9.144
9.0478
9.20816
9.14747
9.00126
9.05127
9.22884
9.0261
9.27435
9.03133
8.9848
9.14475
9.07384
9.1845
9.06543
9.14762
9.2141
9.14206
9.12554
9.0478
9.03133
9.0261
9.15388
9.0261
9.11156
9.04739
9.09955
9.0261
9.03133
9.09031
8.99599
9.09909
9.14945
9.08686
9.11039
9.13208
9.07378
9.04252
9.45031
8.99599
9.05898
9.04252
9.0685
9.275
9.13644
9.10385
9.05732
9.00126
9.1942
9.05679
9.08909
8.99599
9.0261
8.99599
9.16168
9.09206
9.2643
9.14206
8.99599
8.9848
9.07263
9.0685
9.08262
9.11508
8.9848
9.2555
9.16168
8.9848
9.17207
9.05302
9.05732
9.04896
9.14046
9.10332
9.04252
9.00126
9.00126
8.99599
8.9848
9.00126
9.06543
9.12554
9.20045
8.99599
9.00126
9.14095
9.11939
9.14584
9.0685
8.9848
9.1942
9.04256
9.01245
9.04896
9.12379
9.08686
9.19196
9.04256
9.14971
9.04739
9.00126
9.0261
9.19196
9.06386
9.05679
9.04896
9.0478
8.99599
9.05302
9.06386
9.05898
9.21562
9.00126
9.04739
9.05127
9.04252
9.0685
9.144
8.9848
9.06949
9.01245
8.9848
9.2639
9.03133
9.12148
9.15169
9.30663
9.04256
9.3544
9.05898
9.03133
9.19757
9.09206
9.14475
9.00126
9.05302
9.12031
8.9848
9.12448
8.9848
9.11039
9.04032
9.01245
9.13208
9.13033
9.04252
9.09392
9.04252
8.9848
9.10516
9.0261
9.08503
9.15518
9.11284
9.05679
9.15594
9.10332
9.05858
9.09955
9.01245
9.06386
8.9848
9.07378
9.15466
9.05071
9.05858
9.21944
9.05732
9.05858
9.10332
9.04252
9.06543
9.09031
9.06949
9.04739
9.12977
9.06774
9.04739
8.99599
8.99599
8.9848
9.0478
8.9848
9.11427
9.05127
8.9848
9.00126
9.06949
9.11508
9.00126
9.04252
9.0261
9.03133
9.0478
9.11284
9.04739
8.9848
9.00126
8.9848
8.99599
9.04739
8.99599
8.99599
8.99599
8.9848
9.11156
9.15853
9.11939
9.09862
9.00126
9.00126
9.13325
9.09206
9.10516
8.9848
9.05858
9.06949
9.00126
9.00126
9.03133
9.01245
9.08503
8.9848
9.15506
9.09206
9.04032
9.00126
9.12988
9.03133
9.0261
9.06717
9.10385
9.05732
9.04032
9.09206
9.04739
9.12158
8.99599
9.11284
9.06774
9.00126
9.00126
9.01245
8.99599
8.9848
9.0685
8.9848
9.04896
8.99599
9.05679
9.05679
9.13859
8.9848
9.01245
9.05898
8.9848
9.07378
9.00126
9.08909
8.99599
9.10853
9.05071
8.99599
8.99599
8.99599
9.12323
9.13522
9.11371
9.07263
9.1015
9.00126
9.04032
8.9848
9.08686
8.99599
9.05127
9.03133
9.06543
9.04896
9.03133
9.04739
9.14636
8.9848
9.01245
8.99599
9.05071
9.13644
9.0685
8.99599
9.00126
9.0478
8.99599
8.9848
9.03133
9.03133
8.9848
9.1604
9.13969
9.06386
9.11869
8.99599
9.10516
8.9848
8.9848
8.9848
9.01245
9.04256
8.9848
8.9848
9.00126
8.9848
8.9848
9.04739
9.0261
8.9848
9.04252
9.0261
9.01245
8.9848
8.9848
8.99599
9.04252
8.9848
9.05071
8.9848
9.01245
9.11156
9.04256
9.00126
9.09955
9.06717
9.00126
9.09955
8.9848
8.9848
9.01245
8.99599
8.99599
8.9848
9.05898
9.12323
9.06386
8.9848
9.09724
9.00126
9.06543
9.00126
8.9848
9.03133
9.04256
9.08869
9.05071
9.01245
8.9848
9.06949
9.13801
9.01245
9.06543
9.01245
8.99599
8.9848
8.9848
8.99599
8.9848
9.05127
9.0261
9.00126
9.06949
8.9848
9.04252
8.99599
8.99599
9.04252
9.00126
8.99599
8.99599
9.00126
9.01245
8.99599
9.00126
9.01245
9.06949
9.05732
8.99599
9.05732
9.06949
8.99599
9.00126
9.01245
9.0261
9.12031
9.00126
9.09206
8.9848
9.06543
9.00126
9.07378
9.06717
8.9848
8.9848
9.07263
9.06949
9.04896
8.99599
8.99599
9.00126
9.04256
9.04256
9.0261
8.99599
9.05732
9.00126
8.9848
9.00126
8.9848
9.0261
9.03133
9.05858
9.00126
9.05898
9.09955
9.05127
9.00126
9.04252
9.03133
9.03133
9.1015
8.9848
9.05302
9.13522
8.9848
9.00126
8.99599
8.9848
9.01245
9.07263
8.9848
8.99599
9.05732
9.03133
9.00126
9.00126
8.99599
9.0261
9.08262
8.9848
9.01245
9.04252
9.04252
9.0261
9.05302
9.01245
8.99599
9.00126
9.05679
9.05302
8.9848
8.9848
9.04896
8.9848
8.99599
9.09909
9.00126
9.01245
9.05127
9.04032
8.9848
8.9848
9.04896
9.13975
9.12915
9.04256
8.9848
9.10385
9.08909
9.05071
8.99599
9.01245
8.9848
8.9848
9.05127
9.07384
8.9848
9.07384
9.09031
8.9848
9.04252
9.01245
9.0261
9.06949
9.04032
9.09724
9.04032
8.99599
8.9848
9.00126
9.00126
9.00126
8.9848
9.05302
9.01245
9.00126
9.09955
9.00126
9.10516
9.05679
8.9848
8.99599
8.9848
9.0261
9.0261
9.06543
8.9848
9.0261
9.00126
9.01245
9.12988
9.01245
9.05679
9.04739
9.0261
9.05302
9.05302
9.04256
9.08686
9.10853
9.00126
8.99599
8.9848
8.9848
9.05732
9.0478
9.10853
9.04896
9.04252
9.0261
8.9848
9.08909
9.06774
8.99599
9.06949
9.01245
8.9848
9.04032
9.0478
8.9848
9.00126
8.9848
8.9848
9.00126
9.08686
8.9848
8.99599
8.99599
9.1609
9.13325
9.14971
9.01245
9.05732
9.00126
9.05679
8.9848
9.05679
9.00126
9.0478
9.00126
9.01245
8.99599
8.9848
8.99599
8.9848
9.00126
9.05302
9.01245
9.00126
9.05858
8.9848
9.00126
9.01245
9.04896
9.01245
8.9848
8.99599
9.05858
8.9848
9.04252
8.9848
9.04896
9.04256
8.9848
9.04896
9.0261
9.00126
9.1015
8.9848
8.99599
9.06543
9.04252
9.0685
9.01245
9.07384
8.9848
8.9848
8.99599
9.08503
8.9848
9.00126
9.00126
8.9848
9.09392
8.9848
9.00126
9.01245
8.9848
9.05071
9.09909
8.9848
9.04032
8.9848
9.05127
8.99599
8.9848
8.9848
9.03133
8.9848
9.00126
9.03133
8.9848
9.0261
9.01245
9.01245
9.08503
8.9848
9.00126
9.07378
8.9848
9.05127
9.01245
9.04739
8.9848
9.00126
9.0261
9.01245
8.9848
8.9848
9.01245
8.9848
8.9848
8.99599
8.99599
8.9848
8.99599
9.0261
8.9848
9.07263
9.0261
9.06543
9.05127
8.99599
8.99599
8.99599
9.04032
9.0261
9.09206
8.99599
9.04739
9.01245
9.05071
8.9848
8.9848
8.99599
8.99599
8.9848
8.9848
9.04252
9.05071
9.05679
9.0685
8.9848
8.99599
8.99599
8.9848
8.99599
9.04032
9.00126
9.01245
8.99599
9.13515
9.03133
8.9848
8.9848
9.05858
8.99599
8.9848
9.01245
9.11196
8.99599
8.9848
9.06386
8.99599
9.01245
8.99599
9.05127
9.01245
8.99599
9.00126
8.9848
8.99599
9.09031
9.0261
9.08909
8.9848
8.9848
8.9848
9.00126
8.99599
9.05679
8.9848
9.05302
8.9848
8.9848
9.01245
9.05071
9.04032
9.04032
9.04256
9.09909
8.9848
8.99599
8.99599
8.9848
8.9848
8.99599
8.99599
9.00126
9.01245
9.06717
9.06543
9.08869
9.04032
9.04739
9.06717
9.01245
9.01245
8.99599
8.99599
8.9848
8.99599
9.01245
9.00126
8.99599
9.0261
9.06774
8.99599
8.99599
9.03133
9.00126
8.9848
9.05127
9.00126
9.04896
9.04256
9.04896
8.9848
8.9848
8.9848
9.00126
9.0261
9.08686
9.10292
9.04256
9.12148
9.05071
9.00126
9.0685
8.9848
8.99599
9.04252
9.00126
9.06543
9.01245
8.9848
9.01245
8.9848
9.00126
9.00126
9.06949
8.9848
8.9848
9.00126
9.04252
9.00126
8.9848
8.9848
8.99599
8.9848
8.9848
9.00126
8.9848
8.9848
9.04032
9.11514
8.99599
9.0261
8.9848
9.00126
8.99599
8.9848
8.9848
8.9848
8.99599
8.9848
8.99599
9.0261
8.9848
9.0261
9.00126
8.9848
8.99599
9.00126
8.99599
8.9848
8.9848
9.04256
8.9848
9.04739
8.99599
8.99599
8.99599
8.9848
8.9848
8.9848
9.05071
9.01245
9.0261
8.99599
8.9848
8.99599
8.99599
8.9848
8.9848
8.9848
9.00126
8.9848
8.9848
9.00126
8.9848
8.9848
9.00126
8.9848
9.07263
9.06543
8.9848
8.9848
8.9848
9.01245
9.04739
8.9848
9.01245
8.9848
8.99599
8.99599
8.9848
9.00126
8.9848
8.99599
9.0261
8.99599
9.04032
8.99599
8.99599
8.9848
9.05898
8.9848
9.04896
9.00126
8.99599
9.0685
8.99599
8.99599
8.9848
9.01245
8.9848
8.9848
9.00126
8.9848
8.9848
8.9848
9.00126
8.9848
9.0478
8.9848
9.01245
9.00126
9.00126
9.00126
8.9848
8.99599
9.03133
9.07378
8.9848
8.9848
9.00126
8.9848
9.01245
9.00126
8.9848
8.9848
8.99599
9.01245
8.99599
8.9848
8.99599
8.99599
8.9848
9.11284
8.9848
8.9848
9.03133
8.99599
8.99599
8.9848
9.01245
9.00126
8.9848
8.9848
8.9848
8.99599
9.04896
8.9848
8.9848
8.99599
8.99599
9.00126
8.9848
8.99599
8.9848
8.9848
