1   -0.4205   -0.4205   0
2   -0.414964   -0.417732   0.00195754
3   -0.419988   -0.418484   0.00144224
4   -0.409264   -0.416179   0.00227031
5   -0.416706   -0.416285   0.0018187
6   -0.411692   -0.415519   0.00166893
7   -0.412304   -0.41506   0.00149236
8   -0.412264   -0.41471   0.00134612
9   -0.410846   -0.414281   0.00126316
10   -0.41524   -0.414377   0.00114048
11   -0.422839   -0.415146   0.00127
12   -0.411719   -0.414861   0.00119585
13   -0.407891   -0.414324   0.00121811
14   -0.415615   -0.414417   0.00113458
15   -0.413423   -0.41435   0.00106088
16   -0.415728   -0.414437   0.000998063
17   -0.409044   -0.414119   0.00098848
18   -0.407894   -0.413773   0.000992226
19   -0.424589   -0.414343   0.00109114
20   -0.408216   -0.414036   0.00107873
21   -0.413177   -0.413995   0.00102813
22   -0.416209   -0.414096   0.000986311
23   -0.420303   -0.414366   0.000979655
24   -0.412035   -0.414269   0.000943639
25   -0.407022   -0.413979   0.000949373
26   -0.416316   -0.414069   0.000917104
27   -0.415802   -0.414133   0.000885382
28   -0.414878   -0.41416   0.000854161
29   -0.411148   -0.414056   0.000830998
30   -0.409989   -0.41392   0.000814277
31   -0.421881   -0.414177   0.000827511
32   -0.415646   -0.414223   0.000802923
33   -0.418173   -0.414343   0.000787465
34   -0.412859   -0.414299   0.000765511
35   -0.420026   -0.414463   0.000760925
36   -0.422178   -0.414677   0.000769376
37   -0.412619   -0.414621   0.000750591
38   -0.413666   -0.414596   0.000731259
39   -0.418259   -0.41469   0.000718516
40   -0.418946   -0.414797   0.000708387
41   -0.417404   -0.41486   0.00069396
42   -0.416006   -0.414887   0.000677973
43   -0.412103   -0.414823   0.000665292
44   -0.41483   -0.414823   0.000650171
45   -0.405905   -0.414625   0.000665242
46   -0.41715   -0.41468   0.000653042
47   -0.411687   -0.414616   0.000642245
48   -0.417597   -0.414678   0.000631861
49   -0.409484   -0.414572   0.000627794
50   -0.406207   -0.414405   0.000637139
51   -0.41032   -0.414325   0.000629659
52   -0.419217   -0.414419   0.00062454
53   -0.414208   -0.414415   0.000612769
54   -0.41402   -0.414407   0.000601465
55   -0.41353   -0.414391   0.000590741
56   -0.412757   -0.414362   0.000580913
57   -0.418516   -0.414435   0.000575275
58   -0.404675   -0.414267   0.000589456
59   -0.417636   -0.414324   0.000582225
60   -0.411945   -0.414284   0.00057387
61   -0.412287   -0.414252   0.000565395
62   -0.415433   -0.414271   0.000556597
63   -0.414179   -0.414269   0.000547764
64   -0.410803   -0.414215   0.000541876
65   -0.412015   -0.414181   0.000534595
66   -0.41035   -0.414123   0.000529637
67   -0.409165   -0.414049   0.000526877
68   -0.424127   -0.414197   0.000539571
69   -0.41874   -0.414263   0.000535752
70   -0.410712   -0.414212   0.000530495
71   -0.419785   -0.414291   0.000528798
72   -0.422421   -0.414404   0.000533374
73   -0.419533   -0.414474   0.000530676
74   -0.412058   -0.414441   0.000524508
75   -0.409669   -0.414378   0.00052136
76   -0.412785   -0.414357   0.000514921
77   -0.414636   -0.41436   0.000508246
78   -0.40951   -0.414298   0.00050552
79   -0.417385   -0.414337   0.000500629
80   -0.423086   -0.414447   0.000506173
81   -0.416407   -0.414471   0.000500502
82   -0.414212   -0.414468   0.000494408
83   -0.411829   -0.414436   0.000489473
84   -0.419487   -0.414496   0.000487325
85   -0.419664   -0.414557   0.000485369
86   -0.42387   -0.414665   0.000491657
87   -0.41702   -0.414692   0.00048675
88   -0.412944   -0.414672   0.000481624
89   -0.416452   -0.414692   0.000476627
90   -0.407836   -0.414616   0.000477381
91   -0.422522   -0.414703   0.000479975
92   -0.409284   -0.414644   0.000478358
93   -0.409177   -0.414585   0.000476813
94   -0.413316   -0.414572   0.000471932
95   -0.411971   -0.414544   0.000467758
96   -0.413324   -0.414532   0.000463058
97   -0.409494   -0.41448   0.000461187
98   -0.414423   -0.414479   0.000456481
99   -0.414003   -0.414474   0.000451896
100   -0.413812   -0.414468   0.000447426
