1   0.0492045   0.0492045   0
2   0.0487643   0.0489844   0.000155629
3   0.048937   0.0489686   0.000104551
4   0.0493185   0.0490561   0.000109023
5   0.0495453   0.0491539   0.000123556
6   0.0490428   0.0491354   0.000104341
7   0.0489271   0.0491056   9.35812e-05
8   0.0494377   0.0491472   9.06198e-05
9   0.0493632   0.0491712   8.36709e-05
10   0.0485831   0.0491124   9.37168e-05
11   0.0488321   0.0490869   8.85921e-05
12   0.0492685   0.049102   8.24921e-05
13   0.0496577   0.0491448   8.65154e-05
14   0.0493178   0.0491571   8.12141e-05
15   0.0494701   0.049178   7.84349e-05
16   0.0489994   0.0491668   7.43227e-05
17   0.0491636   0.0491666   6.9951e-05
18   0.0491452   0.0491654   6.6075e-05
19   0.0486862   0.0491402   6.72405e-05
20   0.0486754   0.049117   6.77754e-05
21   0.0493678   0.0491289   6.55919e-05
22   0.0488158   0.0491147   6.41364e-05
23   0.0487407   0.0490984   6.33752e-05
24   0.0486604   0.0490802   6.33081e-05
25   0.0491835   0.0490843   6.09106e-05
26   0.0487037   0.0490697   6.0301e-05
27   0.0492055   0.0490747   5.82771e-05
28   0.0489464   0.0490701   5.63756e-05
29   0.0494268   0.0490824   5.57573e-05
30   0.0493006   0.0490897   5.4371e-05
31   0.0487545   0.0490789   5.36818e-05
32   0.0492482   0.0490842   5.22643e-05
33   0.0491666   0.0490867   5.07402e-05
34   0.0490752   0.0490863   4.92489e-05
35   0.0489628   0.0490828   4.79682e-05
36   0.0486139   0.0490698   4.83719e-05
37   0.0489149   0.0490656   4.72453e-05
38   0.0499701   0.0490894   5.16513e-05
39   0.0482024   0.0490667   5.51076e-05
40   0.0488029   0.0490601   5.41229e-05
41   0.0487689   0.049053   5.32668e-05
42   0.0486536   0.0490434   5.28403e-05
43   0.0488933   0.04904   5.17267e-05
44   0.0487818   0.0490341   5.08829e-05
45   0.049222   0.0490383   4.99232e-05
46   0.0489375   0.0490361   4.8886e-05
47   0.0488851   0.0490329   4.79512e-05
48   0.0490659   0.0490336   4.69572e-05
49   0.0494501   0.0490421   4.67619e-05
50   0.0490849   0.0490429   4.58345e-05
51   0.0496654   0.0490551   4.65326e-05
52   0.0482992   0.0490406   4.78546e-05
53   0.0489687   0.0490392   4.69709e-05
54   0.0485323   0.0490298   4.70296e-05
55   0.0486167   0.0490223   4.67705e-05
56   0.0486782   0.0490162   4.63373e-05
57   0.0489731   0.0490154   4.55305e-05
58   0.0490574   0.0490161   4.47513e-05
59   0.0489798   0.0490155   4.3997e-05
60   0.0491621   0.049018   4.33315e-05
61   0.0490028   0.0490177   4.26218e-05
62   0.0490428   0.0490181   4.19363e-05
63   0.0498479   0.0490313   4.32896e-05
64   0.0495569   0.0490395   4.33853e-05
65   0.0493139   0.0490437   4.29228e-05
66   0.0487126   0.0490387   4.25647e-05
67   0.0493873   0.0490439   4.22462e-05
68   0.0492182   0.0490465   4.17025e-05
69   0.0490344   0.0490463   4.10985e-05
70   0.0493097   0.0490501   4.06833e-05
71   0.04909   0.0490506   4.01142e-05
72   0.049187   0.0490525   3.96017e-05
73   0.0493613   0.0490568   3.92845e-05
74   0.0496048   0.0490642   3.94455e-05
75   0.0486078   0.0490581   3.93861e-05
76   0.0494129   0.0490627   3.91436e-05
77   0.0490111   0.0490621   3.8641e-05
78   0.0488083   0.0490588   3.82823e-05
79   0.0491226   0.0490596   3.78062e-05
80   0.0493726   0.0490635   3.75356e-05
81   0.0489191   0.0490618   3.71145e-05
82   0.0487617   0.0490581   3.68418e-05
83   0.0492796   0.0490608   3.64944e-05
84   0.0488254   0.049058   3.61674e-05
85   0.0484872   0.0490513   3.63598e-05
86   0.0488349   0.0490487   3.6024e-05
87   0.0495973   0.049055   3.61576e-05
88   0.0490055   0.0490545   3.57511e-05
89   0.0493419   0.0490577   3.5495e-05
90   0.0491842   0.0490591   3.51284e-05
91   0.0484988   0.049053   3.52779e-05
92   0.0490119   0.0490525   3.48973e-05
93   0.0496126   0.0490585   3.50378e-05
94   0.0492575   0.0490606   3.4729e-05
95   0.0487661   0.0490575   3.45015e-05
96   0.0496913   0.0490641   3.4768e-05
97   0.0494412   0.049068   3.46262e-05
98   0.0493577   0.049071   3.43987e-05
99   0.0486733   0.049067   3.4285e-05
100   0.0489325   0.0490656   3.39685e-05
