1   -7.55808   -7.55808   0
2   -7.54056   -7.54932   0.00619496
3   -7.57442   -7.55769   0.00798373
4   -7.5525   -7.55639   0.00609225
5   -7.54171   -7.55345   0.00553651
6   -7.55727   -7.55409   0.00465009
7   -7.52802   -7.55036   0.00527015
8   -7.54475   -7.54966   0.00465784
9   -7.55102   -7.54981   0.00414273
10   -7.55505   -7.55034   0.00376136
11   -7.55139   -7.55043   0.00342064
12   -7.53882   -7.54946   0.00326953
13   -7.54846   -7.54939   0.00301894
14   -7.55016   -7.54944   0.0028038
15   -7.56212   -7.55029   0.00274129
16   -7.55553   -7.55062   0.00258949
17   -7.5531   -7.55076   0.0024413
18   -7.56926   -7.55179   0.00251275
19   -7.55575   -7.552   0.00238911
20   -7.53305   -7.55105   0.00245032
21   -7.55067   -7.55103   0.0023337
22   -7.54123   -7.55059   0.00226974
23   -7.56121   -7.55105   0.00221754
24   -7.52802   -7.55009   0.0023234
25   -7.5691   -7.55085   0.00235157
26   -7.54459   -7.55061   0.00227343
27   -7.56884   -7.55128   0.00228734
28   -7.55533   -7.55143   0.0022102
29   -7.55062   -7.5514   0.00213417
30   -7.54233   -7.5511   0.00208432
31   -7.53821   -7.55068   0.00205816
32   -7.55278   -7.55075   0.00199488
33   -7.53732   -7.55034   0.0019755
34   -7.56158   -7.55067   0.00194484
35   -7.53517   -7.55023   0.00193902
36   -7.54612   -7.55011   0.00188851
37   -7.55128   -7.55015   0.00183773
38   -7.52218   -7.54941   0.00193108
39   -7.5586   -7.54965   0.0018959
40   -7.54626   -7.54956   0.00185039
41   -7.5656   -7.54995   0.00184614
42   -7.54825   -7.54991   0.00180263
43   -7.52352   -7.5493   0.00186228
44   -7.55557   -7.54944   0.00182541
45   -7.53217   -7.54906   0.00182475
46   -7.55921   -7.54928   0.00179837
47   -7.52605   -7.54878   0.00182674
48   -7.53435   -7.54848   0.00181327
49   -7.53083   -7.54812   0.00181172
50   -7.54034   -7.54797   0.00178215
51   -7.54214   -7.54785   0.00175087
52   -7.55285   -7.54795   0.00171983
53   -7.55004   -7.54799   0.00168783
54   -7.56434   -7.54829   0.00168353
55   -7.55426   -7.5484   0.00165642
56   -7.54827   -7.5484   0.00162684
57   -7.54672   -7.54837   0.00159856
58   -7.53687   -7.54817   0.00158326
59   -7.5509   -7.54822   0.0015571
60   -7.55127   -7.54827   0.00153198
61   -7.54471   -7.54821   0.00150798
62   -7.54809   -7.54821   0.00148366
63   -7.55118   -7.54825   0.00146086
64   -7.54105   -7.54814   0.00144236
65   -7.54723   -7.54813   0.00142023
66   -7.55346   -7.54821   0.00140101
67   -7.53609   -7.54803   0.00139173
68   -7.55593   -7.54814   0.00137611
69   -7.54326   -7.54807   0.00135799
70   -7.53245   -7.54785   0.0013568
71   -7.54334   -7.54779   0.00133917
72   -7.56533   -7.54803   0.00134257
73   -7.53357   -7.54783   0.00133871
74   -7.52306   -7.5475   0.00136182
75   -7.5494   -7.54752   0.0013439
76   -7.52571   -7.54723   0.00135653
77   -7.54965   -7.54727   0.00133927
78   -7.54296   -7.54721   0.00132324
79   -7.54913   -7.54724   0.00130671
80   -7.55286   -7.54731   0.00129227
81   -7.51153   -7.54686   0.00134967
82   -7.55015   -7.5469   0.00133381
83   -7.53403   -7.54675   0.00132673
84   -7.55159   -7.54681   0.00131219
85   -7.53643   -7.54668   0.00130242
86   -7.55756   -7.54681   0.0012934
87   -7.53096   -7.54663   0.0012913
88   -7.55368   -7.54671   0.00127911
89   -7.52654   -7.54648   0.00128465
90   -7.53838   -7.54639   0.00127353
91   -7.54749   -7.5464   0.00125959
92   -7.55276   -7.54647   0.00124779
93   -7.55946   -7.54661   0.00124217
94   -7.57014   -7.54686   0.00125392
95   -7.52636   -7.54665   0.00125915
96   -7.55502   -7.54674   0.00124905
97   -7.51304   -7.54639   0.00128357
98   -7.53122   -7.54623   0.00127976
99   -7.54637   -7.54623   0.00126683
100   -7.53519   -7.54612   0.00125897
