1   1.49082   1.49082   0
2   1.52308   1.50695   0.0114046
3   1.33209   1.44866   0.0481927
4   1.39834   1.43608   0.0377511
5   1.50854   1.45057   0.0328651
6   1.357   1.43498   0.0308672
7   1.40026   1.43002   0.026853
8   1.44288   1.43162   0.0235445
9   1.44848   1.4335   0.0210028
10   1.47597   1.43774   0.0193271
11   1.17995   1.41431   0.0284257
12   1.40457   1.4135   0.0260685
13   1.35627   1.40909   0.0244321
14   1.39852   1.40834   0.0226986
15   1.33441   1.40341   0.0217139
16   1.25443   1.3941   0.0222637
17   1.62703   1.4078   0.0248147
18   1.33246   1.40362   0.0237865
19   1.46883   1.40705   0.0227809
20   1.43814   1.4086   0.0216948
21   1.37256   1.40689   0.0207295
22   1.53977   1.41293   0.0206485
23   1.47742   1.41573   0.0199402
24   1.38086   1.41428   0.0191622
25   1.42349   1.41465   0.0183993
26   1.4832   1.41728   0.0178796
27   1.30679   1.41319   0.0176795
28   1.28592   1.40865   0.0176227
29   1.37975   1.40765   0.0170431
30   1.42965   1.40838   0.0164908
31   1.58492   1.41408   0.0169136
32   1.33197   1.41151   0.0165785
33   1.33946   1.40933   0.0162193
34   1.44718   1.41044   0.0157804
35   1.43703   1.4112   0.0153478
36   1.334   1.40906   0.0150706
37   1.40187   1.40886   0.0146645
38   1.46309   1.41029   0.0143479
39   1.53208   1.41341   0.0143158
40   1.36177   1.41212   0.014016
41   1.33097   1.41014   0.0138132
42   1.41096   1.41016   0.0134843
43   1.36781   1.40918   0.0132066
44   1.48794   1.41097   0.0130272
45   1.52362   1.41347   0.0129761
46   1.4035   1.41325   0.0126958
47   1.30558   1.41096   0.0126307
48   1.30855   1.40883   0.0125465
49   1.41063   1.40887   0.0122905
50   1.40126   1.40871   0.0120456
51   1.25788   1.40576   0.0121671
52   1.28129   1.40336   0.0121662
53   1.42001   1.40368   0.0119407
54   1.24555   1.40075   0.0120733
55   1.31868   1.39926   0.0119457
56   1.32473   1.39792   0.0118062
57   1.51063   1.3999   0.0117635
58   1.44062   1.4006   0.0115816
59   1.4495   1.40143   0.0114149
60   1.28751   1.39953   0.0113815
61   1.34771   1.39868   0.0112266
62   1.32213   1.39745   0.0111132
63   1.29617   1.39584   0.0110525
64   1.42846   1.39635   0.0108915
65   1.35559   1.39572   0.010742
66   1.55522   1.39814   0.0108477
67   1.44639   1.39886   0.0107097
68   1.32999   1.39785   0.0105999
69   1.29257   1.39632   0.0105556
70   1.49764   1.39777   0.0105035
71   1.30952   1.39653   0.0104289
72   1.29671   1.39514   0.0103758
73   1.42587   1.39556   0.0102422
74   1.34025   1.39481   0.010131
75   1.21242   1.39238   0.0102837
76   1.33444   1.39162   0.0101766
77   1.29664   1.39039   0.0101189
78   1.37519   1.39019   0.00999102
79   1.36955   1.38993   0.00986797
80   1.4041   1.39011   0.00974621
81   1.35441   1.38967   0.00963585
82   1.34426   1.38911   0.00953423
83   1.39666   1.3892   0.0094198
84   1.34071   1.38863   0.00932533
85   1.45022   1.38935   0.00924373
86   1.24679   1.38769   0.0092837
87   1.44724   1.38838   0.00920219
88   1.44109   1.38898   0.00911709
89   1.49396   1.39016   0.00909064
90   1.44053   1.39072   0.00900685
91   1.34647   1.39023   0.00892099
92   1.3094   1.38935   0.00886719
93   1.39497   1.38941   0.00877205
94   1.26642   1.3881   0.00877577
95   1.5675   1.38999   0.00888424
96   1.15574   1.38755   0.00912063
97   1.36146   1.38728   0.00903056
98   1.47751   1.3882   0.00898523
99   1.30877   1.3874   0.00893022
100   1.29483   1.38648   0.00888877
