1   7.52559   7.52559   0
2   7.62967   7.57763   0.0367974
3   7.4337   7.52966   0.0462206
4   7.56107   7.53751   0.0353262
5   7.61362   7.55273   0.0313698
6   7.53761   7.55021   0.0262425
7   7.69549   7.57097   0.0295826
8   7.60076   7.57469   0.0261183
9   7.573   7.5745   0.0232169
10   7.5507   7.57212   0.0210169
11   7.56722   7.57168   0.019111
12   7.63247   7.57674   0.0181775
13   7.58077   7.57705   0.0167819
14   7.56609   7.57627   0.0156014
15   7.50932   7.57181   0.0151864
16   7.54488   7.57012   0.0143302
17   7.55295   7.56911   0.0135228
18   7.47082   7.56365   0.0138302
19   7.54083   7.56245   0.0131543
20   7.6697   7.56781   0.0135456
21   7.57362   7.56809   0.0129034
22   7.6242   7.57064   0.0125664
23   7.51546   7.56824   0.0122469
24   7.69383   7.57347   0.0128059
25   7.47172   7.5694   0.0129242
26   7.60231   7.57067   0.012489
27   7.47138   7.56699   0.0125561
28   7.54071   7.56605   0.0121427
29   7.57319   7.5663   0.0117265
30   7.62213   7.56816   0.0114824
31   7.63673   7.57037   0.011323
32   7.55976   7.57004   0.010974
33   7.652   7.57253   0.0109189
34   7.51047   7.5707   0.0107492
35   7.65532   7.57312   0.0107105
36   7.59747   7.57379   0.0104344
37   7.57276   7.57377   0.0101524
38   7.73187   7.57793   0.0107039
39   7.52664   7.57661   0.0105099
40   7.59092   7.57697   0.0102532
41   7.49024   7.57485   0.010219
42   7.58817   7.57517   0.00998063
43   7.72191   7.57858   0.0103154
44   7.54037   7.57771   0.0101175
45   7.67296   7.57983   0.0101116
46   7.52248   7.57858   0.00996837
47   7.70949   7.58137   0.0101379
48   7.66095   7.58303   0.0100614
49   7.68011   7.58501   0.0100492
50   7.62708   7.58585   0.00988341
51   7.6212   7.58654   0.00971389
52   7.55956   7.58602   0.00954094
53   7.56977   7.58572   0.00936585
54   7.49533   7.58404   0.00934079
55   7.55324   7.58348   0.00918774
56   7.58479   7.58351   0.0090237
57   7.59209   7.58366   0.00886665
58   7.64937   7.58479   0.00878586
59   7.5719   7.58457   0.00863966
60   7.57035   7.58434   0.00849892
61   7.6077   7.58472   0.00836822
62   7.58456   7.58472   0.00823325
63   7.5666   7.58443   0.00810758
64   7.62688   7.58509   0.00800798
65   7.59431   7.58523   0.00788604
66   7.55451   7.58477   0.00778028
67   7.65575   7.58583   0.00773596
68   7.53744   7.58512   0.00765484
69   7.61018   7.58548   0.00755252
70   7.67711   7.58679   0.00755722
71   7.61217   7.58715   0.00745924
72   7.49374   7.58585   0.00746759
73   7.66365   7.58691   0.00744095
74   7.72229   7.58874   0.00756194
75   7.57771   7.5886   0.00746255
76   7.70642   7.59015   0.00752366
77   7.57961   7.59001   0.00742719
78   7.61702   7.59036   0.00734004
79   7.57927   7.59022   0.00724847
80   7.56305   7.58988   0.00716581
81   7.78237   7.59225   0.007461
82   7.57148   7.592   0.00737432
83   7.66047   7.59282   0.00733147
84   7.56908   7.59254   0.00724964
85   7.6526   7.59325   0.00719869
86   7.53245   7.59254   0.00714962
87   7.67456   7.59348   0.00712932
88   7.55302   7.59302   0.00706312
89   7.70241   7.59425   0.00708989
90   7.63648   7.59472   0.00702662
91   7.58443   7.59461   0.00695032
92   7.55778   7.59421   0.00688629
93   7.52042   7.59342   0.0068578
94   7.46465   7.59205   0.0069203
95   7.70205   7.5932   0.00694365
96   7.55099   7.59276   0.00688523
97   7.77431   7.59464   0.00706406
98   7.67848   7.59549   0.00704359
99   7.59429   7.59548   0.00697245
100   7.65777   7.5961   0.0069305
