1   -5.44041   -5.44041   0
2   -5.44155   -5.44098   0.000401974
3   -5.48247   -5.45481   0.0112958
4   -5.45736   -5.45545   0.00848987
5   -5.44838   -5.45403   0.00690845
6   -5.47006   -5.45671   0.00625215
7   -5.4619   -5.45745   0.00540278
8   -5.45656   -5.45734   0.00472856
9   -5.45335   -5.45689   0.0042238
10   -5.45017   -5.45622   0.00385455
11   -5.50842   -5.46097   0.00572271
12   -5.46932   -5.46166   0.00528799
13   -5.47332   -5.46256   0.00495668
14   -5.46771   -5.46293   0.00461626
15   -5.48147   -5.46416   0.00447088
16   -5.49567   -5.46613   0.00460474
17   -5.43249   -5.46415   0.00474019
18   -5.46554   -5.46423   0.00447747
19   -5.46541   -5.46429   0.00424224
20   -5.46471   -5.46431   0.00403018
21   -5.46635   -5.46441   0.00383944
22   -5.44098   -5.46335   0.00380975
23   -5.43762   -5.46223   0.00380474
24   -5.47349   -5.4627   0.00367504
25   -5.4534   -5.46232   0.00354679
26   -5.44361   -5.4616   0.00348264
27   -5.49201   -5.46273   0.00353109
28   -5.48521   -5.46353   0.00349508
29   -5.46818   -5.46369   0.00337823
30   -5.46267   -5.46366   0.0032658
31   -5.43286   -5.46267   0.00330817
32   -5.47278   -5.46298   0.00321986
33   -5.4737   -5.46331   0.00313861
34   -5.45362   -5.46302   0.00305922
35   -5.4674   -5.46315   0.00297437
36   -5.48035   -5.46363   0.00292988
37   -5.46806   -5.46374   0.00285314
38   -5.45258   -5.46345   0.00279315
39   -5.45077   -5.46313   0.00274039
40   -5.46666   -5.46321   0.00267331
41   -5.47431   -5.46348   0.00262175
42   -5.46028   -5.46341   0.00256044
43   -5.47276   -5.46363   0.00251012
44   -5.4403   -5.4631   0.00250845
45   -5.44089   -5.4626   0.00250076
46   -5.47201   -5.46281   0.00245475
47   -5.48058   -5.46319   0.00243148
48   -5.47509   -5.46343   0.00239344
49   -5.46204   -5.4634   0.00234476
50   -5.45766   -5.46329   0.00230069
51   -5.48152   -5.46365   0.00228319
52   -5.48414   -5.46404   0.00227303
53   -5.46291   -5.46402   0.00223025
54   -5.49448   -5.46458   0.00225915
55   -5.47422   -5.46476   0.00222486
56   -5.47586   -5.46496   0.00219395
57   -5.442   -5.46455   0.0021921
58   -5.44882   -5.46428   0.00217104
59   -5.45722   -5.46416   0.00213754
60   -5.48376   -5.46449   0.00212672
61   -5.46975   -5.46458   0.00209361
62   -5.47618   -5.46476   0.00206819
63   -5.4757   -5.46494   0.00204263
64   -5.45447   -5.46477   0.00201725
65   -5.47672   -5.46496   0.00199456
66   -5.42921   -5.46442   0.00203657
67   -5.45626   -5.46429   0.00200981
68   -5.48436   -5.46459   0.0020018
69   -5.4836   -5.46487   0.00199167
70   -5.44329   -5.46456   0.00198692
71   -5.48876   -5.4649   0.00198798
72   -5.4835   -5.46516   0.00197708
73   -5.45055   -5.46496   0.00196009
74   -5.48572   -5.46524   0.00195359
75   -5.49041   -5.46557   0.00195616
76   -5.48317   -5.4658   0.00194407
77   -5.48677   -5.46608   0.0019378
78   -5.46542   -5.46607   0.00191298
79   -5.46676   -5.46608   0.00188878
80   -5.4679   -5.4661   0.00186531
81   -5.46734   -5.46611   0.00184234
82   -5.47606   -5.46624   0.00182387
83   -5.46292   -5.4662   0.00180233
84   -5.48153   -5.46638   0.0017901
85   -5.46372   -5.46635   0.00176931
86   -5.49086   -5.46663   0.00177155
87   -5.4551   -5.4665   0.00175614
88   -5.44866   -5.4663   0.00174784
89   -5.45159   -5.46613   0.001736
90   -5.45158   -5.46597   0.00172423
91   -5.47364   -5.46605   0.00170734
92   -5.48088   -5.46622   0.00169637
93   -5.47474   -5.46631   0.00168061
94   -5.49103   -5.46657   0.00168317
95   -5.43398   -5.46623   0.00170006
96   -5.50592   -5.46664   0.0017319
97   -5.4607   -5.46658   0.00171513
98   -5.43769   -5.46628   0.00172278
99   -5.48393   -5.46646   0.00171457
100   -5.47905   -5.46659   0.00170204
