0.471886   0.49189   -0.496144
-0.339718   -0.33635   -0.498498
0.488263   -0.320537   -0.3506
-0.340934   -0.493679   -0.339781
-0.189525   0.496174   0.49495
-0.00911825   -0.323923   0.496571
-0.177232   -0.342532   -0.339494
0.00825331   -0.484131   -0.321029
0.158368   0.495177   -0.494692
0.311121   -0.342159   0.484322
0.15824   -0.32251   -0.33496
0.337234   -0.492118   -0.333537
0.458381   -0.161556   0.497783
-0.304225   0.0125953   -0.48379
-0.470134   0.00563802   -0.324338
-0.328369   -0.155797   -0.326885
-0.167627   -0.165852   -0.494582
-0.0109648   -0.0169424   -0.499608
-0.146713   0.0102154   -0.329452
-0.0159413   -0.184181   -0.335685
0.153279   -0.145209   -0.478848
0.316589   -0.00952151   0.491787
0.183596   0.0139754   -0.324804
0.336226   -0.156671   -0.33439
0.498977   0.167664   -0.488371
-0.330905   0.319979   0.479787
-0.486034   0.340123   -0.319766
-0.309022   0.177017   -0.324046
-0.154846   0.168484   0.497714
-0.00426377   0.349524   -0.49897
-0.155268   0.333361   -0.317259
0.0185225   0.165557   -0.301032
0.147616   0.169247   -0.496163
0.319703   0.324168   0.497262
0.161685   0.340895   -0.32182
0.348702   0.153581   -0.324285
-0.499172   -0.494648   -0.162772
-0.32875   -0.331559   -0.166487
-0.499733   -0.32671   -0.0182997
-0.311758   0.493626   -0.0127092
-0.160628   -0.482889   -0.16035
0.0117149   -0.331387   -0.156089
-0.157106   -0.321699   -0.00333354
0.00142288   0.499183   0.00510728
0.183772   0.499622   -0.162134
0.334523   -0.314708   -0.174197
0.181467   -0.339725   0.0111355
0.331084   -0.498057   -0.000222679
0.498594   -0.156784   -0.166976
-0.31588   0.00144265   -0.150045
-0.490443   -0.00140366   0.00898258
-0.330413   -0.16273   0.00287602
-0.150511   -0.175771   -0.175961
0.0202646   -0.0110461   -0.173078
-0.145994   -0.00863974   -0.0249785
0.00795697   -0.166707   0.00966966
0.18568   -0.159603   -0.168987
0.351009   0.0240339   -0.158866
0.181284   -0.0024911   -0.005433
0.355699   -0.159764   0.012566
-0.496211   0.191913   -0.167218
-0.328767   0.342414   -0.162342
-0.490819   0.357671   -0.000377316
-0.344688   0.181093   -0.00172397
-0.173336   0.169496   -0.16789
0.00398665   0.343682   -0.155311
-0.167665   0.324097   -0.0100319
-0.00774563   0.174762   -0.0152641
0.165296   0.192304   -0.148375
0.351711   0.342006   -0.179151
0.174257   0.350848   0.00610729
0.359212   0.187742   0.0128726
-0.497537   -0.481323   0.151735
-0.321926   -0.31354   0.167356
-0.499053   -0.330245   0.349296
-0.341071   -0.489385   0.330113
-0.172273   -0.48858   0.144306
-0.00371137   -0.350661   0.166092
-0.184345   -0.345895   0.33531
-0.00229509   0.497234   0.338805
0.146815   -0.490515   0.168843
0.359558   -0.327666   0.170723
0.158992   -0.323012   0.328694
0.339666   -0.499239   0.322818
0.495007   -0.149444   0.188229
-0.337164   -0.0031591   0.171297
-0.48676   -0.00628766   0.356756
-0.334105   -0.162525   0.333196
-0.164823   -0.139663   0.151199
0.0265865   0.00564992   0.157897
-0.155571   -0.00204897   0.310132
-0.00148163   -0.166429   0.333797
0.160116   -0.159499   0.169572
0.344382   0.00346487   0.16075
0.160445   0.0178454   0.346392
0.320788   -0.162984   0.321632
0.499045   0.178988   0.161563
-0.325486   0.34459   0.164071
-0.495371   0.334553   0.336959
-0.331092   0.164233   0.311798
-0.165147   0.137097   0.139146
-0.0167049   0.341834   0.152167
-0.163535   0.334007   0.305501
-0.0030123   0.178748   0.310699
0.163116   0.171577   0.169787
0.305946   0.336501   0.17388
0.15865   0.364279   0.339626
0.353863   0.153274   0.341815
