31.6274
31.6236
29.3418
33.481
29.0786
32.7905
30.7981
26.7375
25.4142
28.3514
29.657
27.4784
29.3416
30.0302
26.3211
27.5358
25.482
24.5706
29.3409
23.7451
26.7621
24.81
24.7107
22.8553
26.6092
27.5611
25.5611
22.8654
18.6367
24.7138
24.262
23.3911
19.5475
21.4695
22.9047
21.3707
21.4791
22.6233
21.4128
25.3291
22.8016
20.019
22.8379
24.0406
23.3261
21.875
23.2748
18.3177
20.4987
18.769
20.9771
19.3984
18.4552
17.8365
18.0591
20.1134
19.3731
17.9245
15.9015
18.8273
18.7838
14.61
19.6038
16.5656
18.1369
15.4729
16.3143
19.6514
18.3107
14.4487
14.7721
17.1653
17.4064
15.4665
16.1433
14.0196
14.0261
15.2395
17.4862
14.3445
18.7837
17.1691
17.2862
12.7269
13.5861
13.5912
13.699
13.1665
14.0924
15.6099
17.4459
12.8875
14.9769
14.6742
12.9869
13.2654
15.4666
13.6622
13.0982
14.8515
13.9387
13.1658
12.3255
14.6269
13.478
12.6428
13.6911
12.2055
12.5047
12.7
12.1134
11.3903
12.4378
13.1809
11.733
12.952
12.3398
11.2131
10.8757
14.8496
12.2827
12.8463
12.1772
11.0015
12.4485
10.7852
10.3906
11.2852
11.9358
12.616
14.1451
11.8438
11.3756
11.2584
11.7736
10.934
10.3927
11.1973
11.7513
10.5014
11.6327
12.5148
11.3039
10.3226
12.907
10.854
11.331
11.248
11.2892
12.2088
10.816
10.5218
10.4889
10.6948
10.1401
9.68779
10.5869
11.996
10.826
9.70219
10.2756
11.7086
11.0718
11.5259
10.8629
10.3396
9.92789
9.99981
10.9433
9.75477
11.2165
11.1673
10.6053
10.5571
11.62
10.5789
10.013
10.9532
11.1194
10.0139
9.8163
10.6689
9.90886
10.0772
10.9761
10.2315
10.4096
9.78852
9.86818
10.1127
10.5099
10.8219
9.79973
9.56128
10.2666
10.6409
9.93486
10.5251
10.8822
10.9777
10.3818
10.4966
10.5586
9.3753
10.0573
9.2555
9.66389
9.87903
9.83269
10.1394
9.55228
10.009
10.1912
9.98661
9.33906
9.6928
9.77717
9.8415
10.2692
9.30634
9.64094
9.58378
10.1081
10.225
9.75925
9.30771
9.65671
9.70268
9.25612
9.48601
9.74904
9.09724
9.77391
9.87709
9.63767
9.489
9.38413
9.11939
9.63249
9.20659
9.56185
9.91298
9.84768
9.45821
9.38401
9.65764
9.27421
9.52085
9.05732
9.55218
9.6671
9.33837
9.14046
9.86416
9.41421
9.27728
9.88785
9.51312
9.24494
9.38172
9.0978
9.30203
9.12031
9.04896
10.0113
9.21053
9.4942
9.08497
9.27789
9.50127
9.67579
9.11284
9.38327
9.8048
9.87925
9.41499
9.3248
9.93389
9.51817
9.43736
9.64469
9.50214
9.18748
10.0242
9.64084
9.68796
9.93417
9.83401
9.58767
9.96957
9.40188
9.27204
9.28733
9.47481
9.15514
9.66125
9.34066
9.62381
9.52103
9.29695
9.17455
9.13522
9.18448
9.39526
9.03133
9.88998
9.43715
9.24873
9.70901
9.37261
9.05858
9.27035
9.44669
9.23084
9.03133
9.83194
9.16168
9.47128
9.14752
9.13801
9.2618
9.38663
9.21881
9.06774
9.52315
9.45604
9.25481
9.26411
9.15678
9.48996
9.20466
9.43761
9.30448
9.49604
9.32467
9.33842
9.05071
9.52987
9.25594
9.38667
9.07384
9.06386
9.12379
9.14762
9.1133
9.64825
9.2277
9.53779
9.05127
9.32153
9.49218
9.23966
9.03133
9.56859
9.26022
8.99599
9.14634
9.20338
9.0685
9.15999
9.4229
9.25104
9.26694
9.31374
9.16801
9.18854
9.0685
9.18813
9.20297
9.25527
9.10292
9.21652
9.21347
9.32442
9.05858
9.46644
9.48942
9.18854
9.20954
9.18526
9.11039
9.34313
9.16976
9.26657
9.09909
9.06774
9.33503
9.26222
9.16409
9.28766
9.40046
9.29638
9.14026
9.22539
9.06543
9.2719
9.11039
9.1609
9.08503
9.01245
9.12977
9.28134
9.23893
9.21944
9.30424
9.26081
8.9848
9.18328
9.25057
9.00126
9.33909
9.14636
9.05732
9.05071
9.25782
9.04739
9.05679
9.21047
9.42206
9.12158
9.12554
9.09206
9.21647
9.05898
9.09862
9.14269
9.04896
9.17645
9.09955
9.09031
9.21647
9.09862
9.05071
9.04739
9.11504
9.06386
9.14026
9.19447
9.05679
8.99599
9.24418
9.01245
9.19053
9.21814
9.11196
9.06949
9.14095
9.19068
9.2022
9.15999
9.41771
9.19888
9.05679
8.9848
9.13859
9.15594
9.15506
9.14032
9.10853
9.23067
8.99599
9.04252
9.11371
9.0261
9.12977
8.9848
9.18691
9.00126
9.05732
9.13801
9.1529
9.41329
9.05679
9.11371
9.26995
9.05858
9.17861
9.32825
9.14515
9.0685
9.04032
9.0478
9.07263
9.20189
9.04739
8.9848
9.10332
9.04256
9.05898
9.18105
9.21347
9.1609
9.03133
9.13795
9.04896
9.12158
9.07263
9.1683
9.07378
9.05302
9.00126
9.18748
9.0261
9.07263
9.07384
9.04252
9.144
9.14945
9.01245
9.1015
9.04739
8.99599
9.01245
9.14201
8.9848
9.00126
9.34521
8.99599
9.12802
9.25612
9.21093
9.0261
9.00126
9.03133
9.14026
9.15916
9.18691
9.08262
8.9848
8.9848
9.15506
9.12323
9.34948
8.99599
9.01245
8.9848
8.99599
8.99599
9.08497
9.08262
9.05732
9.12988
9.25358
9.16394
9.03133
9.07384
9.04252
9.09724
9.08909
9.0261
9.04739
9.06386
9.05858
9.04739
8.9848
9.12977
9.05071
9.05302
9.14634
9.0261
9.14269
9.11602
9.12379
9.13975
9.21535
9.18526
9.20247
9.2437
9.05679
9.08497
9.23922
9.06386
9.04739
9.05732
8.99599
8.9848
9.00126
9.00126
9.12937
9.07263
9.12802
9.04252
9.10385
8.9848
9.0261
9.13795
9.14584
9.09031
8.9848
9.03133
9.20276
9.13515
8.9848
9.22563
9.30116
8.99599
9.13975
9.07384
9.10385
8.9848
9.13629
9.15853
9.17207
9.0261
9.00126
9.35131
8.9848
9.05302
9.18399
9.13515
9.28299
9.34446
9.01245
9.1133
9.06386
9.11869
9.04252
9.11427
9.03133
9.06717
9.00126
9.05858
9.07263
9.04256
8.9848
9.15938
9.08503
9.0685
9.11602
9.12323
9.01245
9.01245
9.04896
9.03133
9.09206
9.01245
8.99599
9.1315
8.9848
9.06774
9.04739
8.99599
9.05732
9.11508
9.05732
9.04032
9.0685
9.10385
8.99599
9.0261
9.11284
9.09031
9.22738
9.12915
9.17774
9.0261
8.99599
9.11561
9.1529
9.13859
9.17421
9.18882
9.10385
9.11156
9.05127
9.00126
9.07263
9.05679
9.00126
8.99599
8.99599
9.00126
9.05127
9.23652
8.9848
9.04896
9.01245
9.05858
9.07263
9.0261
9.07263
9.04032
9.00126
9.06543
9.09955
9.11504
9.04252
9.0261
9.04032
9.23935
9.12937
9.05127
9.1846
9.08497
9.00126
9.05071
9.11939
9.15755
9.17112
9.00126
9.00126
9.11196
9.0978
9.13208
8.9848
9.05302
9.0261
9.15447
9.2277
9.0685
9.11196
9.14521
9.21053
8.99599
9.15938
9.04252
9.00126
9.04896
9.04032
9.15514
9.17207
9.13325
9.15983
8.99599
9.10385
9.01245
9.11039
9.26222
9.05127
9.01245
9.01245
8.9848
9.04256
9.04256
9.1604
9.09206
8.9848
9.03133
8.99599
9.01245
9.08497
9.0685
8.9848
9.08503
9.01245
9.0978
9.03133
8.9848
9.04252
9.01245
9.00126
9.11156
9.08497
9.00126
9.01245
8.99599
9.04256
9.08497
8.9848
8.99599
9.0261
9.0478
9.03133
8.99599
8.99599
9.04256
8.9848
9.12931
9.0685
9.1015
8.99599
8.99599
8.99599
9.06386
9.00126
9.10511
9.00126
9.00126
8.9848
9.12931
9.05858
8.99599
9.09031
9.04896
9.05127
9.0478
9.07378
8.9848
8.9848
9.10516
9.14521
9.05127
9.00126
9.11371
9.01245
9.03133
9.05071
9.13969
9.1853
9.05071
9.04256
9.04739
9.14515
8.9848
8.9848
9.04739
9.09955
9.05071
8.9848
9.04032
9.07384
8.9848
9.11387
8.9848
8.9848
9.01245
9.03133
9.04739
9.01245
8.99599
8.9848
9.04739
9.05127
9.11387
9.01245
9.04256
9.04739
9.11039
9.05127
9.14515
9.1587
9.21647
9.00126
9.09031
9.09724
9.07378
9.09955
8.9848
9.04252
9.08869
9.04032
9.03133
9.0261
9.06774
9.15916
9.04256
8.99599
9.04739
9.05071
9.0261
9.05127
9.05071
9.05858
9.05302
9.20354
9.09031
9.00126
8.9848
9.00126
9.09031
9.05127
8.99599
9.08262
9.1015
9.01245
8.99599
9.01245
9.0261
9.10385
9.09955
9.00126
8.99599
9.01245
8.99599
9.0478
9.04252
9.06717
9.04032
8.99599
9.05898
9.0261
9.04252
9.05732
8.99599
9.09724
9.01245
9.05302
9.14475
8.9848
9.0261
9.00126
9.08262
8.9848
9.10385
9.06774
9.01245
9.0685
8.99599
9.05732
9.0478
9.04252
9.11156
9.15388
9.144
8.9848
8.99599
8.99599
9.01245
9.11514
8.9848
9.07505
9.05071
9.07505
8.9848
9.00126
9.11602
9.03133
9.00126
8.99599
8.9848
9.10332
9.07378
8.99599
9.05679
9.10516
9.00126
8.9848
9.00126
9.06774
9.05071
9.05071
9.06543
9.10853
9.11196
8.99599
8.9848
9.0478
9.11427
9.05679
9.00126
9.08503
8.99599
9.0261
9.05679
9.04032
9.22944
9.04739
9.11039
9.14026
9.0261
9.01245
8.9848
9.0478
9.00126
8.99599
9.06386
9.04256
9.03133
9.05732
8.9848
9.00126
9.01245
8.9848
9.00126
9.04896
8.9848
9.14636
9.00126
9.05071
9.01245
9.0261
9.0261
9.07505
9.14269
9.0261
9.0261
9.05898
8.9848
9.05679
9.04252
9.07384
9.09955
9.04256
8.99599
9.06949
8.99599
9.11508
8.99599
9.15999
9.08262
9.04032
8.9848
9.0478
8.9848
8.9848
9.04032
9.00126
9.04252
9.09862
9.01245
9.04739
9.14971
9.03133
9.0685
9.05898
9.04252
8.9848
9.04256
8.9848
8.9848
9.08686
9.08686
8.9848
9.07384
9.13644
9.0261
9.00126
9.00126
9.05302
9.0261
9.11371
9.01245
9.05732
9.05071
9.11156
9.01245
8.9848
8.9848
9.04256
8.9848
9.16976
8.99599
8.9848
9.00126
9.00126
9.00126
8.9848
8.9848
9.05071
8.9848
9.08909
8.99599
8.99599
8.99599
8.99599
9.00126
9.00126
9.0261
9.05732
9.03133
9.03133
8.9848
8.9848
8.99599
8.9848
9.03133
8.9848
9.05898
9.04896
9.00126
9.04252
9.01245
8.99599
8.99599
9.01245
9.0261
8.99599
9.00126
9.01245
9.05858
9.00126
8.9848
9.05127
9.00126
8.9848
9.05732
8.9848
8.99599
8.99599
8.99599
9.08503
8.9848
9.0261
9.00126
9.04739
8.99599
9.07384
8.9848
9.0261
9.05127
9.03133
9.01245
8.9848
9.04739
8.9848
8.9848
9.00126
9.05732
9.03133
9.01245
8.99599
8.9848
9.00126
9.05732
9.00126
9.0261
9.0261
9.05679
8.99599
9.00126
9.01245
8.99599
9.0261
9.0261
9.05679
8.99599
8.9848
9.0261
9.00126
9.01245
8.9848
9.08909
9.05858
9.06717
9.00126
9.00126
9.04256
8.99599
8.99599
8.9848
9.05302
8.9848
9.04032
9.04252
9.06774
8.99599
8.99599
9.01245
8.9848
8.99599
9.15809
9.03133
9.00126
8.9848
8.9848
8.9848
8.9848
9.04252
8.99599
9.04256
9.06717
9.10385
9.01245
9.14201
9.04739
8.9848
8.99599
9.07384
8.99599
8.99599
9.0261
9.07384
8.9848
9.04739
9.00126
9.07505
9.00126
9.04256
8.9848
8.9848
9.05302
9.09724
9.00126
8.9848
8.99599
9.00126
9.04252
8.99599
8.99599
8.9848
9.00126
8.9848
9.00126
8.99599
8.99599
9.05732
8.9848
9.00126
9.0261
9.00126
8.9848
8.9848
9.0478
9.0478
8.99599
8.9848
8.9848
8.9848
9.03133
9.00126
8.99599
8.99599
9.0261
9.04032
8.9848
8.9848
8.9848
9.00126
9.07263
8.9848
8.9848
9.01245
8.9848
8.9848
9.05679
9.05071
9.0261
9.07263
9.00126
8.9848
9.00126
8.9848
8.9848
8.9848
8.99599
8.99599
9.00126
8.99599
8.9848
9.0261
8.99599
8.99599
8.9848
9.00126
9.00126
8.9848
9.00126
8.9848
9.04032
9.04252
8.9848
8.9848
9.00126
8.9848
9.04256
9.05898
8.99599
9.01245
8.9848
9.01245
8.9848
9.05127
8.99599
9.01245
8.9848
9.00126
8.9848
8.9848
9.11602
9.0478
8.99599
9.07384
9.01245
9.01245
9.05302
8.9848
9.04739
8.9848
9.00126
9.01245
9.01245
8.9848
8.9848
8.9848
8.9848
8.9848
9.00126
8.9848
9.04032
9.01245
8.99599
9.01245
8.9848
8.99599
9.01245
8.99599
8.9848
8.9848
9.05679
9.05732
9.03133
9.04032
9.04896
8.99599
9.08686
9.14515
8.99599
8.9848
8.9848
9.04739
8.9848
8.9848
8.99599
8.99599
9.04896
9.0685
9.00126
8.9848
8.99599
8.9848
8.9848
9.01245
8.9848
8.99599
8.9848
9.04032
8.99599
9.01245
8.99599
9.01245
9.04739
9.01245
9.05679
9.0261
8.99599
9.06386
8.9848
8.99599
8.9848
8.9848
9.0261
9.0261
9.01245
9.00126
9.00126
9.03133
9.04256
8.9848
9.06774
8.99599
9.01245
9.00126
8.9848
9.00126
8.9848
9.05898
9.00126
8.9848
9.00126
9.00126
9.06774
8.9848
8.9848
8.99599
8.99599
9.11561
8.9848
9.00126
9.00126
9.01245
9.00126
8.9848
8.99599
9.00126
8.9848
9.00126
9.01245
8.9848
8.99599
9.00126
8.9848
9.03133
9.00126
8.9848
9.0261
8.9848
9.10853
9.05302
9.04032
9.0261
9.00126
8.9848
8.9848
8.99599
8.9848
8.99599
9.0261
9.00126
9.04739
9.00126
8.9848
9.03133
9.00126
9.00126
8.9848
8.9848
8.9848
8.99599
9.01245
8.9848
8.99599
9.0261
9.05302
9.09549
8.9848
8.99599
8.99599
9.03133
9.00126
8.9848
8.99599
8.9848
8.99599
8.99599
9.0261
8.99599
8.99599
9.00126
8.99599
9.01245
8.9848
9.0261
8.9848
8.9848
9.0261
9.0478
9.01245
8.99599
8.99599
9.00126
8.9848
9.01245
9.05732
8.9848
8.9848
8.9848
9.01245
9.04032
9.01245
9.0261
8.9848
8.9848
8.9848
8.99599
9.03133
9.05732
9.01245
9.00126
9.01245
8.9848
9.00126
9.01245
9.10385
8.9848
8.9848
8.9848
9.0478
8.99599
9.05679
8.9848
8.99599
9.04896
9.00126
8.99599
9.07263
9.00126
8.9848
9.07378
8.9848
9.03133
9.07384
9.04252
8.9848
9.00126
8.9848
8.9848
9.04032
9.05898
8.9848
8.99599
9.01245
9.07378
8.9848
8.9848
8.99599
9.00126
9.00126
9.06717
9.06386
8.99599
8.9848
9.00126
9.0261
9.04032
8.9848
9.00126
8.9848
8.9848
9.05071
8.9848
