39.0326
38.8126
36.9992
37.8785
31.1421
34.1536
29.0731
33.2384
32.1317
26.9358
34.9594
35.6918
27.5385
34.1471
29.3369
33.3479
29.3497
29.2315
29.7115
34.9275
29.2781
30.4719
26.3428
24.26
26.3189
20.1106
21.7481
25.0538
19.2255
19.4162
21.3996
16.0235
22.2664
27.3861
22.2647
14.9144
17.4929
19.4368
21.5388
16.5302
22.326
18.533
18.4603
17.0754
12.2636
17.7957
15.821
19.4344
14.0948
15.456
12.3624
13.2295
13.6055
14.4479
10.214
15.1723
14.2545
13.6544
10.9703
11.9919
15.4949
13.0141
15.6414
15.8482
10.6027
12.1138
10.6234
12.9548
9.74279
13.0077
13.1356
14.719
10.5581
10.4677
10.5265
10.6763
10.8931
14.1005
10.4008
8.81301
11.9971
11.161
8.91161
10.7279
9.29965
10.5464
9.51683
9.17506
11.8978
9.2828
9.09485
8.69849
7.91937
7.6401
9.88733
8.94746
10.1491
9.17492
9.34821
7.89553
8.61242
10.9386
9.05146
10.239
8.8423
8.2305
8.61872
8.02683
8.48321
9.52341
9.29822
8.6852
7.69264
9.78134
9.32254
8.71254
8.70464
9.69965
8.97619
8.59264
8.17267
10.385
7.76033
9.95986
7.61616
8.09993
8.11308
7.91049
8.88105
8.54632
8.84055
9.26528
7.64057
8.01244
8.27502
7.62527
9.32882
9.36599
7.96656
7.73501
8.21534
7.76451
8.01306
7.47738
8.06855
7.4797
8.97658
8.16505
7.12907
9.20022
8.09217
7.25154
8.4941
7.94888
9.13031
8.50027
8.03421
7.32636
8.05472
8.30543
7.30237
7.76868
7.4975
7.71898
7.32297
7.44139
7.61174
6.9352
7.34001
8.65991
8.65403
7.08138
8.65238
8.62511
8.32762
7.73847
7.14183
7.39789
6.70236
6.8868
7.30483
7.86291
7.5688
7.36425
6.89812
7.9327
6.75989
7.57973
7.67655
6.9283
7.54038
6.75075
7.99915
8.06651
7.18322
7.36214
7.61687
7.71309
7.44043
7.46288
7.06484
7.17974
7.91026
6.88644
6.84591
7.15464
7.32886
6.50464
7.68948
7.07407
7.1438
7.8713
7.12423
7.21202
6.8643
6.93764
7.41271
6.48662
6.55605
6.94187
6.67485
6.72334
6.46531
6.65412
7.25771
7.34744
6.92814
6.41338
6.82601
7.05584
7.01274
7.97626
7.62715
6.96099
6.75828
6.92657
6.99759
7.20202
7.25074
6.51954
6.83973
7.13711
7.25918
6.99237
6.6234
6.93204
6.91532
7.13243
6.91604
6.49358
6.48082
7.10581
6.8503
7.35535
6.612
7.5935
7.24038
6.33246
6.62419
7.13223
7.00519
7.46021
6.42526
7.0887
7.12493
6.5064
7.52426
6.70964
6.46675
6.75736
7.16967
6.63719
6.6861
6.69288
6.80925
6.83365
6.85533
7.16684
7.47444
7.02404
6.57326
6.34417
6.44182
6.61312
6.50859
7.16573
6.34517
6.61108
6.58797
6.67297
6.61401
6.79415
6.47944
6.23009
7.35282
7.16841
6.47538
6.48149
7.15939
6.35938
6.37943
6.24035
7.08833
6.25708
6.42174
6.52824
6.43812
6.83606
6.35128
6.21777
6.62305
6.70263
6.53808
6.67859
6.90658
7.3021
6.33774
6.45088
6.37596
6.58875
6.61054
6.27411
6.90861
6.72793
6.44119
6.54086
6.55504
7.03484
6.33593
6.33052
6.72394
6.3151
6.32623
6.79128
7.37875
6.25141
6.42126
6.40878
6.42494
7.10716
7.03109
6.59338
6.45043
6.45657
6.26215
6.22537
6.29352
6.67894
6.45288
6.30055
6.28081
6.35119
6.38658
6.48212
6.34245
6.67694
6.73528
6.42006
6.86848
6.38412
6.50638
6.41114
6.48299
6.60838
6.43799
6.28906
6.20292
6.51647
6.32397
6.42952
6.47439
6.52551
6.43521
6.3724
6.97775
6.48927
6.71806
6.46475
6.41013
6.5079
6.31528
6.60405
6.55068
6.6122
6.53763
6.45517
6.37354
6.55439
6.30784
6.2253
6.69599
6.25962
6.30444
6.94496
6.5777
7.03313
6.53863
6.95559
6.64928
6.31506
6.30299
6.40486
6.40829
6.3046
6.6289
6.48811
6.53126
6.5839
6.25862
6.44569
6.4504
6.53962
6.28102
6.83922
6.38575
6.51301
6.36821
6.32371
6.40896
6.47824
6.34432
6.4139
6.40614
6.55573
6.29884
6.33285
6.46604
6.33572
6.1849
6.51627
6.52831
6.35287
6.28272
6.34415
6.42877
6.3123
6.62182
6.57902
6.51707
6.46996
6.35694
6.65819
7.06315
6.31569
6.63846
6.46203
6.65853
6.31536
6.36881
6.29412
6.39836
6.21341
6.2897
6.33659
6.40595
6.30743
6.18195
6.46341
6.3316
6.26197
6.25984
6.49846
6.60085
6.54901
6.26806
6.31007
6.41051
6.33165
6.44251
6.29081
6.35241
6.7449
6.47694
6.24596
6.50994
6.61809
6.37798
6.37346
6.46268
6.23739
6.39683
6.18162
6.25141
6.61741
6.42277
6.25995
6.69214
6.31977
6.32885
6.37935
6.44216
6.50061
6.34164
6.58524
6.35253
6.38631
6.45347
6.39507
6.35187
6.44165
6.63377
6.29982
6.58229
6.28347
6.34661
6.5418
6.24672
6.34165
6.69384
6.4097
6.42834
6.31677
6.24527
6.26884
6.31506
6.34262
6.43402
6.25962
6.32975
6.2165
6.31343
6.40668
6.37338
6.36506
6.49078
6.30006
6.33515
6.40785
6.40372
6.63726
6.28411
6.31561
6.38786
6.41354
6.3673
6.27838
6.33205
6.34658
6.36349
6.26132
6.48788
6.25962
6.52975
6.47127
6.28081
6.53306
6.22471
6.33247
6.2723
6.60698
6.39782
6.30167
6.27512
6.27838
6.35146
6.1968
6.33567
6.47715
6.28377
6.57925
6.34291
6.50664
6.32235
6.52644
6.34695
6.24278
6.30354
6.49598
6.37109
6.35479
6.41813
6.15279
6.59073
6.33922
6.4516
6.35235
6.18195
6.28313
6.53585
6.20292
6.435
6.40877
6.25132
6.18195
6.2799
6.31564
6.2688
6.24858
6.26018
6.42207
6.26313
6.24898
6.48633
6.47188
6.25709
6.34798
6.44957
6.27983
6.45082
6.24535
6.32292
6.2897
6.44284
6.34447
6.40367
6.18195
6.21719
6.37746
6.29783
6.367
6.22826
6.25139
6.39521
6.24828
6.37596
6.34842
6.38929
6.45149
6.22953
6.2253
6.24898
6.29508
6.34695
6.26806
6.21719
6.41237
6.23102
6.1849
6.28906
6.18766
6.24795
6.18733
6.33234
6.415
6.35217
6.25132
6.31643
6.22953
6.21719
6.30129
6.30261
6.37288
6.18162
6.23739
6.37508
6.24002
6.37227
6.29417
6.23102
6.27739
6.29352
6.21912
6.32449
6.25199
6.18195
6.34258
6.43228
6.15312
6.15279
6.2602
6.29287
6.24672
6.33654
6.64341
6.15279
6.25986
6.18766
6.26913
6.38474
6.46711
6.31524
6.23735
6.24601
6.24627
6.37972
6.34432
6.29253
6.27157
6.2602
6.21341
6.24042
6.21945
6.2165
6.36386
6.31536
6.34226
6.24569
6.35587
6.2165
6.28115
6.19588
6.3013
6.24825
6.32346
6.30173
6.4481
6.36619
6.31517
6.35838
6.24634
6.24311
6.28347
6.30327
6.23701
6.37177
6.23739
6.45938
6.22438
6.36451
6.21719
6.48758
6.28804
6.21494
6.28272
6.28944
6.21686
6.23009
6.21341
6.25174
6.31562
6.31827
6.21494
6.17376
6.23135
6.31781
6.17409
6.21719
6.31789
6.17376
6.31293
6.19588
6.43943
6.30178
6.23923
6.28015
6.19647
6.32077
6.27096
6.34277
6.21945
6.28836
6.28875
6.20555
6.15312
6.24626
6.25802
6.18457
6.34447
6.50386
6.21686
6.1849
6.2456
6.39618
6.23735
6.38029
6.20823
6.28969
6.2719
6.25953
6.22471
6.29749
6.44217
6.27994
6.42193
6.22498
6.33671
6.2716
6.24825
6.31852
6.35694
6.30783
6.21744
6.17409
6.27982
6.21652
6.28061
6.25141
6.25611
6.24528
6.22471
6.28083
6.18733
6.35874
6.24825
6.32292
6.34291
6.23009
6.2602
6.18195
6.24561
6.34418
6.27229
6.28837
6.32244
6.18457
6.15312
6.30096
6.23701
6.24639
6.15312
6.19647
6.23701
6.24528
6.25799
6.21945
6.25232
6.23009
6.35546
6.37313
6.28804
6.31597
6.30335
6.33642
6.28964
6.32292
6.27288
6.15312
6.31326
6.24561
6.38233
6.23956
6.34694
6.35245
6.1968
6.40638
6.28015
6.2292
6.23923
6.18195
6.1968
6.18195
6.40885
6.24634
6.21341
6.22563
6.3239
6.27868
6.28944
6.25106
6.36506
6.36154
6.25831
6.21652
6.24626
6.28623
6.25985
6.26737
6.15279
6.33433
6.32411
6.18457
6.18733
6.27411
6.24009
6.24527
6.24602
6.31281
6.35192
6.37653
6.27129
6.1968
6.31441
6.23702
6.28935
6.23135
6.35574
6.19647
6.24865
6.21719
6.2292
6.24009
6.28837
6.36681
6.20823
6.24898
6.20259
6.2253
6.33522
6.24561
6.28678
6.20856
6.56788
6.30368
6.18162
6.47114
6.22563
6.21777
6.29163
6.1968
6.28102
6.33067
6.18766
6.21685
6.37468
6.18162
6.34625
6.15312
6.30093
6.1849
6.27982
6.25986
6.18195
6.24596
6.25953
6.25984
6.20823
6.26926
6.20588
6.22498
6.26905
6.25926
6.27229
6.29884
6.28074
6.24601
6.17409
6.15312
6.15312
6.15312
6.23135
6.18733
6.18162
6.18162
6.1968
6.15312
6.15312
6.2968
6.35335
6.27411
6.24528
6.24035
6.2975
6.24035
6.20555
6.28052
6.25897
6.18457
6.17409
6.22504
6.2602
6.26132
6.19647
6.2577
6.21341
6.20555
6.22563
6.25415
6.29041
6.28347
6.22826
6.18457
6.20259
6.33024
6.18195
6.15279
6.36525
6.22471
6.38412
6.37346
6.32393
6.22537
6.21652
6.26913
6.20292
6.20588
6.25741
6.15279
6.25741
6.2716
6.18457
6.34683
6.25199
6.1849
6.15279
6.28081
6.1968
6.19647
6.24568
6.15279
6.29788
6.22498
6.2466
6.20588
6.18733
6.18457
6.19588
6.30112
6.28904
6.21719
6.25893
6.35253
6.17376
6.3153
6.24528
6.15279
6.15312
6.21719
6.19588
6.21652
6.39712
6.24568
6.36451
6.18457
6.1968
6.36033
6.19647
6.22531
6.30444
6.20863
6.15279
6.15312
6.22563
6.24898
6.17376
6.22537
6.31634
6.35146
6.17409
6.15312
6.15279
6.18766
6.25139
6.24561
6.23706
6.23102
6.25985
6.32971
6.23923
6.29163
6.24528
6.18162
6.2456
6.17376
6.15312
6.24009
6.1849
6.1968
6.23471
6.15312
6.24639
6.27834
6.25802
6.30972
6.17376
6.26806
6.29224
6.27781
6.32332
6.17376
6.18195
6.23591
6.17376
6.15312
6.32296
6.19555
6.1849
6.15312
6.18733
6.23558
6.17409
6.19647
6.24009
6.295
6.24948
6.21374
6.18195
6.24568
6.35345
6.17376
6.15279
6.17409
6.15279
6.24948
6.20292
6.25742
6.19647
6.21341
6.29385
6.19588
6.30265
6.19647
6.21461
6.27708
6.25708
6.26839
6.15279
6.20856
6.18766
6.1968
6.19588
6.17376
6.30149
6.15312
6.28837
6.20856
6.15312
6.22438
6.15279
6.19647
6.24923
6.3006
6.30713
6.15279
6.2253
6.25742
6.18195
6.32013
6.29099
6.28081
6.20292
6.32371
6.1849
6.17409
6.18162
6.1849
6.18195
6.25737
6.2688
6.20555
6.24042
6.15312
6.19647
6.19647
6.18733
6.23438
6.22537
6.18195
6.21777
6.32259
6.24828
6.1849
6.21686
6.20823
6.17376
6.24596
6.21686
6.15312
6.15279
6.15279
6.17409
6.18162
6.23591
6.28377
6.19555
6.15312
6.24661
6.32383
6.15279
6.15279
6.22761
6.30146
6.18733
6.20588
6.2292
6.15279
6.17376
6.20588
6.27046
6.31822
6.3164
6.15312
6.20555
6.18195
6.24377
6.20292
6.24561
6.15279
6.15312
6.25798
6.22826
6.17376
6.20555
6.17409
6.2253
6.18162
6.21616
6.20555
6.15279
6.15312
6.24527
6.23471
6.24915
6.23701
6.19588
6.15312
6.15279
6.28877
6.18195
6.28023
6.21744
6.15312
6.15312
6.2807
6.36337
6.20292
6.15279
6.21912
6.15279
6.27156
6.15312
6.17376
6.21341
6.2253
6.28712
6.19555
6.15279
6.15312
6.30354
6.18733
6.18766
6.25174
6.24278
6.21341
6.17376
6.33164
6.15312
6.15312
6.23735
6.34514
6.21777
6.18766
6.18733
6.15312
6.18457
6.21945
6.18195
6.15312
6.15312
6.18195
6.21494
6.15279
6.18195
6.15279
6.15279
6.15312
6.2165
6.20555
6.15279
6.37786
6.20259
6.15312
6.15279
6.20259
6.24002
6.22728
6.19647
6.21912
6.17376
6.17376
6.25141
6.21719
6.25168
6.20259
6.18195
6.15279
6.1849
6.17409
6.23558
6.3938
6.15312
6.21461
6.17409
6.15312
6.18162
6.15312
6.30015
6.18733
6.15279
6.18733
6.15279
6.21744
6.15279
6.17409
6.24898
6.18733
6.20588
6.19647
6.18195
6.21685
6.18195
6.3235
6.20823
6.15279
6.26053
6.17376
6.15279
6.22531
6.15279
6.15279
6.15279
6.15279
6.15312
6.21719
6.30013
6.18733
6.18162
6.28103
6.22438
6.21686
6.18162
6.20555
6.21616
6.18733
6.18457
6.15279
6.21494
6.23747
6.2466
6.18195
6.31356
6.20292
6.19555
6.22531
6.1849
6.24627
6.21686
6.15312
6.25382
6.30154
6.17376
6.20823
6.1968
6.2292
6.15312
6.15312
6.18457
6.15279
6.2253
6.24568
6.17409
6.1968
6.15312
6.18195
6.18195
6.21912
6.19647
6.28103
6.20823
6.24528
6.22504
6.19555
6.15312
6.15312
6.15279
6.2253
6.23009
6.15312
6.20856
6.20292
6.17409
6.15279
6.1849
6.20555
6.15279
6.20292
6.15279
6.17409
6.15279
6.22826
6.15312
6.21777
6.17376
6.15312
6.15279
6.20555
6.15279
6.15312
6.23735
6.15312
6.15312
6.15312
6.18766
6.18733
6.22531
6.15312
6.15279
6.17409
6.17409
6.18162
6.18457
6.15312
6.17376
6.15279
6.15279
6.15279
6.15279
6.15279
6.15312
6.17409
6.18162
6.15312
6.17409
6.17409
6.15279
6.17376
6.24898
6.18457
6.15312
6.18162
6.15312
6.19588
6.23558
6.18195
6.17409
6.15279
6.22563
6.21341
6.30096
6.15279
6.21744
6.15312
6.15312
6.15279
6.24601
6.15312
6.15312
6.15312
6.15312
6.17376
6.17376
6.21685
6.15279
6.18457
6.1968
6.15312
6.17376
6.21686
6.18766
6.15312
6.15279
6.20292
6.21719
6.1849
6.15279
6.15312
6.17376
6.15312
6.15312
6.18766
6.22728
6.24561
6.22728
6.15312
6.22563
6.18162
6.1849
6.25141
6.15279
6.27321
6.15312
6.1968
6.21686
6.20856
6.15312
6.15312
6.15312
6.25798
6.24956
6.22563
6.24629
6.1849
6.15312
6.15312
6.15312
6.18766
6.15312
6.17409
6.24568
6.2623
6.17409
6.18766
6.1849
6.15312
6.27739
6.1849
6.20292
6.15312
6.17409
6.17409
6.17409
6.2253
6.19647
6.15312
6.17409
6.15279
6.1849
6.21686
6.21912
6.15312
6.21494
6.15312
6.15312
6.15312
6.15312
6.15312
6.19647
6.18457
6.15279
6.15279
6.15312
