102.086
101.955
113.354
100.064
108.713
89.5103
106.23
108.163
103.633
103.86
97.5777
97.1716
99.424
95.6705
104.17
94.4119
90.2944
94.6809
88.7055
90.1792
89.8752
95.1757
91.8208
88.4012
88.8793
90.0604
82.8295
78.4783
79.5946
71.8578
80.5134
77.8623
73.8151
65.625
75.1867
78.4835
71.8327
70.1806
74.7533
73.0294
76.4093
78.5972
67.7698
65.2842
65.8148
65.356
70.1094
66.3812
63.2694
62.9895
67.3981
56.6455
68.1492
65.0437
59.8408
60.7353
53.6855
58.4153
61.3041
53.9096
50.7426
62.6467
52.9379
54.4186
61.9366
59.7391
57.5166
54.7091
52.3975
51.1919
48.4227
54.0978
59.1555
48.0477
49.7049
52.0505
48.4206
49.1947
49.5174
45.2746
46.2876
48.4229
45.8892
46.5266
48.5908
47.0381
44.3098
46.3429
41.2282
42.0212
46.0419
47.0271
41.7293
52.6236
42.2413
43.3573
41.0294
42.6907
40.401
42.385
45.0932
42.5142
41.5063
42.4714
37.871
37.3573
38.233
43.1815
38.0952
38.0581
38.077
39.0118
47.564
34.2287
38.9625
34.1866
37.9253
43.1785
40.8466
33.2204
35.4814
37.382
33.4049
39.6518
37.3504
37.6248
37.8773
36.6847
31.623
35.3794
33.0299
32.3748
34.8673
31.8944
34.6047
33.5165
31.8168
32.7348
31.726
33.22
37.3797
33.1648
31.7819
32.298
33.3734
31.9029
32.821
31.8244
33.0731
34.8579
30.4184
31.553
32.4678
30.5825
32.7945
29.7365
29.0451
29.4002
29.6706
28.3288
30.4971
28.6415
28.4528
29.8553
31.1121
30.1249
28.5518
29.5282
31.6269
29.8507
29.8791
30.1308
30.176
26.2326
31.9991
27.6521
27.8394
32.5424
31.7248
32.5902
29.7125
26.3443
28.8182
27.0681
27.9561
29.906
28.6822
26.9321
27.9302
25.5422
27.0203
26.4459
30.9616
25.964
28.8381
23.4898
26.4689
24.772
25.511
24.6158
24.6627
25.9261
25.5017
23.7893
24.0305
23.9252
25.9693
26.1269
24.7192
25.0258
26.6103
23.0461
24.9028
26.0283
24.5738
23.7202
22.9227
24.3848
25.9392
26.533
23.5552
26.2103
25.2304
24.2961
23.1382
24.6741
23.5706
24.1412
24.755
22.8699
23.0807
24.0732
24.4426
24.2195
22.7593
22.0011
23.9922
22.3768
21.9377
22.4611
21.6369
21.8604
24.1833
22.5711
23.2484
23.1299
23.846
23.3355
23.5325
21.2129
22.7612
22.5389
21.0933
22.9963
22.2887
23.0167
22.3151
22.767
23.177
22.405
22.6678
22.4913
22.5397
25.0674
23.7786
22.665
21.7326
20.8423
22.3205
23.0281
22.1708
21.7242
21.9437
19.6589
19.7992
19.9378
21.152
22.0807
20.6542
22.2977
19.7609
20.3971
21.7448
20.8016
20.57
21.0082
20.3251
21.3155
21.5026
21.5845
22.116
22.5112
21.9623
20.2791
19.8966
20.5235
19.2928
20.529
20.2842
21.6518
21.4582
20.7062
20.9807
19.6068
19.6954
19.7035
19.1462
20.401
19.6656
19.4922
20.1318
20.5931
20.045
20.6818
19.5982
19.7209
19.3469
21.32
21.0334
19.172
19.9891
18.0755
19.1792
18.9063
19.1972
19.8248
18.9633
18.776
19.0412
20.2407
19.1957
18.3319
19.2997
18.7944
18.8463
19.3679
19.5148
18.1195
18.518
19.064
19.5004
19.8301
19.3556
19.3052
18.923
19.0151
19.8361
19.9494
19.09
19.0914
19.1244
18.2525
18.1668
18.4894
18.3005
19.43
18.9234
19.336
19.1671
18.2522
18.5094
18.3786
17.9558
18.6037
18.1392
19.0773
17.9248
17.7076
18.0482
17.5622
17.9832
19.3233
17.8311
18.2264
18.8615
18.5959
17.2915
17.0913
18.0857
18.3433
18.268
19.1753
17.9049
18.4136
17.8246
18.6471
18.3129
17.3625
17.8118
17.7411
18.972
18.8919
19.1074
17.455
18.4278
18.5549
18.2412
17.7189
17.9149
18.0585
18.4157
19.0076
18.3184
17.7887
18.2724
18.9171
18.1427
17.8055
18.253
18.0227
17.8215
17.4733
18.1194
18.1245
18.0536
17.9504
18.0421
17.6835
17.5191
17.6542
17.9482
18.1491
17.5353
17.62
17.949
17.7543
17.7529
17.2577
17.2505
17.1457
17.3968
17.2757
16.9885
17.3152
17.5854
17.6311
17.073
17.4435
17.8642
16.9951
17.4547
17.5342
17.8104
18.1818
17.765
17.3969
17.3433
16.9739
17.1543
17.6043
16.938
18.0824
17.4292
17.2633
16.6982
16.8727
17.0144
17.675
17.29
17.0205
17.1797
17.6385
17.09
17.1441
16.7214
17.1058
17.1399
16.9938
16.9488
16.919
16.8155
16.8611
16.7033
17.1555
17.4076
16.9386
16.8778
17.0095
17.0464
17.2488
17.3468
17.0853
17.514
16.7866
17.3461
17.6518
17.0198
17.051
17.0924
16.9244
16.8326
16.5659
16.5707
16.7675
17.4711
17.3553
16.7906
16.8831
16.7099
16.6127
16.8371
17.4032
17.0909
16.9879
16.7872
16.9994
17.4871
16.7975
16.8848
16.4844
16.4027
16.8179
16.663
16.0933
16.7072
16.9708
16.7969
16.3981
16.5643
16.1657
16.5111
16.6014
16.4384
17.1394
16.4648
16.7368
16.2442
16.495
16.801
16.9997
16.4901
16.348
16.6704
17.0052
17.1051
17.7492
17.3269
17.7073
17.487
16.9854
16.8953
16.8713
16.4093
16.2851
16.6615
16.4336
16.2487
16.5044
16.7049
16.5233
16.886
16.5882
16.7194
16.9536
16.7228
16.4424
16.6443
16.6697
16.6984
16.5802
16.831
16.8559
16.9411
16.5906
16.6812
16.9464
16.9411
17.0014
17.1818
17.0648
16.7572
17.0471
16.704
17.1577
17.0667
16.974
17.2155
16.7926
16.9114
16.9097
17.1962
16.4457
16.6459
16.8244
16.8392
17.1928
17.074
16.7282
16.4482
16.8763
16.952
16.792
16.8432
16.8577
16.7963
16.8082
16.6508
16.8268
16.7785
16.6767
16.8881
17.3572
17.1621
17.2454
17.103
17.2373
16.9751
16.9953
16.7632
16.5452
16.7788
16.9792
16.762
16.5623
16.6796
16.9471
16.5173
16.442
16.5679
16.4029
16.8176
16.5602
16.5509
16.8999
16.6683
16.4981
16.6719
16.9194
16.3187
16.7622
16.9487
16.5764
16.3992
16.4974
16.4102
16.7282
16.2839
16.5732
16.4118
16.2463
16.5756
16.7139
16.5866
16.1979
16.2113
16.0808
16.1533
16.0872
16.2202
16.1593
15.9901
16.543
16.4371
16.2692
16.2808
16.2746
16.3301
16.2043
16.4436
16.1788
16.4885
16.4384
16.2488
16.2212
16.178
16.6754
16.2477
16.5653
16.3306
16.5189
16.931
16.6467
16.3398
16.2371
16.448
16.4052
16.7483
16.5488
16.4765
16.4878
16.4028
16.481
16.8104
16.6596
16.4269
16.411
16.3791
16.6956
16.7108
16.4463
16.3502
16.5514
16.374
16.298
16.1318
16.1761
16.574
16.7045
16.3899
16.6545
16.7371
16.7256
16.4537
16.3628
16.4926
16.4689
16.75
17.0233
16.9563
16.7754
16.1545
16.1935
16.1974
16.0263
16.1102
16.4968
16.1402
16.2382
16.455
16.1964
16.1657
16.2009
16.1444
16.0659
16.2055
16.3224
16.1933
16.7809
16.2597
16.3665
16.3447
16.1315
16.2985
16.3172
16.2373
16.2779
16.1453
16.3162
16.3627
16.3435
16.4596
16.364
16.2383
15.9827
16.4131
16.1522
16.2302
16.359
16.1697
16.0473
16.0731
16.1122
16.2318
16.203
16.4074
16.2374
16.0575
16.3104
16.0927
16.0372
16.2663
16.2129
16.1026
16.1596
16.1616
16.4001
16.4071
16.3158
16.1632
16.1788
16.0724
16.204
16.2799
16.261
16.611
16.2648
16.2723
16.1246
16.2014
16.1314
16.2462
15.9827
16.1011
16.3408
16.2762
16.4115
16.4488
16.4069
16.3576
16.2277
16.4055
16.4281
16.4681
16.3438
16.3146
16.4768
16.6488
16.1942
16.1801
16.1274
16.1798
16.4129
16.3928
16.4197
16.0427
16.2992
16.1011
16.2508
16.3491
16.3681
16.2365
16.2675
16.0442
16.252
16.136
16.0981
16.2081
16.3458
16.4442
16.0687
16.1911
16.0347
16.3368
16.0706
16.1816
16.1528
16.1058
16.1142
16.2093
16.0186
16.0197
16.0729
16.248
16.1812
16.1081
16.0206
16.0405
16.1542
16.1031
16.0407
16.0888
16.2302
16.2945
16.2505
16.3381
16.3134
16.2829
16.5846
16.3542
16.2262
16.3091
16.1024
16.1141
16.3053
16.0872
16.28
16.2089
16.4469
16.2996
16.2238
16.0638
16.146
16.2082
16.3378
16.4921
16.2154
16.3434
16.0541
16.2008
16.3805
15.9787
16.2463
16.2417
16.068
16.0746
16.1902
16.2494
16.1403
16.0714
16.2495
16.1231
16.1164
16.1526
16.1989
16.164
16.2351
16.1471
16.0598
16.3312
16.178
16.4948
16.5072
16.3534
16.5746
16.3068
16.2794
16.1846
16.1491
16.2052
16.1282
16.176
16.2294
16.3183
16.188
16.1876
16.1921
16.1338
16.0499
16.2609
16.216
16.4768
16.2491
16.0502
16.1197
16.0952
16.3764
16.1837
16.1209
16.1573
16.2241
16.2617
16.3011
16.315
16.2203
16.1868
16.3926
16.073
16.03
16.2591
16.1735
16.2436
16.2991
16.0714
16.0935
16.266
16.078
16.1583
16.0098
16.0804
16.1167
16.1095
16.0212
16.0629
16.0911
16.2761
16.1667
16.1973
16.0666
16.233
16.2413
16.1901
16.1765
16.1385
16.2204
16.1681
16.1313
16.2519
16.0501
16.1435
16.2459
16.1008
16.0612
16.0757
16.2072
16.4292
16.622
16.56
16.5549
16.4432
16.5028
16.2709
16.2048
16.2393
16.1479
16.0793
16.2319
16.1438
16.1391
16.0492
15.9827
16.2295
16.1912
16.2118
16.2887
15.9879
16.0508
16.1938
16.1258
16.1785
16.2932
16.1387
16.2586
16.0053
16.1325
16.1674
16.0572
16.0217
16.1087
16.1851
16.1734
16.0813
16.1426
16.2488
16.137
16.1688
16.1975
16.2528
16.1255
16.0254
16.2736
16.2385
16.2116
16.1544
16.0512
16.0733
16.2121
16.0518
16.129
16.1395
16.0623
16.0496
16.0379
16.0214
16.1213
16.1692
16.5097
16.2427
16.1455
15.9979
16.2356
16.2745
16.1176
16.0936
16.2157
16.1093
16.1221
15.9976
16.2929
16.158
16.2887
16.2218
16.1391
16.2377
16.0639
16.1745
16.0191
16.1909
16.1427
16.1553
16.1872
16.0765
16.18
16.1126
16.0461
16.0644
16.0157
16.0009
16.0607
16.0424
15.9992
16.091
16.1166
16.0698
16.233
16.2204
16.2692
16.0066
16.0428
16.0388
16.1383
16.072
16.0319
16.1935
16.0593
16.1604
16.0787
16.1067
16.0623
16.0861
16.0361
16.1342
16.0519
16.0268
16.3128
16.0885
16.0683
16.1274
16.1382
16.1216
16.1858
16.0372
16.0223
16.0264
16.0385
16.1066
16.1558
15.9992
16.1223
16.0837
16.0888
16.1647
15.9714
16.1533
16.108
16.0426
15.9979
16.0764
16.1116
16.0557
16.0512
16.0617
16.0184
16.0503
15.9901
16.0303
16.1219
16.0672
16.1426
16.0469
15.9979
16.1326
15.9771
16.028
16.1424
15.9844
16.2022
15.9879
16.068
16.0049
16.1123
16.1191
16.0772
16.0942
16.0821
16.0294
16.0516
16.0763
16.0355
16.0633
16.0749
16.2169
16.0997
16.0548
16.0376
16.0157
16.1989
16.01
16.0921
16.14
16.0246
16.0223
16.013
15.9714
16.0009
16.0009
15.9844
16.0167
16.013
15.9771
16.0378
15.9952
15.9844
15.9771
15.9771
15.9936
15.9936
15.9936
16.0201
15.9936
15.9879
16.0083
16.0083
16.014
15.9936
16.0201
15.9936
15.9879
15.9879
16.0144
15.9879
15.9879
15.9879
16.0201
15.9936
15.9936
15.9936
15.9936
15.9936
15.9936
15.9936
15.9936
15.9936
16.0201
16.0201
15.9976
16.0298
16.0298
16.015
16.0241
16.0093
16.0241
15.9979
15.9714
15.9714
15.9714
15.9714
15.9714
15.9979
16.0184
16.0093
16.0093
16.015
16.015
16.015
16.078
15.9771
15.9771
15.9771
15.9771
15.9771
15.9771
16.0036
15.9771
15.9771
15.9771
15.9714
15.9714
15.9714
15.9714
15.9979
15.9979
16.1049
15.9714
15.9919
15.9919
15.9919
16.0447
15.9714
15.9714
15.9979
15.9714
15.9714
15.9714
15.9714
15.9714
15.9714
15.9714
15.9714
15.9714
16.0776
16.0447
16.0184
16.0504
15.9771
15.9771
15.9771
15.9771
15.9771
15.9771
15.9714
15.9714
15.9714
15.9714
15.9714
15.9714
15.9714
15.9714
15.9714
15.9714
15.9714
15.9979
15.9919
15.9919
15.9771
15.9771
15.9771
15.9771
15.9771
16.0036
15.9771
15.9714
15.9714
15.9979
15.9714
15.9714
15.9979
15.9979
15.9714
15.9714
15.9714
15.9714
15.9714
15.9979
15.9979
15.9714
15.9714
15.9714
15.9919
15.9919
15.9919
15.9919
15.9919
15.9919
15.9919
15.9919
16.0093
16.0093
15.9714
15.9714
15.9714
15.9979
15.9714
15.9714
15.9714
15.9714
15.9714
15.9714
15.9714
15.9714
15.9771
15.9771
15.9771
15.9976
15.9976
15.9976
15.9976
16.015
16.0315
16.0241
16.0833
15.9771
15.9771
15.9771
15.9714
15.9714
15.9919
16.015
16.0258
16.0258
16.0258
15.9919
15.9979
15.9714
15.9714
15.9714
15.9979
15.9979
16.0036
15.9771
15.9771
15.9976
16.0315
15.9976
16.0036
16.0036
15.9771
15.9771
15.9771
15.9771
16.0056
16.0056
16
16
16
16.0265
16.0265
16
16.0204
16.0204
16
16
16
16
16.0265
16.0265
16
16
16
16
16
16.0204
16.0204
16.0204
16
16.0204
16.0204
16.0204
16.0204
16.0469
16.0204
16.0204
16.0204
16
16.0204
16.0469
16.0379
16
16.0265
16.0265
16.0265
16.0265
16
16.0265
16.0265
16
16.056
16.056
16.0204
16.0265
16
16
16
16.0056
16.0056
16.0056
16.0056
16.0056
16.0056
16.0056
16.0056
16.0056
16.0056
16.0056
16.0056
16.0056
16
16
16
16.0265
16
16
16.0164
16.0164
16.0164
16.0164
16.06
16.06
16.0426
16.0221
16.0429
16.0429
16
16.0322
16.0056
16.0261
16.0426
16.0261
16.0994
16.0322
16
16
16.0265
16.0265
16.0204
16.0204
16.0204
16.0056
16.0056
16.0395
16.013
16.013
16.013
16.0509
16.0334
16.06
16.0929
16.06
16.0452
16.0452
16.0617
16.0452
16.0617
16.0073
16.0073
16.0073
16.0073
16.0073
16.0073
16.0073
16.0073
16.0338
16.0238
16.0238
16.0238
16.0617
16.0442
16.0442
16.0499
16.0294
16.0294
16.0503
16.0238
16.0238
16.0503
16.0238
16.0238
16.0238
16.0238
16.0238
16.0238
16.0238
16.0238
16.0238
16.0238
16.0238
16.0238
16.0238
16.0238
16.0499
16.0294
16.0499
16.0499
16.0499
16.0294
16.0294
16.056
16.0238
16.0238
16.0238
16.0238
16.0238
16.0238
16.0442
16.0617
16.0442
16.0499
16.0499
16.0499
16.0499
16.0499
16.0764
16.0764
16.0499
16.0499
16.0499
16.0334
16.0278
16.06
16.06
16.0509
16.0509
16.0509
16.0395
16.0395
16.013
16.013
16.013
16.013
16.0278
16.0278
16.0278
16.0278
16.0543
16.0073
16.0278
16.0543
16.0073
16.0806
16.0806
16.0806
16.0806
16.0452
16.0452
16.0278
16.0073
16.0278
16.0278
16.0073
16.0073
16.0073
16.0073
16.0395
16.0395
16.0395
16.013
16.013
16.013
16.0073
16.0073
16.0073
16.0073
16.0338
16.0073
16.0073
16.0338
16.0338
16.0073
16.0338
16.0073
16.0073
16.0073
16.0278
16.0278
16.0278
16.0278
16.0278
16.0278
16.0278
16.0278
16.013
16.013
15.9787
15.9787
15.9787
15.9787
16.0348
16.0348
16.0348
16.0348
16.0348
16.0348
16.0348
16.0348
16.0553
16.0553
16.0553
16.0553
16.0727
16.0727
16.0727
16.0727
16.0818
16.0553
16.0553
16.0553
16.0553
16.0348
16.0348
16.0348
16.0348
16.0348
16.0348
16.0348
16.0348
16.0348
16.0553
16.0348
16.0405
16.0609
16.0609
16.1261
16.0784
16.0932
16.067
16.0405
16.0348
16.0348
16.0348
16.0348
16.0348
16.0348
16.0553
16.0553
16.0553
16.0609
15.9992
15.9844
15.9844
15.9844
16.0049
15.9992
15.9992
16.0331
16.0331
16.0167
16.0214
16.0388
16.0331
16.0331
16.0331
16.0331
16.0331
16.0479
16.0214
16.0214
16.0214
16.0214
16.0214
16.0214
16.0009
15.9952
15.9952
15.9952
15.9952
16.0217
16.0157
16.0157
16.0157
16.0157
16.0157
16.0217
16.0157
16.0157
16.0157
15.9952
15.9952
15.9952
15.9952
15.9952
16.0157
15.9952
15.9952
15.9952
15.9952
16.0707
16.0707
15.9952
15.9952
15.9952
15.9952
15.9952
15.9952
15.9952
15.9952
15.9952
15.9787
15.9787
15.9787
15.9992
15.9992
16.0167
15.9992
15.9992
15.9992
16.0167
16.0331
15.9787
15.9787
15.9787
15.9787
15.9787
15.9787
15.9787
15.9787
15.9787
15.9787
15.9787
15.9787
15.9787
15.9787
15.9787
15.9787
15.9787
16.0053
16.052
15.9787
15.9787
15.9787
15.9787
15.9979
15.9714
15.9714
15.9714
15.9714
15.9714
15.9714
15.9919
15.9771
15.9771
15.9771
15.9714
15.9714
15.9714
15.9714
15.9979
15.9979
15.9979
15.9979
15.9714
15.9714
15.9714
15.9919
15.9919
16.0093
16.0093
15.9979
15.9714
15.9714
15.9714
15.9714
15.9714
15.9714
15.9714
15.9714
15.9714
15.9714
15.9714
15.9771
15.9771
15.9771
15.9771
16.0036
16.0036
15.9714
15.9714
15.9771
15.9771
15.9936
16.014
16.014
16.014
16.014
16.014
16.0083
16.0083
16.0083
16.0423
16.0083
16.0406
16.0406
16.0406
16.0093
15.9919
15.9919
15.9919
15.9714
15.9714
15.9714
15.9714
15.9714
16.015
16.015
16.015
16.0315
16.0184
15.9919
15.9919
15.9919
15.9919
15.9919
15.9714
15.9714
15.9771
15.9879
15.9879
15.9879
15.9879
15.9879
15.9879
15.9879
15.9879
15.9879
15.9879
15.9879
16.0258
15.9919
15.9919
15.9919
15.9714
15.9919
15.9919
15.9714
15.9919
15.9919
15.9714
15.9714
15.9714
15.9714
15.9714
15.9714
15.9714
15.9714
15.9714
15.9714
15.9919
15.9979
16.0036
15.9771
15.9771
15.9771
15.9771
15.9771
15.9771
15.9771
15.9976
16.0241
16.0093
16.0093
15.9714
15.9919
15.9919
15.9919
15.9919
15.9919
15.9919
15.9976
15.9976
15.9976
15.9771
15.9714
15.9714
15.9714
15.9979
15.9714
15.9714
15.9714
15.9714
15.9714
15.9714
15.9714
15.9714
15.9714
15.9979
15.9714
15.9714
15.9714
15.9714
15.9714
15.9714
15.9714
15.9714
15.9714
16.0093
15.9919
15.9714
15.9714
15.9714
15.9714
15.9714
15.9714
15.9979
15.9714
15.9714
15.9714
15.9714
15.9771
15.9771
15.9771
15.9771
15.9771
15.9771
15.9771
15.9771
15.9771
16.0036
15.9771
15.9976
16.015
16.0258
16.057
16.0093
16.0093
16.0241
15.9714
15.9979
15.9714
15.9771
15.9771
15.9771
15.9771
15.9976
15.9976
15.9771
15.9936
15.9936
15.9936
15.9936
15.9936
16.0201
15.9936
15.9936
15.9936
15.9771
16.0036
16.0036
16.0036
15.9714
15.9979
15.9979
15.9714
15.9714
15.9771
15.9771
15.9771
15.9771
15.9771
15.9771
15.9771
15.9771
15.9714
15.9714
15.9979
15.9976
15.9976
15.9771
15.9714
15.9714
15.9714
15.9771
15.9714
15.9714
15.9714
15.9714
15.9714
15.9714
15.9714
15.9714
15.9714
15.9714
15.9714
