0.0598487
0.0598425
0.0598381
0.0598358
0.0598357
0.0598377
0.0598417
0.0598478
0.0598556
0.059865
0.0598758
0.0598876
0.0598999
0.0599122
0.0599238
0.0599343
0.0599431
0.0599499
0.0599546
0.0599576
0.0599594
0.0599606
0.059962
0.0599641
0.059967
0.0599704
0.0599735
0.059975
0.0599738
0.0599693
0.0599617
0.0599517
0.0599405
0.0599295
0.0599195
0.059911
0.0599042
0.0598988
0.0598947
0.0598916
0.0598892
0.0598874
0.059886
0.0598847
0.0598836
0.0598824
0.059881
0.0598792
0.059877
0.0598744
0.0598713
0.0598681
0.059865
0.0598623
0.0598603
0.0598597
0.0598607
0.059864
0.0598696
0.0598779
0.0598886
0.0599007
0.0599131
0.0599238
0.059931
0.0599337
0.059932
0.0599271
0.0599206
0.0599143
0.0599094
0.0599063
0.0599053
0.0599062
0.0599088
0.0599128
0.0599184
0.0599256
0.0599347
0.0599457
0.0599581
0.0599709
0.059982
0.0599889
0.0599893
0.059982
0.0599678
0.0599491
0.0599284
0.0599083
0.0598902
0.0598749
0.0598627
0.0598533
0.0598466
0.0598422
0.0598399
0.0598392
0.0598399
0.0598417
0.0598443
0.0598474
0.0598507
0.0598541
0.0598575
0.0598608
0.059864
0.0598672
0.0598705
0.0598739
0.0598774
0.0598811
0.0598848
0.0598886
0.0598922
0.0598958
0.0598992
0.0599027
0.0599063
0.0599102
0.0599147
0.05992
0.0599261
0.059933
0.0599406
0.0599484
0.0599558
0.059962
0.0599661
0.0599673
0.0599649
0.0599591
0.05995
0.0599385
0.0599255
0.0599119
0.0598984
0.0598855
0.0598736
0.0598628
0.0598531
0.0598444
0.0598368
0.05983
0.0598241
0.0598188
0.0598143
0.0598103
0.0598069
0.0598041
0.0598018
0.0597999
0.0597986
0.0597978
0.0597975
0.0597978
0.0597985
0.0597997
0.0598015
0.0598038
0.0598065
0.0598097
0.0598133
0.0598173
0.0598216
0.0598261
0.0598308
0.0598357
0.0598407
0.0598459
0.0598512
0.0598566
0.0598621
0.0598677
0.0598733
0.0598786
0.0598835
0.0598877
0.059891
0.0598931
0.0598941
0.0598938
0.0598925
0.0598901
0.059887
0.0598832
0.059879
0.0598745
0.0598697
0.0598647
0.0598596
0.0598545
0.0598495
0.0598449
0.0598411
0.0598381
0.0598365
0.0598364
0.0598381
0.0598418
0.0598474
0.0598551
0.0598648
0.0598764
0.0598898
0.0599048
0.0599213
0.0599388
0.0599565
0.0599733
0.059988
0.0599995
0.0600068
0.0600097
0.0600086
0.0600044
0.0599979
0.0599899
0.0599809
0.0599712
0.059961
0.0599507
0.0599403
0.0599303
0.0599209
0.0599123
0.0599045
0.0598976
0.0598915
0.0598861
0.0598813
0.0598771
0.0598737
0.0598712
0.0598697
0.0598694
0.0598704
0.059873
0.059877
0.0598826
0.0598896
0.0598978
0.0599071
0.0599171
0.0599275
0.0599379
0.0599479
0.0599574
0.0599666
0.0599758
0.0599855
0.0599965
0.0600089
0.0600223
0.0600359
0.0600479
0.0600567
0.0600609
0.06006
0.0600545
0.0600453
0.0600338
0.060021
0.0600079
0.0599955
0.0599843
0.0599751
0.0599681
0.0599633
0.0599604
0.0599584
0.0599561
0.059952
0.059945
0.0599349
0.0599222
0.059908
0.059894
0.0598814
0.0598712
0.059864
0.0598602
0.0598598
0.0598629
0.0598696
0.0598801
0.0598942
0.0599118
0.0599319
0.0599533
0.0599736
0.0599906
0.060002
0.0600072
0.0600067
0.0600023
0.0599958
0.0599886
0.0599816
0.0599749
0.0599684
0.0599619
0.0599551
0.0599477
0.0599398
0.0599312
0.0599222
0.0599129
0.0599036
0.0598947
0.0598865
0.0598794
0.0598737
0.0598694
0.0598667
0.0598654
0.0598653
0.0598661
0.0598672
0.0598683
0.059869
0.0598691
0.0598683
0.0598669
0.0598648
0.0598624
0.0598599
0.0598575
0.0598555
0.0598542
0.0598538
0.0598544
0.0598559
0.0598585
0.0598618
0.0598657
0.0598698
0.0598738
0.0598775
0.0598808
0.0598837
0.0598864
0.0598889
0.0598913
0.0598934
0.0598947
0.0598949
0.0598931
0.0598888
0.0598817
0.059872
0.0598605
0.0598483
0.0598367
0.0598269
0.0598198
0.059816
0.0598159
0.0598195
0.0598262
0.0598354
0.0598461
0.0598569
0.0598671
0.0598762
0.0598846
0.0598935
0.0599038
0.0599165
0.0599311
0.0599465
0.0599607
0.0599715
0.0599766
0.0599741
0.0599627
0.0599429
0.0599173
0.0598901
0.0598654
0.0598463
0.0598339
0.0598284
0.059829
0.0598348
0.0598445
0.0598571
0.0598715
0.059887
0.0599029
0.0599186
0.0599336
0.0599476
0.0599603
0.0599718
0.059982
0.0599908
0.0599978
0.0600026
0.060005
0.0600052
0.0600036
0.0600011
0.0599983
0.0599957
0.0599937
0.0599924
0.0599917
0.0599917
0.0599923
0.0599932
0.0599943
0.0599954
0.0599961
0.0599959
0.0599944
0.059991
0.0599855
0.0599776
0.0599677
0.0599561
0.0599435
0.0599306
0.0599182
0.0599069
0.0598971
0.0598892
0.0598836
0.0598804
0.0598798
0.0598822
0.0598878
0.0598968
0.0599094
0.0599259
0.059946
0.0599693
0.0599947
0.0600204
0.0600437
0.0600616
0.0600714
0.060071
0.0600602
0.0600405
0.0600148
0.0599863
0.0599582
0.0599326
0.0599106
0.0598929
0.0598795
0.0598699
0.0598637
0.05986
0.0598577
0.0598557
0.0598531
0.0598491
0.0598435
0.0598365
0.0598285
0.0598203
0.0598123
0.0598049
0.059798
0.0597917
0.0597858
0.0597801
0.0597747
0.0597696
0.0597649
0.0597608
0.0597574
0.0597548
0.0597532
0.0597526
0.0597528
0.0597539
0.0597555
0.0597575
0.0597598
0.0597621
0.0597643
0.0597665
0.0597686
0.0597708
0.0597733
0.0597763
0.0597799
0.0597842
0.0597892
0.0597948
0.0598006
0.0598065
0.0598119
0.0598166
0.0598203
0.0598227
0.0598239
0.0598242
0.0598236
0.0598228
0.059822
0.0598216
0.0598219
0.0598231
0.0598253
0.0598287
0.0598334
0.0598393
0.0598466
0.0598551
0.0598647
0.0598749
0.0598851
0.0598946
0.0599027
0.0599086
0.0599119
0.0599126
0.0599109
0.0599073
0.0599024
0.0598969
0.0598912
0.0598859
0.0598813
0.0598775
0.0598747
0.0598727
0.0598716
0.0598713
0.0598718
0.0598731
0.0598752
0.0598781
0.0598818
0.0598859
0.0598904
0.0598946
0.0598983
0.0599011
0.059903
0.0599042
0.0599052
0.0599067
0.059909
0.0599121
0.0599159
0.0599201
0.0599245
0.0599296
0.0599361
0.0599448
0.0599562
0.0599696
0.0599833
0.0599942
0.0599993
0.0599963
0.0599846
0.0599658
0.0599425
0.0599175
0.0598933
0.0598716
0.0598531
0.0598384
0.0598275
0.0598202
0.0598163
0.0598154
0.0598172
0.0598214
0.0598277
0.0598357
0.0598451
0.0598558
0.0598674
0.0598797
0.0598925
0.0599055
0.0599182
0.0599298
0.0599391
0.0599444
0.0599442
0.0599375
0.0599245
0.059907
0.059887
0.0598667
0.0598479
0.0598314
0.0598175
0.0598062
0.0597972
0.0597901
0.0597847
0.0597806
0.0597777
0.0597757
0.0597745
0.0597742
0.0597745
0.0597755
0.0597771
0.0597794
0.0597822
0.0597856
0.0597896
0.0597942
0.0597994
0.0598051
0.0598114
0.0598183
0.0598258
0.0598341
0.0598432
0.0598535
0.0598652
0.0598787
0.0598944
0.0599126
0.0599334
0.0599565
0.0599808
0.0600048
0.0600261
0.0600424
0.0600518
0.0600534
0.0600476
0.0600356
0.0600192
0.0600001
0.0599801
0.0599605
0.0599424
0.0599267
0.0599138
0.0599039
0.0598968
0.0598922
0.0598895
0.0598879
0.0598866
0.0598851
0.059883
0.0598803
0.0598774
0.0598749
0.0598732
0.0598728
0.0598743
0.0598777
0.059883
0.0598901
0.0598986
0.0599079
0.0599173
0.0599258
0.0599325
0.0599364
0.0599368
0.0599332
0.0599259
0.0599155
0.0599031
0.0598898
0.0598768
0.059865
0.0598551
0.0598474
0.0598422
0.0598398
0.0598399
0.0598428
0.0598483
0.0598562
0.0598665
0.059879
0.0598933
0.059909
0.0599254
0.0599415
0.0599563
0.0599688
0.0599779
0.0599833
0.059985
0.0599837
0.0599806
0.0599768
0.0599732
0.0599703
0.0599683
0.0599669
0.0599657
0.0599641
0.0599617
0.059958
0.0599531
0.059947
0.0599402
0.0599331
0.0599263
0.0599203
0.0599153
0.0599113
0.059908
0.0599046
0.0599007
0.0598957
0.0598896
0.0598826
0.0598754
0.0598691
0.0598643
0.0598618
0.0598621
0.0598655
0.059872
0.0598814
0.0598932
0.059907
0.0599215
0.0599359
0.0599486
0.0599587
0.0599652
0.0599677
0.0599664
0.059962
0.0599558
0.0599488
0.0599424
0.0599377
0.0599354
0.0599361
0.0599401
0.0599475
0.0599583
0.0599718
0.0599875
0.0600043
0.0600211
0.0600365
0.0600495
0.0600595
0.0600662
0.0600699
0.0600708
0.0600688
0.0600638
0.0600559
0.0600453
0.060033
0.06002
0.0600075
0.0599958
0.0599854
0.0599759
0.0599673
0.0599592
0.0599513
0.0599434
0.0599356
0.0599276
0.0599196
0.0599116
0.0599038
0.059896
0.0598885
0.0598812
0.0598742
0.0598676
0.0598612
0.059855
0.0598491
0.0598434
0.0598379
0.0598327
0.0598277
0.0598231
0.059819
0.0598155
0.0598128
0.0598111
0.0598106
0.0598116
0.0598146
0.05982
0.0598283
0.0598402
0.0598561
0.0598765
0.0599011
0.0599293
0.0599591
0.059988
0.060013
0.0600311
0.0600399
0.0600387
0.0600286
0.0600123
0.0599932
0.0599742
0.0599573
0.0599431
0.0599315
0.059922
0.0599141
0.0599078
0.0599028
0.0598992
0.059897
0.0598962
0.0598967
0.059898
0.0599
0.0599021
0.0599044
0.0599069
0.0599097
0.0599131
0.059917
0.0599212
0.059925
0.0599274
0.0599276
0.0599251
0.0599199
0.0599124
0.0599036
0.0598943
0.0598853
0.0598771
0.0598702
0.0598647
0.0598607
0.0598583
0.0598574
0.059858
0.0598601
0.0598636
0.0598684
0.0598745
0.0598819
0.0598906
0.0599006
0.059912
0.0599246
0.0599384
0.0599528
0.0599674
0.0599815
0.0599948
0.0600076
0.0600202
0.0600328
0.0600442
0.0600519
0.060053
0.0600461
0.0600329
0.0600173
0.0600035
0.0599941
0.0599893
0.0599866
0.0599822
0.0599725
0.0599562
0.0599348
0.0599115
0.0598897
0.0598721
0.05986
0.0598541
0.0598545
0.0598614
0.0598749
0.0598948
0.0599207
0.059951
0.0599831
0.060013
0.0600362
0.0600493
0.0600507
0.0600417
0.0600259
0.0600081
0.0599925
0.0599818
0.0599772
0.0599789
0.0599864
0.0599988
0.0600152
0.0600344
0.0600552
0.0600762
0.0600963
0.0601147
0.0601313
0.0601466
0.0601617
0.0601776
0.0601947
0.0602123
0.0602287
0.0602408
0.0602455
0.060241
0.0602269
0.0602052
0.0601786
0.0601499
0.0601209
0.0600927
0.0600657
0.0600398
0.0600151
0.0599915
0.059969
0.0599478
0.0599281
0.05991
0.0598938
0.0598796
0.0598672
0.0598569
0.0598485
0.059842
0.0598373
0.0598345
0.0598337
0.0598348
0.0598381
0.0598436
0.0598515
0.0598616
0.0598741
0.0598888
0.0599055
0.059924
0.0599438
0.0599646
0.0599855
0.0600054
0.0600229
0.0600362
0.0600436
0.0600435
0.0600353
0.0600192
0.059997
0.0599707
0.0599429
0.0599158
0.0598911
0.0598698
0.0598522
0.0598384
0.0598281
0.0598208
0.0598161
0.0598135
0.0598125
0.059813
0.0598145
0.059817
0.0598204
0.0598246
0.0598297
0.0598353
0.0598412
0.0598469
0.0598519
0.0598558
0.0598584
0.0598598
0.0598608
0.059862
0.0598644
0.0598686
0.059875
0.0598831
0.0598919
0.0598998
0.0599051
0.0599063
0.0599031
0.059896
0.0598866
0.0598762
0.0598652
0.0598564
0.0598489
0.0598428
0.0598377
0.0598336
0.0598301
0.0598272
0.0598246
0.0598223
0.0598203
0.0598189
0.059818
0.0598178
0.0598185
0.0598203
0.0598236
0.0598287
0.0598359
0.0598455
0.059859
0.0598734
0.0598889
0.059904
0.0599165
0.0599248
0.0599281
0.059927
0.0599233
0.0599189
0.0599155
0.0599149
0.059917
0.0599214
0.0599273
0.0599337
0.0599395
0.0599436
0.0599456
0.0599451
0.0599421
0.0599375
0.0599316
0.0599252
0.0599186
0.059912
0.0599057
0.0598998
0.0598942
0.0598891
0.059884
0.0598799
0.0598764
0.0598735
0.0598712
0.0598697
0.0598688
0.0598686
0.0598691
0.0598704
0.0598724
0.0598746
0.0598772
0.0598798
0.0598821
0.0598838
0.0598845
0.0598839
0.0598819
0.0598786
0.0598742
0.059869
0.0598636
0.0598584
0.0598539
0.0598504
0.0598481
0.0598472
0.0598475
0.059849
0.0598513
0.0598541
0.0598571
0.0598598
0.0598618
0.0598627
0.0598624
0.0598605
0.0598573
0.0598527
0.059847
0.0598405
0.0598337
0.0598269
0.0598203
0.0598143
0.0598091
0.059805
0.0598021
0.0598007
0.059801
0.0598031
0.0598073
0.0598136
0.0598221
0.0598323
0.0598438
0.0598556
0.0598665
0.0598752
0.0598806
0.0598821
0.0598801
0.0598757
0.0598704
0.059866
0.0598641
0.0598657
0.0598719
0.0598832
0.0598997
0.0599215
0.0599479
0.0599777
0.060009
0.0600391
0.0600648
0.0600832
0.060092
0.060091
0.0600814
0.0600658
0.0600469
0.0600274
0.0600086
0.0599915
0.0599763
0.0599631
0.0599519
0.0599426
0.0599354
0.0599302
0.059927
0.0599258
0.0599264
0.0599288
0.0599327
0.059938
0.0599446
0.0599525
0.0599616
0.0599721
0.0599843
0.0599986
0.0600149
0.0600327
0.0600506
0.0600663
0.0600767
0.060079
0.0600713
0.0600537
0.0600283
0.059998
0.0599663
0.0599357
0.0599079
0.059884
0.0598642
0.0598483
0.0598359
0.0598266
0.0598198
0.059815
0.0598119
0.0598103
0.0598102
0.0598115
0.0598144
0.0598188
0.0598249
0.0598325
0.0598413
0.059851
0.0598612
0.0598714
0.0598815
0.0598915
0.0599013
0.0599111
0.0599207
0.05993
0.0599383
0.0599454
0.0599508
0.0599547
0.0599576
0.0599601
0.0599627
0.0599655
0.0599678
0.0599681
0.0599647
0.0599563
0.0599427
0.0599251
0.0599055
0.0598858
0.0598678
0.0598523
0.0598399
0.0598304
0.0598236
0.0598193
0.0598172
0.0598171
0.0598189
0.0598223
0.0598274
0.0598342
0.0598424
0.059852
0.0598627
0.0598741
0.0598857
0.059897
0.0599074
0.0599163
0.0599234
0.0599284
0.0599312
0.0599319
0.0599304
0.0599269
0.0599217
0.059915
0.0599072
0.0598987
0.0598899
0.0598813
0.0598733
0.0598661
0.0598599
0.0598549
0.0598512
0.0598489
0.0598479
0.0598483
0.0598501
0.0598532
0.0598573
0.0598624
0.059868
0.0598737
0.0598793
0.0598845
0.0598891
0.0598935
0.0598979
0.0599027
0.0599083
0.0599148
0.0599223
0.0599301
0.0599378
0.0599445
0.0599494
0.0599521
0.0599524
0.0599506
0.0599476
0.0599443
0.0599417
0.0599408
0.0599421
0.0599458
0.0599514
0.0599581
0.0599644
0.0599691
0.0599711
0.0599704
0.0599675
0.0599635
0.0599592
0.0599552
0.0599513
0.0599469
0.059941
0.059933
0.0599226
0.0599102
0.0598965
0.0598825
0.0598692
0.0598573
0.0598473
0.0598392
0.0598333
0.0598292
0.059827
0.0598263
0.0598271
0.059829
0.0598319
0.0598358
0.0598403
0.0598454
0.0598508
0.0598566
0.0598624
0.0598683
0.0598739
0.0598792
0.0598838
0.0598877
0.0598904
0.0598919
0.0598919
0.0598905
0.0598878
0.059884
0.0598795
0.0598747
0.0598702
0.0598664
0.0598639
0.059863
0.0598643
0.059868
0.0598744
0.0598836
0.0598956
0.0599096
0.0599251
0.0599409
0.0599559
0.0599691
0.0599799
0.0599878
0.0599923
0.0599928
0.0599891
0.0599815
0.0599709
0.0599593
0.0599484
0.0599399
0.0599351
0.0599347
0.0599388
0.0599471
0.0599583
0.0599709
0.059983
0.0599929
0.0599995
0.0600026
0.0600026
0.0600002
0.0599959
0.0599902
0.0599832
0.0599749
0.0599657
0.0599561
0.0599467
0.0599379
0.0599303
0.0599241
0.0599195
0.0599163
0.0599144
0.0599135
0.0599132
0.0599131
0.0599127
0.0599119
0.0599108
0.0599095
0.0599085
0.0599083
0.0599092
0.0599114
0.059915
0.0599196
0.0599249
0.0599302
0.0599351
0.0599391
0.0599417
0.059943
0.0599428
0.0599413
0.0599387
0.0599354
0.0599317
0.0599279
0.0599243
0.0599212
0.0599189
0.0599176
0.0599176
0.0599187
0.059921
0.0599239
0.0599271
0.0599297
0.0599311
0.0599307
0.0599283
0.0599241
0.0599184
0.0599118
0.0599046
0.0598974
0.0598904
0.0598837
0.0598776
0.059872
0.0598668
0.0598621
0.0598575
0.0598531
0.0598486
0.0598441
0.0598398
0.0598358
0.0598323
0.0598296
0.0598279
0.0598275
0.0598284
0.0598308
0.0598349
0.0598408
0.0598484
0.0598578
0.059869
0.0598819
0.0598964
0.0599122
0.0599292
0.0599472
0.0599663
0.0599864
0.0600074
0.0600289
0.0600496
0.0600669
0.0600778
0.0600795
0.0600709
0.0600538
0.0600319
0.06001
0.0599923
0.0599817
0.059979
0.0599835
0.0599923
0.0600012
0.0600061
0.0600049
0.0599989
0.0599921
0.0599892
0.0599941
0.0600088
0.0600332
0.0600651
0.0601001
0.0601323
0.0601556
0.0601657
0.0601616
0.0601449
0.0601192
0.0600885
0.0600569
0.0600279
0.0600039
0.0599865
0.0599765
0.0599736
0.0599772
0.0599855
0.0599963
0.0600067
0.0600139
0.0600167
0.0600153
0.0600117
0.0600081
0.0600062
0.0600066
0.0600089
0.0600121
0.0600151
0.0600172
0.0600182
0.060018
0.0600171
0.060016
0.0600149
0.0600141
0.0600134
0.0600126
0.0600115
0.0600098
0.0600074
0.0600045
0.0600013
0.059998
0.0599947
0.0599914
0.059988
0.0599843
0.0599804
0.0599761
0.0599715
0.0599667
0.0599619
0.0599577
0.0599544
0.0599521
0.0599507
0.0599494
0.0599471
0.0599424
0.0599345
0.0599228
0.0599081
0.0598915
0.0598744
0.0598582
0.0598438
0.0598316
0.0598216
0.0598139
0.059808
0.0598038
0.0598009
0.059799
0.059798
0.0597977
0.0597978
0.0597983
0.059799
0.0597998
0.0598006
0.0598014
0.0598021
0.0598028
0.0598034
0.0598039
0.0598044
0.0598049
0.0598057
0.0598068
0.0598083
0.0598105
0.0598135
0.0598176
0.0598231
0.0598301
0.0598389
0.0598496
0.0598624
0.0598769
0.059893
0.05991
0.0599271
0.0599436
0.059959
0.0599729
0.0599857
0.0599979
0.0600099
0.0600217
0.060033
0.0600426
0.0600491
0.0600514
0.0600489
0.0600421
0.0600326
0.0600223
0.0600129
0.0600056
0.0600009
0.0599987
0.0599986
0.0599998
0.0600012
0.0600022
0.0600021
0.060001
0.059999
0.0599967
0.0599946
0.0599934
0.0599934
0.0599945
0.0599966
0.0599988
0.0600004
0.0600009
0.06
0.0599977
0.0599942
0.0599892
0.0599828
0.0599745
0.0599646
0.0599534
0.0599418
0.0599306
0.0599209
0.0599134
0.0599084
0.0599061
0.0599064
0.0599088
0.0599129
0.059918
0.0599237
0.0599294
0.059935
0.0599404
0.0599458
0.0599514
0.0599575
0.0599642
0.0599715
0.0599796
0.0599882
0.0599971
0.0600061
0.0600148
0.0600229
0.0600297
0.060035
0.0600384
0.0600396
0.0600389
0.0600367
0.0600336
0.0600307
0.0600289
0.0600287
0.0600305
0.060034
0.0600384
0.0600427
0.0600452
0.0600447
0.0600402
0.0600313
0.0600184
0.0600025
0.0599849
0.0599669
0.0599499
0.0599345
0.0599214
0.059911
0.0599033
0.0598983
0.0598961
0.0598964
0.0598994
0.0599048
0.0599128
0.0599232
0.0599357
0.05995
0.0599654
0.0599808
0.0599951
0.0600066
0.0600139
0.060016
0.0600126
0.0600041
0.0599919
0.0599777
0.059963
0.0599489
0.0599362
0.0599249
0.0599151
0.0599067
0.0598994
0.0598931
0.0598878
0.0598834
0.0598798
0.0598772
0.0598756
0.0598751
0.0598759
0.059878
0.0598816
0.0598867
0.0598933
0.0599011
0.0599094
0.0599174
0.0599238
0.0599277
0.0599281
0.0599249
0.0599186
0.0599101
0.0599006
0.0598911
0.0598825
0.059875
0.0598689
0.059864
0.0598604
0.0598577
0.0598558
0.0598545
0.0598535
0.0598528
0.0598522
0.0598515
0.0598507
0.0598498
0.0598487
0.0598474
0.059846
0.0598446
0.059843
0.0598415
0.0598401
0.0598387
0.0598376
0.0598367
0.0598361
0.0598358
0.0598359
0.0598364
0.0598374
0.0598388
0.0598407
0.0598431
0.059846
0.0598494
0.0598532
0.0598573
0.0598616
0.0598659
0.0598699
0.0598733
0.0598759
0.0598773
0.0598773
0.059876
0.0598735
0.0598701
0.059866
0.0598619
0.0598581
0.0598552
0.0598534
0.0598532
0.0598548
0.0598583
0.0598639
0.0598713
0.0598802
0.0598897
0.0598988
0.0599062
0.0599106
0.0599113
0.0599086
0.0599031
0.0598961
0.0598889
0.0598825
0.0598777
0.0598748
0.0598741
0.0598755
0.0598789
0.0598839
0.0598902
0.0598972
0.0599042
0.0599106
0.0599156
0.0599188
0.0599197
0.0599184
0.0599152
0.0599103
0.0599044
0.059898
0.0598915
0.0598852
0.0598793
0.0598739
0.0598689
0.0598645
0.0598605
0.059857
0.0598542
0.059852
0.0598507
0.0598503
0.0598507
0.059852
0.059854
0.0598564
0.0598589
0.0598613
0.0598632
0.0598645
0.059865
0.0598649
0.0598643
0.0598633
0.0598621
0.059861
0.0598601
0.0598594
0.0598592
0.0598594
0.0598602
0.0598616
0.0598638
0.0598667
0.0598704
0.0598749
0.0598802
0.0598864
0.0598932
0.0599005
0.0599081
0.0599155
0.0599222
0.0599275
0.0599305
0.0599306
0.0599276
0.0599214
0.0599126
0.0599021
0.0598909
0.0598798
0.0598697
0.0598608
0.0598537
0.0598482
0.0598445
0.0598425
0.059842
0.0598428
0.0598447
0.0598474
0.0598506
0.0598539
0.0598568
0.0598589
0.0598599
0.0598595
0.0598578
0.0598548
0.059851
0.0598465
0.0598419
0.0598374
0.0598333
0.0598297
0.0598267
0.0598243
0.0598226
0.0598215
0.0598209
0.0598208
0.059821
0.0598216
0.0598224
0.0598234
0.0598244
0.0598254
0.0598263
0.0598272
0.059828
0.0598288
0.0598295
0.0598303
0.0598313
0.0598326
0.0598343
0.0598365
0.0598394
0.0598432
0.0598481
0.059854
0.0598613
0.0598699
0.0598799
0.0598912
0.0599037
0.0599172
0.0599311
0.0599448
0.0599578
0.0599693
0.0599787
0.0599854
0.0599893
0.0599903
0.0599887
0.0599848
0.0599792
0.0599724
0.0599652
0.0599581
0.059952
0.0599474
0.0599448
0.0599447
0.0599471
0.059952
0.059959
0.0599673
0.0599762
0.0599845
0.0599911
0.0599951
0.059996
0.0599936
0.0599882
0.0599804
0.0599708
0.0599602
0.0599494
0.0599389
0.0599295
0.0599217
0.0599161
0.0599129
0.0599123
0.0599142
0.0599177
0.0599219
0.0599254
0.0599266
0.0599247
0.0599194
0.0599116
0.0599024
0.0598934
0.0598858
0.0598804
0.0598774
0.0598769
0.0598785
0.0598816
0.0598855
0.0598897
0.0598934
0.0598966
0.059899
0.0599008
0.0599023
0.0599037
0.0599053
0.0599071
0.059909
0.059911
0.0599129
0.0599147
0.0599164
0.0599179
0.0599195
0.0599211
0.0599229
0.0599249
0.0599269
0.059929
0.0599311
0.0599332
0.0599354
0.0599378
0.0599406
0.0599439
0.0599478
0.0599523
0.0599571
0.0599619
0.059966
0.0599689
0.05997
0.0599688
0.0599649
0.0599583
0.0599494
0.0599387
0.0599268
0.0599144
0.0599022
0.0598906
0.0598799
0.0598704
0.059862
0.0598548
0.0598487
0.0598438
0.0598402
0.0598377
0.0598366
0.0598369
0.0598388
0.0598422
0.0598469
0.0598527
0.0598587
0.0598641
0.0598679
0.0598693
0.0598677
0.0598635
0.0598574
0.0598503
0.0598436
0.0598381
0.0598346
0.0598337
0.0598355
0.0598403
0.0598482
0.0598591
0.0598732
0.0598902
0.0599099
0.0599319
0.0599554
0.0599795
0.0600029
0.0600244
0.0600425
0.0600564
0.0600651
0.0600685
0.0600668
0.0600606
0.0600511
0.0600395
0.0600272
0.0600151
0.060004
0.059994
0.0599851
