-0.38431
-0.387317
-0.389626
-0.391186
-0.391956
-0.391958
-0.39121
-0.389731
-0.387597
-0.384844
-0.381578
-0.377916
-0.374034
-0.370128
-0.366451
-0.36324
-0.360706
-0.358976
-0.358035
-0.357758
-0.357888
-0.358078
-0.357998
-0.357405
-0.356234
-0.354617
-0.352985
-0.351878
-0.351843
-0.353203
-0.355905
-0.359583
-0.363656
-0.367582
-0.37097
-0.373618
-0.375511
-0.37673
-0.377416
-0.377692
-0.377676
-0.377475
-0.377149
-0.376758
-0.37637
-0.376064
-0.375906
-0.375968
-0.37627
-0.376842
-0.377669
-0.37866
-0.379696
-0.380663
-0.38138
-0.381639
-0.38123
-0.37995
-0.377646
-0.374208
-0.369733
-0.364544
-0.359257
-0.354708
-0.351728
-0.350813
-0.351912
-0.354459
-0.357646
-0.360679
-0.363057
-0.36453
-0.365077
-0.364791
-0.363798
-0.362162
-0.359857
-0.356805
-0.352861
-0.347959
-0.342217
-0.336121
-0.330542
-0.326667
-0.325621
-0.327916
-0.333215
-0.340436
-0.348333
-0.355856
-0.362327
-0.367475
-0.371276
-0.373837
-0.375316
-0.375861
-0.375633
-0.374776
-0.373455
-0.37178
-0.369887
-0.367864
-0.365813
-0.363803
-0.361887
-0.360057
-0.358295
-0.356562
-0.354802
-0.352993
-0.35111
-0.349144
-0.347127
-0.345096
-0.343062
-0.341047
-0.339043
-0.337015
-0.334859
-0.332481
-0.329803
-0.326706
-0.323124
-0.319053
-0.314575
-0.309827
-0.30508
-0.300692
-0.297073
-0.294612
-0.29354
-0.293918
-0.295586
-0.298205
-0.301382
-0.304732
-0.307955
-0.310851
-0.313321
-0.315341
-0.316936
-0.318138
-0.319042
-0.319688
-0.320125
-0.320409
-0.320572
-0.320642
-0.320641
-0.3206
-0.320514
-0.320389
-0.320236
-0.320036
-0.319809
-0.31953
-0.319193
-0.318794
-0.318341
-0.317821
-0.317231
-0.316591
-0.315895
-0.315157
-0.314398
-0.31363
-0.312856
-0.31208
-0.311311
-0.310533
-0.30972
-0.308859
-0.307946
-0.306989
-0.306026
-0.305121
-0.304364
-0.303868
-0.303724
-0.304017
-0.304777
-0.306027
-0.307725
-0.309798
-0.312184
-0.314821
-0.317646
-0.320618
-0.323732
-0.326963
-0.330314
-0.333758
-0.337249
-0.340686
-0.34397
-0.346979
-0.349606
-0.351707
-0.353198
-0.354037
-0.35416
-0.353553
-0.352236
-0.3502
-0.347449
-0.344024
-0.339975
-0.335452
-0.330742
-0.326289
-0.322628
-0.320279
-0.319596
-0.320671
-0.323282
-0.327058
-0.331598
-0.336554
-0.341714
-0.346999
-0.352308
-0.35762
-0.362827
-0.367826
-0.372532
-0.376911
-0.38093
-0.384632
-0.388066
-0.391304
-0.394388
-0.397327
-0.400107
-0.402665
-0.404936
-0.406829
-0.408295
-0.409274
-0.409746
-0.409695
-0.409132
-0.408137
-0.406782
-0.405183
-0.403497
-0.401855
-0.4004
-0.399151
-0.398039
-0.396831
-0.39524
-0.392931
-0.389733
-0.385747
-0.381406
-0.377416
-0.374576
-0.373516
-0.374438
-0.377146
-0.381158
-0.385937
-0.391
-0.395938
-0.400418
-0.404161
-0.406928
-0.408595
-0.409164
-0.408846
-0.40805
-0.407429
-0.407647
-0.409222
-0.412331
-0.416716
-0.42181
-0.426961
-0.431549
-0.435183
-0.437613
-0.438727
-0.438497
-0.436883
-0.433808
-0.429223
-0.423075
-0.415419
-0.40653
-0.397021
-0.387814
-0.380049
-0.374642
-0.371968
-0.371668
-0.37295
-0.374954
-0.376985
-0.378747
-0.380169
-0.381352
-0.382439
-0.383573
-0.384826
-0.386284
-0.387957
-0.389794
-0.391733
-0.393671
-0.395462
-0.396951
-0.397998
-0.398499
-0.398404
-0.397699
-0.396448
-0.394763
-0.392792
-0.39073
-0.388781
-0.387111
-0.385816
-0.384952
-0.384506
-0.3844
-0.384536
-0.38481
-0.385088
-0.38527
-0.38525
-0.38492
-0.384242
-0.383181
-0.381753
-0.380045
-0.378174
-0.37626
-0.374413
-0.372751
-0.371287
-0.369979
-0.368768
-0.367584
-0.366408
-0.365311
-0.364461
-0.364113
-0.364576
-0.366163
-0.36904
-0.373124
-0.37812
-0.383525
-0.388787
-0.393367
-0.396876
-0.399043
-0.399739
-0.398983
-0.396954
-0.39398
-0.390525
-0.387139
-0.384236
-0.381969
-0.38012
-0.378131
-0.375429
-0.371622
-0.366779
-0.361424
-0.356429
-0.352819
-0.3516
-0.353713
-0.359784
-0.369673
-0.382184
-0.395424
-0.40751
-0.417162
-0.423866
-0.427663
-0.428954
-0.428248
-0.42607
-0.422912
-0.419178
-0.415194
-0.411203
-0.40743
-0.404064
-0.401233
-0.398959
-0.397198
-0.395913
-0.395119
-0.394961
-0.395611
-0.397135
-0.399428
-0.402234
-0.405239
-0.408105
-0.410602
-0.412626
-0.414112
-0.415097
-0.415608
-0.415713
-0.415491
-0.415009
-0.414384
-0.413762
-0.413356
-0.413407
-0.41414
-0.415743
-0.418276
-0.421669
-0.425735
-0.430224
-0.434812
-0.439217
-0.44321
-0.446609
-0.449278
-0.451114
-0.452033
-0.45195
-0.45077
-0.448347
-0.444557
-0.439235
-0.432266
-0.42362
-0.413431
-0.402119
-0.390432
-0.379471
-0.370603
-0.365107
-0.36388
-0.367054
-0.373957
-0.383255
-0.393431
-0.403166
-0.411549
-0.418107
-0.42268
-0.425328
-0.426235
-0.425691
-0.424109
-0.421933
-0.419686
-0.417821
-0.416665
-0.416316
-0.416673
-0.417461
-0.418393
-0.419253
-0.419895
-0.420311
-0.420548
-0.42068
-0.42079
-0.420893
-0.420984
-0.421031
-0.420956
-0.420682
-0.420172
-0.419389
-0.418332
-0.417028
-0.415521
-0.413909
-0.412263
-0.410671
-0.409198
-0.407886
-0.406753
-0.405752
-0.404828
-0.403891
-0.402841
-0.401588
-0.400087
-0.398345
-0.396404
-0.394364
-0.392354
-0.390554
-0.389101
-0.38814
-0.387737
-0.387874
-0.388503
-0.389474
-0.390623
-0.391783
-0.392805
-0.393569
-0.393992
-0.394027
-0.393625
-0.392727
-0.391312
-0.389352
-0.386855
-0.383882
-0.380617
-0.377291
-0.374229
-0.371752
-0.370153
-0.369614
-0.370158
-0.371667
-0.373933
-0.376691
-0.379643
-0.382552
-0.385236
-0.387566
-0.389499
-0.391027
-0.392177
-0.392964
-0.393424
-0.39357
-0.393405
-0.39291
-0.392093
-0.390983
-0.389618
-0.388155
-0.386773
-0.385644
-0.384916
-0.384592
-0.384571
-0.384583
-0.384357
-0.383703
-0.382595
-0.381138
-0.37947
-0.377643
-0.37546
-0.372531
-0.368416
-0.362846
-0.356058
-0.348869
-0.342631
-0.338813
-0.338518
-0.341966
-0.348492
-0.356896
-0.365887
-0.374421
-0.381819
-0.38774
-0.392113
-0.394959
-0.396407
-0.396605
-0.395697
-0.393853
-0.391187
-0.387843
-0.38393
-0.379532
-0.374748
-0.369636
-0.364229
-0.358565
-0.352732
-0.34687
-0.341306
-0.336576
-0.333402
-0.332536
-0.33443
-0.338964
-0.345454
-0.352879
-0.360259
-0.366903
-0.372448
-0.376811
-0.380117
-0.382495
-0.384182
-0.385324
-0.386073
-0.386537
-0.386798
-0.386903
-0.386899
-0.386808
-0.386653
-0.386437
-0.386145
-0.385803
-0.385398
-0.384931
-0.384398
-0.383793
-0.383117
-0.38235
-0.381481
-0.380472
-0.379275
-0.377801
-0.375945
-0.373527
-0.370342
-0.366166
-0.360805
-0.354147
-0.346256
-0.337503
-0.328611
-0.320555
-0.314406
-0.311014
-0.310736
-0.313411
-0.318448
-0.325104
-0.332563
-0.340152
-0.347303
-0.353567
-0.358673
-0.362447
-0.364867
-0.366047
-0.36619
-0.365595
-0.364628
-0.363658
-0.362983
-0.362758
-0.362951
-0.363419
-0.363908
-0.364139
-0.36388
-0.362949
-0.361239
-0.358732
-0.355491
-0.351648
-0.347427
-0.343142
-0.339185
-0.33597
-0.333942
-0.333425
-0.334604
-0.337388
-0.3415
-0.346479
-0.351841
-0.357082
-0.36184
-0.365854
-0.36897
-0.37111
-0.372253
-0.372413
-0.371576
-0.369775
-0.36705
-0.363414
-0.358939
-0.353721
-0.347944
-0.341851
-0.335804
-0.330263
-0.325712
-0.322542
-0.320956
-0.320879
-0.321975
-0.323749
-0.325659
-0.327318
-0.328468
-0.329094
-0.329323
-0.329359
-0.329483
-0.329932
-0.330879
-0.332387
-0.334384
-0.336698
-0.339115
-0.341372
-0.343263
-0.344686
-0.34567
-0.346396
-0.347159
-0.348276
-0.349989
-0.352365
-0.355259
-0.358378
-0.361325
-0.363726
-0.365266
-0.365735
-0.364992
-0.363039
-0.359926
-0.355806
-0.350954
-0.345759
-0.340706
-0.336345
-0.333194
-0.331639
-0.331844
-0.33372
-0.336939
-0.340992
-0.345323
-0.349391
-0.352741
-0.35503
-0.356018
-0.355576
-0.353643
-0.350269
-0.345636
-0.340018
-0.333834
-0.327581
-0.321807
-0.316971
-0.313314
-0.310877
-0.309524
-0.309137
-0.309705
-0.311316
-0.314011
-0.317638
-0.321793
-0.325998
-0.329831
-0.333054
-0.335612
-0.337584
-0.339113
-0.340366
-0.341479
-0.342531
-0.343596
-0.344682
-0.34579
-0.346916
-0.348021
-0.349098
-0.350109
-0.351063
-0.351953
-0.352791
-0.353592
-0.354395
-0.355222
-0.3561
-0.357032
-0.358038
-0.359094
-0.360192
-0.361301
-0.362374
-0.36335
-0.364166
-0.364717
-0.364889
-0.364494
-0.363329
-0.361117
-0.357585
-0.352408
-0.345382
-0.336476
-0.325954
-0.314548
-0.30337
-0.293771
-0.2871
-0.28437
-0.285942
-0.291305
-0.299202
-0.308042
-0.316484
-0.323723
-0.329549
-0.334119
-0.3377
-0.340541
-0.342783
-0.34448
-0.345622
-0.346207
-0.346242
-0.345802
-0.345018
-0.34407
-0.343058
-0.342045
-0.340993
-0.33979
-0.338326
-0.336563
-0.334621
-0.332818
-0.331579
-0.331324
-0.332291
-0.334502
-0.337715
-0.341564
-0.345639
-0.34964
-0.353322
-0.356566
-0.359304
-0.361515
-0.363209
-0.364414
-0.365119
-0.365398
-0.36527
-0.364738
-0.363833
-0.362553
-0.360871
-0.35874
-0.35611
-0.352985
-0.349414
-0.345544
-0.341629
-0.337911
-0.334481
-0.331205
-0.327799
-0.324141
-0.320735
-0.318764
-0.319649
-0.324055
-0.33122
-0.339252
-0.346108
-0.350534
-0.352536
-0.353287
-0.354674
-0.358437
-0.365303
-0.374641
-0.384981
-0.394767
-0.402887
-0.408811
-0.412342
-0.413443
-0.412064
-0.408122
-0.401565
-0.392545
-0.381635
-0.369997
-0.359361
-0.351743
-0.348801
-0.351254
-0.358488
-0.36879
-0.379967
-0.39012
-0.398028
-0.403185
-0.405581
-0.405481
-0.403271
-0.399364
-0.39425
-0.388424
-0.382445
-0.376789
-0.371741
-0.367306
-0.363123
-0.358671
-0.353379
-0.346962
-0.339652
-0.332284
-0.326197
-0.322841
-0.323177
-0.327283
-0.334314
-0.342973
-0.35205
-0.360728
-0.36864
-0.375733
-0.382075
-0.387806
-0.393014
-0.397745
-0.401971
-0.40565
-0.408754
-0.411258
-0.413142
-0.414421
-0.415113
-0.41528
-0.414948
-0.414125
-0.412816
-0.411001
-0.408618
-0.405627
-0.401966
-0.397549
-0.392341
-0.386324
-0.379483
-0.371844
-0.363467
-0.354436
-0.344891
-0.335113
-0.32552
-0.316697
-0.309419
-0.30446
-0.302536
-0.303963
-0.308605
-0.315807
-0.324568
-0.333796
-0.342535
-0.350108
-0.356166
-0.36059
-0.363478
-0.364993
-0.365389
-0.36491
-0.363773
-0.362167
-0.360246
-0.3581
-0.35577
-0.353279
-0.35061
-0.347789
-0.344863
-0.341944
-0.339223
-0.336929
-0.335259
-0.334293
-0.33393
-0.333876
-0.33373
-0.333053
-0.331536
-0.328995
-0.325585
-0.321784
-0.318318
-0.315992
-0.315451
-0.316869
-0.31996
-0.324084
-0.328559
-0.333231
-0.33693
-0.340018
-0.342574
-0.344698
-0.346537
-0.348211
-0.349822
-0.351432
-0.353069
-0.354902
-0.356564
-0.358209
-0.359751
-0.361095
-0.362134
-0.362727
-0.362677
-0.361832
-0.36002
-0.356796
-0.352876
-0.348407
-0.3441
-0.340862
-0.339482
-0.340315
-0.343061
-0.346904
-0.35086
-0.354382
-0.356292
-0.356865
-0.356267
-0.354899
-0.353223
-0.351747
-0.350903
-0.350987
-0.352085
-0.354356
-0.357153
-0.36038
-0.363787
-0.367201
-0.370515
-0.373669
-0.376651
-0.379454
-0.382057
-0.38471
-0.386924
-0.388921
-0.390697
-0.392225
-0.393499
-0.39451
-0.395245
-0.395683
-0.395838
-0.395722
-0.395397
-0.394923
-0.394394
-0.393973
-0.393777
-0.393965
-0.394672
-0.395959
-0.397814
-0.400122
-0.402752
-0.405459
-0.408059
-0.410349
-0.412207
-0.413531
-0.414282
-0.414508
-0.414262
-0.413652
-0.412828
-0.411954
-0.411206
-0.410761
-0.410799
-0.411411
-0.412668
-0.414567
-0.417061
-0.420056
-0.423403
-0.42696
-0.430613
-0.43422
-0.437677
-0.440906
-0.44382
-0.446341
-0.448395
-0.449881
-0.450718
-0.450815
-0.450093
-0.44856
-0.4463
-0.443532
-0.440642
-0.438174
-0.436746
-0.436848
-0.438741
-0.442262
-0.446929
-0.452029
-0.456797
-0.460568
-0.462795
-0.463068
-0.461131
-0.456827
-0.450168
-0.441321
-0.430746
-0.419231
-0.407944
-0.398269
-0.391588
-0.388869
-0.390295
-0.395252
-0.402587
-0.411006
-0.419447
-0.427272
-0.43418
-0.440129
-0.445159
-0.449326
-0.452654
-0.45517
-0.456848
-0.457712
-0.4578
-0.457153
-0.455819
-0.453854
-0.45132
-0.448231
-0.444616
-0.440436
-0.435552
-0.429792
-0.42295
-0.414923
-0.40588
-0.396402
-0.387532
-0.380641
-0.377089
-0.377702
-0.382433
-0.390412
-0.400201
-0.410356
-0.419758
-0.427678
-0.43381
-0.438128
-0.440788
-0.44205
-0.442183
-0.441472
-0.440152
-0.43838
-0.43626
-0.43381
-0.431024
-0.427846
-0.424238
-0.420167
-0.415666
-0.41084
-0.40584
-0.400829
-0.395954
-0.391268
-0.386765
-0.382381
-0.378034
-0.373713
-0.369513
-0.36563
-0.362263
-0.359533
-0.357347
-0.355469
-0.353554
-0.351316
-0.348719
-0.346089
-0.344099
-0.343595
-0.345206
-0.349065
-0.354654
-0.361108
-0.367503
-0.373147
-0.377648
-0.380923
-0.383008
-0.384085
-0.384287
-0.383763
-0.382615
-0.380914
-0.378696
-0.375961
-0.372717
-0.368978
-0.364772
-0.360164
-0.355281
-0.350299
-0.345448
-0.340952
-0.337002
-0.333753
-0.331284
-0.329624
-0.328773
-0.328706
-0.329374
-0.330714
-0.33262
-0.334969
-0.337572
-0.340273
-0.342922
-0.345373
-0.347543
-0.349347
-0.350737
-0.351683
-0.352199
-0.352263
-0.351877
-0.351053
-0.349821
-0.348238
-0.346395
-0.344436
-0.34254
-0.340828
-0.339414
-0.338307
-0.337411
-0.336554
-0.33552
-0.334112
-0.332242
-0.329929
-0.327334
-0.324743
-0.322523
-0.321014
-0.320461
-0.320909
-0.322201
-0.323972
-0.325785
-0.327145
-0.327641
-0.327006
-0.32517
-0.322302
-0.318835
-0.31538
-0.312579
-0.310873
-0.310325
-0.310653
-0.311333
-0.311955
-0.312294
-0.312432
-0.312692
-0.313506
-0.315245
-0.318023
-0.321719
-0.325992
-0.330385
-0.334496
-0.338034
-0.340823
-0.342807
-0.344013
-0.344507
-0.344388
-0.343735
-0.342647
-0.341214
-0.339495
-0.337546
-0.335435
-0.333215
-0.330932
-0.328618
-0.326329
-0.32411
-0.322004
-0.320094
-0.318451
-0.317179
-0.316376
-0.316129
-0.316502
-0.317518
-0.31913
-0.321242
-0.32371
-0.326346
-0.328935
-0.331293
-0.33321
-0.334489
-0.334964
-0.334452
-0.33285
-0.330088
-0.326203
-0.321382
-0.315966
-0.310405
-0.30518
-0.300661
-0.297152
-0.294852
-0.293961
-0.294749
-0.297373
-0.301733
-0.307365
-0.313512
-0.319323
-0.324034
-0.327084
-0.328165
-0.327199
-0.324389
-0.320212
-0.315367
-0.310685
-0.306924
-0.304561
-0.303656
-0.303988
-0.30518
-0.306964
-0.309189
-0.311834
-0.31487
-0.318185
-0.321583
-0.324825
-0.32771
-0.330059
-0.331775
-0.332827
-0.333252
-0.333145
-0.332659
-0.332001
-0.33137
-0.33097
-0.330871
-0.331077
-0.331454
-0.331808
-0.331917
-0.331603
-0.330763
-0.329397
-0.327605
-0.325566
-0.323513
-0.321676
-0.320253
-0.319387
-0.319149
-0.319526
-0.320438
-0.321773
-0.323407
-0.325194
-0.327003
-0.328685
-0.330117
-0.331193
-0.331793
-0.331835
-0.33131
-0.330269
-0.328844
-0.327307
-0.32597
-0.325139
-0.325055
-0.325809
-0.327356
-0.329516
-0.332062
-0.334783
-0.33752
-0.340152
-0.342613
-0.34487
-0.346933
-0.348845
-0.350679
-0.352523
-0.354462
-0.356533
-0.358757
-0.361098
-0.363501
-0.365864
-0.368089
-0.370095
-0.371798
-0.373122
-0.373998
-0.374408
-0.374293
-0.373603
-0.372342
-0.370483
-0.368047
-0.365061
-0.361588
-0.357666
-0.353299
-0.348445
-0.343004
-0.336917
-0.330339
-0.323776
-0.318349
-0.315507
-0.3166
-0.322156
-0.331451
-0.342695
-0.353711
-0.362592
-0.368104
-0.369816
-0.368194
-0.364576
-0.360986
-0.359449
-0.360968
-0.364921
-0.369398
-0.372097
-0.371194
-0.365702
-0.355582
-0.341769
-0.326237
-0.311734
-0.301079
-0.29619
-0.297556
-0.304355
-0.31497
-0.327555
-0.340306
-0.351734
-0.360759
-0.366763
-0.369517
-0.3691
-0.365892
-0.360627
-0.354365
-0.348464
-0.344142
-0.342045
-0.341959
-0.342935
-0.343878
-0.343976
-0.342954
-0.341022
-0.338638
-0.33631
-0.33437
-0.33297
-0.332023
-0.33134
-0.330702
-0.329937
-0.328967
-0.327836
-0.326654
-0.325565
-0.324679
-0.324005
-0.323481
-0.323022
-0.322505
-0.321904
-0.321228
-0.320503
-0.319807
-0.319172
-0.31864
-0.3182
-0.317795
-0.317273
-0.316435
-0.31509
-0.313166
-0.310756
-0.308193
-0.306005
-0.304826
-0.30514
-0.30714
-0.310597
-0.314941
-0.31953
-0.323786
-0.327338
-0.330025
-0.331844
-0.332904
-0.333319
-0.333243
-0.332832
-0.332205
-0.331461
-0.330678
-0.329915
-0.32924
-0.328702
-0.32834
-0.328179
-0.328245
-0.328548
-0.329101
-0.329913
-0.330962
-0.332234
-0.333688
-0.335286
-0.336973
-0.338687
-0.340347
-0.341875
-0.343156
-0.344074
-0.344527
-0.344372
-0.343551
-0.342001
-0.339737
-0.336909
-0.333728
-0.33052
-0.327596
-0.325194
-0.323349
-0.321889
-0.320542
-0.319043
-0.317307
-0.315514
-0.314141
-0.313859
-0.315229
-0.318506
-0.323435
-0.329365
-0.335429
-0.340845
-0.3451
-0.347986
-0.349569
-0.350124
-0.350065
-0.349832
-0.349798
-0.350207
-0.351107
-0.352381
-0.353766
-0.354984
-0.355747
-0.355876
-0.355343
-0.35429
-0.353025
-0.351878
-0.351072
-0.350737
-0.350844
-0.35134
-0.352295
-0.353811
-0.356043
-0.359018
-0.362572
-0.366379
-0.370036
-0.373137
-0.375386
-0.376602
-0.376763
-0.375953
-0.37434
-0.372169
-0.369687
-0.367149
-0.364737
-0.362532
-0.360531
-0.358633
-0.356717
-0.354647
-0.352347
-0.349747
-0.34685
-0.343687
-0.34034
-0.336899
-0.333503
-0.330334
-0.327584
-0.325437
-0.324052
-0.323511
-0.323744
-0.32456
-0.325615
-0.326478
-0.326744
-0.326098
-0.324392
-0.321717
-0.318409
-0.315018
-0.312209
-0.310624
-0.31072
-0.312667
-0.316278
-0.321135
-0.326664
-0.332267
-0.33745
-0.341856
-0.345277
-0.347619
-0.348862
-0.349035
-0.348174
-0.346324
-0.343487
-0.339679
-0.334892
-0.32914
-0.322479
-0.315058
-0.307134
-0.299105
-0.291532
-0.285089
-0.280445
-0.278084
-0.278167
-0.280435
-0.284264
-0.288883
-0.29361
-0.297949
-0.30164
-0.304613
-0.306922
-0.308665
-0.309929
-0.310806
-0.311352
-0.311593
-0.311535
-0.311178
-0.310477
-0.309381
-0.30784
-0.305768
-0.303112
-0.299802
-0.29586
-0.291393
-0.286626
-0.281961
-0.277913
-0.27499
-0.273569
-0.273738
-0.275255
-0.27767
-0.280478
-0.283203
-0.285532
-0.287314
-0.288495
-0.28913
-0.289279
-0.289068
-0.2886
-0.287944
-0.287199
-0.286438
-0.285718
-0.28509
-0.28459
-0.28422
-0.283989
-0.28391
-0.28396
-0.284118
-0.284381
-0.284722
-0.285099
-0.285512
-0.285928
-0.286333
-0.286703
-0.287024
-0.28727
-0.287442
-0.287515
-0.287464
-0.287296
-0.287005
-0.286556
-0.285973
-0.285249
-0.28445
-0.283599
-0.282776
-0.282096
-0.281677
-0.281648
-0.282145
-0.283232
-0.284927
-0.28718
-0.289866
-0.292833
-0.295873
-0.298783
-0.301373
-0.303476
-0.304946
-0.305647
-0.305499
-0.304454
-0.302557
-0.299964
-0.297002
-0.294176
-0.292049
-0.291174
-0.291858
-0.294062
-0.297429
-0.301408
-0.305419
-0.308991
-0.311798
-0.313685
-0.314605
-0.314574
-0.313665
-0.312011
-0.309785
-0.307192
-0.304513
-0.302045
-0.300074
-0.298847
-0.298488
-0.299016
-0.300289
-0.302125
-0.304289
-0.306547
-0.308722
-0.310696
-0.312401
-0.313836
-0.31503
-0.315989
-0.316746
-0.317286
-0.317588
-0.317618
-0.317314
-0.31666
-0.315672
-0.314339
-0.312755
-0.311028
-0.309289
-0.30766
-0.306285
-0.305221
-0.304519
-0.304168
-0.304091
-0.304216
-0.304448
-0.304721
-0.304965
-0.305118
-0.305164
-0.305064
-0.30477
-0.304266
-0.303527
-0.302513
-0.301186
-0.299541
-0.297547
-0.295203
-0.292531
-0.289593
-0.286472
-0.283322
-0.280407
-0.278004
-0.276471
-0.276097
-0.277068
-0.279343
-0.28268
-0.2867
-0.290979
-0.295134
-0.298841
-0.30194
-0.304344
-0.306012
-0.306971
-0.307279
-0.306964
-0.306154
-0.30491
-0.303378
-0.301674
-0.29998
-0.298476
-0.29735
-0.296758
-0.296769
-0.297408
-0.298591
-0.300188
-0.302049
-0.304016
-0.305967
-0.307789
-0.309434
-0.310866
-0.312086
-0.313114
-0.313965
-0.314673
-0.31527
-0.315798
-0.316298
-0.316808
-0.317353
-0.317972
-0.318691
-0.319542
-0.320527
-0.321651
-0.322917
-0.324294
-0.325759
-0.32726
-0.328766
-0.330208
-0.331539
-0.332682
-0.333567
-0.334127
-0.334291
-0.33398
-0.333163
-0.331785
-0.329848
-0.327388
-0.324502
-0.321361
-0.318181
-0.31524
-0.312827
-0.311206
-0.310591
-0.311053
-0.312609
-0.315155
-0.318517
-0.322475
-0.326802
-0.331205
-0.33541
-0.339108
-0.342039
-0.343969
-0.344759
-0.344329
-0.342713
-0.340071
-0.336687
-0.332961
-0.329337
-0.326328
-0.324299
-0.323515
-0.324008
-0.325666
-0.328242
-0.331433
-0.334911
-0.338386
-0.341603
-0.344295
-0.346215
-0.347162
-0.346982
-0.345629
-0.343193
-0.339958
-0.336436
-0.333298
-0.331203
-0.330603
-0.331569
-0.3338
-0.33667
-0.339505
-0.341779
-0.343121
-0.343405
-0.342675
-0.341099
-0.338946
-0.336534
-0.334139
-0.332002
-0.330266
-0.328938
-0.32793
-0.32712
-0.326365
-0.325561
-0.324686
-0.323762
-0.322834
-0.32195
-0.321129
-0.320396
-0.31972
-0.319028
-0.318282
-0.31746
-0.316558
-0.315597
-0.314598
-0.313601
-0.312586
-0.311515
-0.31033
-0.308913
-0.307224
-0.305196
-0.302838
-0.300234
-0.29755
-0.295043
-0.292951
-0.291579
-0.291138
-0.291773
-0.293502
-0.296197
-0.299618
-0.303493
-0.30752
-0.31145
-0.315108
-0.318367
-0.321184
-0.323563
-0.325515
-0.32708
-0.328268
-0.329082
-0.329507
-0.329494
-0.32899
-0.32794
-0.326339
-0.324225
-0.321759
-0.31924
-0.317072
-0.315714
-0.315558
-0.316829
-0.319431
-0.32304
-0.327171
-0.331326
-0.335077
-0.338117
-0.340241
-0.341343
-0.341349
-0.340232
-0.337944
-0.334482
-0.329826
-0.32406
-0.317317
-0.309856
-0.302048
-0.294371
-0.287366
-0.281596
-0.277469
-0.275314
-0.27523
-0.277112
-0.280657
-0.285365
-0.290679
-0.296041
-0.301
-0.305353
-0.309028
-0.312105
