1.43715
1.43722
1.4373
1.43736
1.43744
1.43752
1.43759
1.43767
1.43773
1.4378
1.43785
1.43789
1.43789
1.43789
1.43785
1.43779
1.43771
1.43763
1.43756
1.43751
1.43748
1.43749
1.43753
1.43758
1.43762
1.43766
1.43763
1.43754
1.43742
1.43728
1.43716
1.43709
1.43708
1.43712
1.43718
1.43726
1.43733
1.43739
1.43743
1.43746
1.43749
1.4375
1.43751
1.43752
1.43752
1.43751
1.43749
1.43746
1.43744
1.43742
1.43739
1.43737
1.43739
1.4374
1.43743
1.43748
1.43757
1.43767
1.43777
1.43789
1.43798
1.43802
1.438
1.43788
1.4377
1.43748
1.43729
1.43718
1.43715
1.4372
1.43727
1.43736
1.43745
1.43753
1.43759
1.43765
1.43773
1.4378
1.4379
1.43801
1.43809
1.43808
1.43798
1.43776
1.43745
1.43711
1.43683
1.4367
1.43668
1.43675
1.43688
1.43702
1.43715
1.43726
1.43735
1.43744
1.43751
1.43758
1.43761
1.43764
1.43764
1.43764
1.43763
1.43763
1.43761
1.4376
1.43759
1.43759
1.4376
1.43761
1.43762
1.43763
1.43764
1.43763
1.43763
1.43763
1.43763
1.43763
1.43765
1.43769
1.43773
1.43777
1.43782
1.43787
1.4379
1.43791
1.4379
1.43785
1.43776
1.43763
1.43749
1.43736
1.43725
1.43718
1.43714
1.43713
1.43715
1.43718
1.43723
1.43727
1.43731
1.43735
1.43737
1.43739
1.43741
1.43742
1.43743
1.43744
1.43746
1.43746
1.43746
1.43746
1.43745
1.43746
1.43745
1.43744
1.43745
1.43746
1.43746
1.43747
1.43748
1.43749
1.43749
1.4375
1.4375
1.4375
1.43751
1.43751
1.43751
1.43751
1.43751
1.43752
1.43752
1.43752
1.43752
1.43751
1.43749
1.43746
1.43741
1.43736
1.43731
1.43725
1.4372
1.43717
1.43714
1.43712
1.43709
1.43708
1.43705
1.43704
1.43703
1.43703
1.43702
1.43704
1.43706
1.4371
1.43714
1.4372
1.43727
1.43733
1.4374
1.43748
1.43754
1.43762
1.4377
1.43777
1.43783
1.43787
1.43788
1.43783
1.43772
1.43757
1.43739
1.43721
1.43708
1.43699
1.43692
1.43689
1.43688
1.43686
1.43687
1.43687
1.43688
1.43691
1.43695
1.43697
1.437
1.43702
1.43704
1.43706
1.43707
1.43709
1.4371
1.43712
1.43715
1.4372
1.43725
1.43731
1.43735
1.4374
1.43746
1.4375
1.43753
1.43755
1.43754
1.43754
1.43751
1.43749
1.43748
1.43751
1.43755
1.43764
1.43774
1.4378
1.43779
1.43772
1.43758
1.43739
1.4372
1.43703
1.43692
1.43687
1.43685
1.43688
1.43695
1.43703
1.43715
1.43727
1.43737
1.43745
1.43748
1.43744
1.43732
1.43717
1.43702
1.43691
1.43687
1.43688
1.43696
1.43706
1.43719
1.43733
1.43746
1.43758
1.43773
1.43788
1.43804
1.43819
1.43829
1.43831
1.43824
1.43804
1.43779
1.43751
1.43731
1.4372
1.43714
1.43717
1.43721
1.43724
1.43726
1.43727
1.43725
1.43724
1.43722
1.4372
1.43719
1.43719
1.4372
1.43721
1.43725
1.4373
1.43737
1.43744
1.4375
1.43754
1.43757
1.43759
1.43759
1.43757
1.43753
1.43749
1.43745
1.43741
1.43738
1.43736
1.43735
1.43736
1.43738
1.4374
1.43744
1.43748
1.43752
1.43756
1.43759
1.4376
1.4376
1.4376
1.43758
1.43755
1.43753
1.43752
1.43752
1.43752
1.4375
1.43746
1.43739
1.43731
1.4372
1.43707
1.43696
1.43689
1.43687
1.4369
1.43699
1.43711
1.43725
1.43739
1.43753
1.43764
1.43771
1.43774
1.43772
1.43766
1.4376
1.43757
1.43762
1.43771
1.43783
1.43791
1.43792
1.43785
1.43766
1.43738
1.43701
1.4366
1.43626
1.43608
1.4361
1.43629
1.43657
1.43686
1.43715
1.43737
1.43754
1.43767
1.43776
1.4378
1.43782
1.43781
1.43778
1.43774
1.43769
1.43764
1.4376
1.43755
1.43749
1.43742
1.43733
1.43724
1.43718
1.43715
1.43714
1.43717
1.43722
1.43726
1.43732
1.43736
1.43741
1.43746
1.43749
1.43751
1.43752
1.43751
1.43749
1.43743
1.43735
1.43726
1.43716
1.43708
1.43704
1.43701
1.43702
1.43705
1.43711
1.43717
1.43725
1.43733
1.43743
1.43754
1.43764
1.43777
1.4379
1.43806
1.43823
1.4384
1.43855
1.43863
1.43862
1.43851
1.43823
1.43785
1.4374
1.43698
1.43665
1.43647
1.43645
1.43654
1.43671
1.43691
1.43711
1.43729
1.43745
1.43759
1.43767
1.43771
1.43769
1.43764
1.43756
1.43747
1.43741
1.43738
1.43739
1.4374
1.43743
1.43744
1.43745
1.43746
1.43746
1.43746
1.43747
1.43748
1.43749
1.43751
1.43754
1.43756
1.43759
1.43761
1.43763
1.43763
1.43763
1.43761
1.43759
1.43758
1.43756
1.43756
1.43756
1.43756
1.43757
1.43759
1.43762
1.43765
1.43766
1.43765
1.43764
1.4376
1.43756
1.43751
1.43746
1.43742
1.43738
1.43735
1.43733
1.43734
1.43736
1.43739
1.43744
1.43748
1.43752
1.43757
1.43762
1.43768
1.43773
1.43778
1.4378
1.4378
1.43775
1.43768
1.43758
1.43747
1.43736
1.43728
1.43722
1.43718
1.43716
1.43718
1.43721
1.43725
1.4373
1.43735
1.43738
1.43742
1.43745
1.43748
1.43752
1.43756
1.43759
1.43761
1.43764
1.43764
1.43762
1.43758
1.43754
1.43751
1.43749
1.4375
1.43754
1.43759
1.43763
1.43766
1.43768
1.4377
1.43774
1.43784
1.43797
1.43812
1.43822
1.43821
1.43804
1.43774
1.43736
1.437
1.43674
1.43662
1.43661
1.4367
1.43684
1.437
1.43715
1.4373
1.43743
1.43755
1.43765
1.43773
1.4378
1.43786
1.4379
1.43795
1.43799
1.43801
1.43804
1.43806
1.43807
1.43806
1.43801
1.43789
1.4377
1.43744
1.43716
1.43692
1.43677
1.43672
1.43677
1.43685
1.43697
1.43709
1.43718
1.43727
1.43733
1.43739
1.43742
1.43745
1.43746
1.43748
1.43749
1.43749
1.43749
1.43749
1.4375
1.43751
1.43751
1.43752
1.43752
1.43753
1.43754
1.43755
1.43756
1.43758
1.4376
1.43764
1.43767
1.43773
1.43782
1.43793
1.43805
1.43818
1.4383
1.43837
1.43835
1.43822
1.43799
1.43768
1.43736
1.43709
1.43689
1.43676
1.43672
1.43673
1.43679
1.4369
1.43702
1.43716
1.4373
1.43742
1.43751
1.43757
1.43759
1.43759
1.43755
1.43749
1.43745
1.43743
1.43744
1.43748
1.43754
1.43761
1.43769
1.43778
1.43785
1.4379
1.43793
1.43793
1.43786
1.43777
1.43764
1.43749
1.43731
1.43716
1.43705
1.43699
1.43697
1.437
1.43707
1.43715
1.43725
1.43735
1.43744
1.43753
1.43762
1.43772
1.43781
1.4379
1.43798
1.43806
1.4381
1.43812
1.4381
1.43803
1.43791
1.43776
1.4376
1.43746
1.43737
1.43732
1.43733
1.43737
1.43743
1.43748
1.43751
1.43751
1.43749
1.43746
1.43741
1.43735
1.4373
1.43729
1.43729
1.43732
1.43737
1.43741
1.43745
1.43747
1.43745
1.43741
1.43734
1.43728
1.43724
1.43723
1.43727
1.43734
1.43744
1.43754
1.43767
1.43779
1.4379
1.43799
1.43805
1.43807
1.43803
1.43793
1.43778
1.43761
1.43744
1.43728
1.43717
1.43711
1.43711
1.43716
1.43725
1.43737
1.4375
1.43764
1.43778
1.43793
1.43806
1.43815
1.43818
1.43816
1.43809
1.43798
1.43786
1.43775
1.43764
1.43755
1.43745
1.43734
1.43723
1.43715
1.43711
1.43713
1.43719
1.43727
1.43733
1.43738
1.43742
1.43744
1.43744
1.43745
1.43744
1.43744
1.43744
1.43744
1.43744
1.43744
1.43745
1.43745
1.43746
1.43747
1.43748
1.43748
1.43748
1.43747
1.43747
1.43746
1.43745
1.43745
1.43745
1.43746
1.43748
1.43751
1.43756
1.4376
1.43768
1.43777
1.43789
1.43804
1.43822
1.43841
1.43858
1.43872
1.43877
1.43868
1.43846
1.43811
1.43769
1.43727
1.43694
1.43676
1.43673
1.4368
1.43694
1.43708
1.43719
1.43727
1.43733
1.43738
1.43744
1.4375
1.43755
1.4376
1.43764
1.43768
1.43768
1.43768
1.43768
1.43769
1.43772
1.43774
1.43777
1.43778
1.43775
1.43768
1.43756
1.43744
1.43733
1.43724
1.4372
1.4372
1.43721
1.43725
1.4373
1.43735
1.4374
1.43745
1.43749
1.43756
1.4376
1.43764
1.43768
1.43773
1.43776
1.4378
1.43784
1.4379
1.43794
1.43798
1.43801
1.438
1.43798
1.43796
1.43796
1.43798
1.438
1.43793
1.43772
1.43738
1.43703
1.43683
1.43683
1.43703
1.4373
1.43751
1.43756
1.43741
1.43712
1.43681
1.43663
1.4366
1.43671
1.43691
1.43714
1.43739
1.43763
1.43788
1.43815
1.43841
1.43865
1.4388
1.43881
1.43863
1.43824
1.43772
1.43718
1.43677
1.43655
1.43656
1.43673
1.43699
1.43728
1.43754
1.43778
1.43796
1.43811
1.4382
1.43825
1.43824
1.43819
1.43813
1.43808
1.4381
1.43815
1.43825
1.43836
1.43842
1.43837
1.43817
1.43782
1.43744
1.43709
1.43685
1.43674
1.43673
1.4368
1.43689
1.43697
1.43705
1.43711
1.43716
1.4372
1.43725
1.43731
1.43738
1.43744
1.43749
1.43755
1.43761
1.43766
1.4377
1.43774
1.43779
1.43784
1.43791
1.43797
1.43803
1.43811
1.43819
1.43826
1.43834
1.43841
1.43848
1.43854
1.43858
1.43859
1.43853
1.43843
1.43823
1.43799
1.43766
1.43733
1.43703
1.43681
1.43671
1.4367
1.43679
1.43693
1.43708
1.43724
1.43738
1.4375
1.4376
1.43768
1.43773
1.43777
1.4378
1.43781
1.43784
1.43785
1.43787
1.43788
1.43788
1.43787
1.43784
1.4378
1.43774
1.43767
1.43761
1.4376
1.43763
1.43771
1.4378
1.4379
1.43798
1.43799
1.43792
1.43777
1.43758
1.43739
1.43725
1.43719
1.43718
1.44082
1.44088
1.44094
1.44099
1.44103
1.44105
1.44107
1.44108
1.44107
1.44107
1.43967
1.43968
1.43968
1.43969
1.43972
1.43975
1.4398
1.43988
1.43997
1.44007
1.44131
1.44138
1.44141
1.44136
1.44121
1.441
1.44077
1.4406
1.44054
1.44058
1.4429
1.44303
1.44315
1.44327
1.44333
1.44334
1.4433
1.44322
1.44311
1.44301
1.44052
1.44046
1.44042
1.44042
1.44043
1.44044
1.44047
1.44049
1.4405
1.44053
1.44158
1.4416
1.44162
1.44164
1.44167
1.4417
1.44172
1.44175
1.44178
1.44182
1.44184
1.44185
1.44185
1.44186
1.44183
1.4418
1.44176
1.44171
1.44166
1.44161
1.44158
1.44155
1.44156
1.44158
1.44162
1.44167
1.44172
1.44179
1.44185
1.44189
1.44193
1.44194
1.44194
1.44192
1.44189
1.44183
1.44176
1.4417
1.44164
1.44159
1.44154
1.44151
1.4415
1.4415
1.4415
1.44153
1.44155
1.44159
1.44163
1.44168
1.44173
1.4418
1.44186
1.44195
1.44203
1.44209
1.44213
1.44212
1.44206
1.44193
1.44177
1.44159
1.44145
1.44137
1.44137
1.44144
1.44156
1.44172
1.44193
1.44215
1.44239
1.44261
1.44281
1.44295
1.443
1.44291
1.44269
1.44235
1.44192
1.44152
1.44122
1.44104
1.44099
1.44102
1.44111
1.44121
1.4413
1.44139
1.44147
1.44155
1.44162
1.4417
1.44178
1.44186
1.44192
1.44199
1.44205
1.4421
1.44216
1.44222
1.44228
1.44236
1.44245
1.44256
1.44269
1.44278
1.44278
1.44266
1.44239
1.442
1.44156
1.44118
1.4409
1.44078
1.44081
1.44092
1.44109
1.44128
1.44145
1.44161
1.44173
1.44183
1.44191
1.44196
1.442
1.44203
1.44207
1.44211
1.44215
1.44219
1.44223
1.44228
1.44231
1.44232
1.44231
1.44229
1.44227
1.44226
1.44225
1.44224
1.44223
1.44221
1.44217
1.44211
1.44204
1.44199
1.44198
1.442
1.44203
1.44206
1.44204
1.44194
1.44175
1.44153
1.44131
1.44118
1.44114
1.44118
1.44127
1.4414
1.44151
1.44163
1.44172
1.4418
1.44187
1.44193
1.44199
1.44204
1.4421
1.44216
1.4422
1.44224
1.44226
1.44228
1.44228
1.44226
1.4422
1.44214
1.44206
1.44198
1.4419
1.44182
1.44175
1.44169
1.44164
1.44159
1.44154
1.44152
1.44152
1.44153
1.44156
1.44159
1.44163
1.44168
1.44174
1.44178
1.44182
1.44187
1.44191
1.44194
1.44197
1.442
1.44202
1.442
1.44197
1.44194
1.4419
1.44189
1.44189
1.44191
1.44196
1.44201
1.44204
1.44206
1.44204
1.44198
1.4419
1.4418
1.4417
1.44162
1.44159
1.4416
1.44166
1.44177
1.44189
1.44201
1.4421
1.44213
1.4421
1.44202
1.4419
1.4418
1.44173
1.44173
1.44175
1.44178
1.44179
1.44176
1.44169
1.44158
1.44148
1.4414
1.44135
1.44136
1.44141
1.44147
1.44155
1.44163
1.4417
1.44177
1.44182
1.44188
1.44192
1.44195
1.44197
1.442
1.44202
1.44203
1.44203
1.44203
1.44202
1.44201
1.442
1.44198
1.44195
1.44191
1.44186
1.4418
1.44173
1.44167
1.44161
1.44157
1.44154
1.44153
1.44155
1.44158
1.44163
1.4417
1.44178
1.4419
1.44201
1.44213
1.44224
1.44232
1.44237
1.44236
1.4423
1.44223
1.44212
1.44198
1.44183
1.44165
1.44146
1.4413
1.44121
1.4412
1.44127
1.44141
1.44159
1.44178
1.44198
1.44215
1.44225
1.44228
1.44222
1.4421
1.44195
1.44182
1.44171
1.44163
1.44157
1.44153
1.44149
1.44145
1.44143
1.44143
1.44146
1.44151
1.44157
1.44164
1.4417
1.44176
1.4418
1.44184
1.44184
1.44184
1.4418
1.44177
1.44174
1.44173
1.44175
1.44178
1.44183
1.44188
1.44193
1.44197
1.44199
1.44197
1.44194
1.44189
1.44183
1.44177
1.44171
1.44167
1.44164
1.44162
1.44162
1.44162
1.44164
1.44168
1.44172
1.44177
1.44183
1.44189
1.44193
1.44196
1.44196
1.44192
1.44186
1.44178
1.4417
1.44163
1.44158
1.44155
1.44154
1.44155
1.44157
1.44159
1.44162
1.44164
1.44165
1.44165
1.44164
1.44162
1.44161
1.4416
1.44159
1.44158
1.44159
1.44161
1.44163
1.44166
1.44169
1.44175
1.44179
1.44184
1.4419
1.44196
1.44202
1.44207
1.44213
1.44217
1.44222
1.44227
1.44232
1.44239
1.44245
1.44247
1.44243
1.44226
1.44193
1.4415
1.44107
1.44075
1.44065
1.44077
1.44105
1.44143
1.44181
1.4421
1.44221
1.44211
1.44183
1.44152
1.44135
1.44139
1.44165
1.44207
1.44255
1.443
1.4433
1.44337
1.44313
1.44263
1.44201
1.4414
1.44092
1.44063
1.44051
1.44056
1.44075
1.44103
1.44135
1.44167
1.44197
1.44223
1.44239
1.44244
1.44234
1.44213
1.44191
1.44173
1.44168
1.44173
1.44183
1.44195
1.44202
1.44205
1.44202
1.44198
1.44192
1.44189
1.44188
1.44189
1.44191
1.44193
1.44195
1.44195
1.44194
1.44191
1.44189
1.44188
1.44187
1.44188
1.44189
1.44189
1.4419
1.4419
1.44189
1.44187
1.44187
1.44188
1.4419
1.44194
1.442
1.44206
1.4421
1.44209
1.44203
1.4419
1.44174
1.44157
1.44145
1.4414
1.4414
1.44146
1.44154
1.44162
1.44171
1.44177
1.44183
1.44188
1.44191
1.44192
1.44192
1.44192
1.44191
1.4419
1.44189
1.44187
1.44185
1.44182
1.4418
1.44179
1.44176
1.44174
1.44171
1.44169
1.44168
1.44168
1.44168
1.44169
1.44171
1.44173
1.44178
1.44183
1.44191
1.44197
1.44205
1.44212
1.44216
1.44218
1.44217
1.44213
1.44207
1.44201
1.44198
1.44199
1.44202
1.44203
1.44202
1.44196
1.44181
1.44162
1.44143
1.4413
1.44123
1.44126
1.44135
1.44148
1.44162
1.44174
1.44184
1.44189
1.44189
1.44187
1.44182
1.44177
1.44173
1.44173
1.44175
1.4418
1.44187
1.44193
1.44198
1.44199
1.44195
1.44192
1.44187
1.44182
1.44179
1.44173
1.44167
1.4416
1.44152
1.44148
1.44148
1.44151
1.44158
1.44167
1.44178
1.44189
1.44198
1.44206
1.4421
1.44212
1.44212
1.4421
1.44208
1.44206
1.44206
1.44206
1.44209
1.44211
1.44214
1.44217
1.4422
1.44221
1.44222
1.44221
1.44217
1.44211
1.44204
1.44196
1.44187
1.44181
1.44177
1.44176
1.4418
1.44188
1.44197
1.44208
1.44216
1.44221
1.44219
1.4421
1.44195
1.44177
1.44158
1.44143
1.44134
1.44129
1.44131
1.44137
1.44146
1.44157
1.44167
1.44178
1.44189
1.44199
1.44208
1.44218
1.44228
1.44237
1.44247
1.44256
1.44263
1.44265
1.44264
1.44257
1.44243
1.44222
1.44198
1.44175
1.44155
1.44142
1.44138
1.44139
1.44144
1.44151
1.44159
1.44165
1.4417
1.44174
1.44178
1.44181
1.44183
1.44186
1.44189
1.44192
1.44196
1.44201
1.44207
1.44212
1.44219
1.44225
1.44229
1.4423
1.44227
1.44218
1.44206
1.4419
1.44173
1.44161
1.44156
1.44154
1.44157
1.44163
1.44169
1.44175
1.4418
1.44185
1.44188
1.44189
1.4419
1.44192
1.44192
1.44192
1.44192
1.4419
1.44188
1.44187
1.44186
1.44185
1.44185
1.44184
1.44183
1.44183
1.44183
1.44183
1.44182
1.44183
1.44183
1.44184
1.44185
1.44186
1.44188
1.4419
1.4419
1.44192
1.44193
1.44196
1.44195
1.44195
1.44194
1.44192
1.44188
1.44184
1.44177
1.44171
1.44164
1.44159
1.44156
1.44154
1.44155
1.44157
1.44162
1.44168
1.44175
1.44184
1.44193
1.44202
1.4421
1.44216
1.44218
1.44213
1.44203
1.44189
1.44172
1.44158
1.4415
1.44146
1.44148
1.44153
1.44162
1.44172
1.44182
1.44191
1.442
1.44207
1.44212
1.44214
1.44213
1.4421
1.44204
1.44196
1.44188
1.44178
1.44172
1.44168
1.44165
1.44166
1.44168
1.4417
1.44174
1.44177
1.44179
1.44182
1.44183
1.44185
1.44188
1.4419
1.44194
1.44198
1.44201
1.44205
1.44207
1.44208
1.44207
1.44205
1.44202
1.44199
1.44195
1.44191
1.44189
1.44187
1.44186
1.44186
1.44186
1.44187
1.44188
1.44189
1.44192
1.44194
1.44196
1.44199
1.44202
1.44205
1.44208
1.44213
1.44217
1.44219
1.4422
1.4422
1.44216
1.44209
1.442
1.44188
1.44175
1.44162
1.44153
1.44148
1.44147
1.44149
1.44155
1.44162
1.44168
1.44175
1.44182
1.44187
1.44195
1.44199
1.44204
1.44205
1.44205
1.44204
1.44201
1.44197
1.4419
1.44184
1.44178
1.44172
1.44169
1.44168
1.44168
1.44169
1.44171
1.44172
1.44175
1.44176
1.44177
1.44178
1.44179
1.4418
1.4418
1.4418
1.44179
1.44179
1.44178
1.44177
1.44175
1.44174
1.44173
1.44171
1.4417
1.44169
1.44169
1.4417
1.44171
1.44172
1.44174
1.44176
1.44179
1.44183
1.44188
1.44193
1.44199
1.44204
1.44209
1.44213
1.44215
1.44214
1.4421
1.44203
1.44194
1.44182
1.44172
1.44161
1.44152
1.44144
1.4414
1.44138
1.44139
1.44142
1.44148
1.44157
1.44168
1.44179
1.44191
1.44203
1.44213
1.44219
1.4422
1.44217
1.44208
1.44196
1.44183
1.44171
1.4416
1.44152
1.44147
1.44146
1.44149
1.44153
1.44159
1.44167
1.44177
1.44189
1.442
1.4421
1.44217
1.44218
1.44211
1.44198
1.44182
1.44168
1.44157
1.44152
1.44156
1.44162
1.44172
1.44183
1.44192
1.442
1.44204
1.44205
1.44203
1.442
1.44196
1.44192
1.4419
1.44188
1.44188
1.4419
1.44192
1.44192
1.44192
1.44191
1.44192
1.44191
1.4419
1.4419
1.44191
1.44192
1.44192
1.44192
1.44193
1.44193
1.44193
1.44194
1.44195
1.44199
1.44202
1.44205
1.44208
1.44211
1.44212
1.44208
1.44202
1.44194
1.44184
1.44173
1.44162
1.44153
1.44148
1.44144
1.44145
1.44147
1.4415
1.44154
1.44159
1.44162
1.44167
1.4417
1.44174
1.44179
1.44183
1.44187
1.44192
1.44198
1.44204
1.44209
1.44212
1.44211
1.44205
1.44194
1.44181
1.44166
1.44153
1.44145
1.44143
1.44144
1.44149
1.44157
1.44167
1.44177
1.44189
1.442
1.44212
1.44222
1.44234
1.44244
1.44254
1.44259
1.44261
1.44258
1.44249
1.44234
1.44216
1.44194
1.44173
1.44154
1.44139
1.4413
1.44126
1.44128
1.44135
1.44142
1.44147
1.44152
