1.82146
1.82454
1.82692
1.82855
1.8294
1.82948
1.8288
1.8274
1.82533
1.82264
1.81943
1.8158
1.81193
1.80802
1.8043
1.80103
1.79842
1.7966
1.79559
1.79526
1.79537
1.79557
1.79553
1.79499
1.79386
1.79227
1.79061
1.78942
1.78926
1.79048
1.79307
1.79667
1.80074
1.8047
1.80815
1.81088
1.81284
1.81412
1.81485
1.81515
1.81517
1.81498
1.81466
1.81427
1.81389
1.81357
1.81339
1.81342
1.81371
1.81426
1.81506
1.81603
1.81708
1.81806
1.81881
1.81912
1.8188
1.81762
1.81542
1.8121
1.80771
1.80256
1.79725
1.79259
1.78942
1.78829
1.7892
1.79164
1.7948
1.79788
1.80033
1.80189
1.80252
1.80232
1.80139
1.79981
1.79758
1.79461
1.79077
1.78597
1.7803
1.7742
1.76852
1.76443
1.76307
1.76503
1.77005
1.77713
1.78502
1.79261
1.7992
1.80449
1.80843
1.8111
1.81267
1.8133
1.81314
1.81236
1.81107
1.80942
1.80752
1.8055
1.80345
1.80143
1.7995
1.79766
1.79589
1.79415
1.7924
1.7906
1.78873
1.78678
1.78477
1.78273
1.78069
1.77868
1.77667
1.77464
1.77251
1.77017
1.76753
1.76447
1.76094
1.75693
1.75247
1.74774
1.74298
1.73855
1.73484
1.73224
1.73103
1.73128
1.73283
1.73538
1.73852
1.74186
1.7451
1.74803
1.75055
1.75261
1.75424
1.75549
1.75642
1.75708
1.75753
1.75783
1.758
1.75808
1.7581
1.75806
1.75797
1.75785
1.75769
1.75749
1.75726
1.75697
1.75664
1.75625
1.75581
1.75529
1.75472
1.75408
1.75339
1.75266
1.7519
1.75113
1.75036
1.74959
1.74882
1.74804
1.74723
1.74638
1.74547
1.74451
1.74354
1.74263
1.74186
1.74132
1.74114
1.74138
1.74209
1.74328
1.74493
1.74697
1.74933
1.75194
1.75474
1.75769
1.76078
1.76401
1.76735
1.77079
1.77427
1.77772
1.78103
1.78408
1.78675
1.78891
1.79047
1.79137
1.79156
1.79103
1.78978
1.78782
1.78515
1.78179
1.7778
1.77332
1.76862
1.76412
1.76035
1.75785
1.75699
1.75788
1.76036
1.76404
1.76852
1.77344
1.77859
1.78386
1.78918
1.79449
1.79971
1.80473
1.80948
1.81388
1.81793
1.82165
1.82511
1.82836
1.83146
1.83441
1.83721
1.83979
1.84209
1.84403
1.84555
1.84658
1.8471
1.8471
1.84659
1.84564
1.84431
1.84273
1.84104
1.83939
1.83791
1.83664
1.83552
1.83434
1.8328
1.83057
1.82747
1.82354
1.8192
1.81513
1.81216
1.8109
1.81163
1.81418
1.81808
1.8228
1.82786
1.83282
1.83737
1.8412
1.84408
1.84586
1.84654
1.84629
1.84553
1.84486
1.84497
1.84639
1.84935
1.85363
1.85868
1.86384
1.86851
1.87225
1.8748
1.87605
1.87595
1.87447
1.87154
1.86711
1.86112
1.8536
1.84482
1.83533
1.82605
1.81809
1.81243
1.80948
1.80898
1.81015
1.8121
1.81415
1.81595
1.81741
1.81862
1.81971
1.82082
1.82207
1.82351
1.82515
1.82698
1.82892
1.83087
1.83267
1.8342
1.8353
1.83587
1.83584
1.8352
1.83399
1.83233
1.83038
1.82832
1.82635
1.82464
1.82331
1.8224
1.82191
1.82178
1.8219
1.82216
1.82245
1.82265
1.82265
1.82236
1.82172
1.8207
1.81932
1.81764
1.81577
1.81386
1.81201
1.81033
1.80884
1.80751
1.80629
1.8051
1.80393
1.80281
1.80192
1.80151
1.80189
1.80336
1.80611
1.81008
1.81501
1.8204
1.82569
1.83036
1.83399
1.83629
1.83713
1.83651
1.83459
1.83169
1.82827
1.82486
1.8219
1.81957
1.81769
1.81575
1.81314
1.80945
1.80469
1.79935
1.79427
1.79048
1.78898
1.79072
1.79639
1.80593
1.81827
1.83153
1.8438
1.85373
1.86073
1.86481
1.86632
1.86579
1.86374
1.86067
1.85698
1.85301
1.84901
1.84521
1.8418
1.83892
1.8366
1.83479
1.83346
1.83261
1.83239
1.83294
1.83438
1.83661
1.83939
1.84238
1.84527
1.84782
1.84989
1.85143
1.85246
1.85302
1.85317
1.85298
1.85252
1.8519
1.85128
1.85084
1.85083
1.85149
1.853
1.85544
1.85875
1.86278
1.86723
1.87183
1.87627
1.88032
1.88378
1.88652
1.88845
1.88946
1.88949
1.88841
1.88612
1.88246
1.8773
1.8705
1.86202
1.85198
1.84075
1.82906
1.81798
1.80884
1.80296
1.80128
1.80403
1.8106
1.81973
1.82988
1.83971
1.84826
1.85502
1.85979
1.86262
1.86369
1.86328
1.86178
1.85964
1.85738
1.85546
1.85422
1.85379
1.85408
1.85484
1.85578
1.85665
1.85732
1.85775
1.858
1.85814
1.85825
1.85836
1.85846
1.85851
1.85844
1.85819
1.85771
1.85695
1.85592
1.85463
1.85315
1.85154
1.84989
1.84828
1.84679
1.84547
1.84432
1.84331
1.84239
1.84145
1.84041
1.83918
1.83771
1.83599
1.83406
1.83202
1.82999
1.82816
1.82667
1.82565
1.8252
1.82529
1.82588
1.82682
1.82796
1.82912
1.83016
1.83096
1.83143
1.83151
1.83114
1.8303
1.82894
1.82703
1.82458
1.82167
1.81842
1.81509
1.81198
1.80943
1.80773
1.80708
1.80752
1.80895
1.81115
1.81387
1.81681
1.81973
1.82244
1.82482
1.8268
1.82837
1.82956
1.83038
1.83087
1.83105
1.83092
1.83047
1.82968
1.82859
1.82726
1.8258
1.82439
1.82323
1.82245
1.82211
1.82206
1.82209
1.8219
1.82129
1.82023
1.8188
1.81715
1.81534
1.8132
1.81037
1.80638
1.80097
1.79428
1.78708
1.78067
1.77655
1.77588
1.77897
1.78523
1.79351
1.8025
1.81112
1.81866
1.82474
1.82927
1.83226
1.83384
1.83415
1.83335
1.83158
1.82899
1.8257
1.82183
1.81748
1.81274
1.80765
1.80226
1.79663
1.7908
1.78493
1.77931
1.77446
1.7711
1.76998
1.77159
1.77589
1.78223
1.7896
1.79703
1.80376
1.80941
1.8139
1.81729
1.81977
1.82152
1.82271
1.82349
1.82398
1.82426
1.82438
1.82438
1.8243
1.82415
1.82393
1.82365
1.82331
1.82291
1.82245
1.82192
1.82133
1.82066
1.8199
1.81904
1.81805
1.81688
1.81544
1.81362
1.81126
1.80816
1.80409
1.79886
1.79233
1.78456
1.77588
1.76696
1.75878
1.75239
1.74869
1.7481
1.7505
1.75534
1.76186
1.76928
1.77688
1.78409
1.79047
1.79569
1.79961
1.80217
1.80347
1.8037
1.80316
1.80222
1.80124
1.80053
1.80025
1.8004
1.80085
1.80135
1.80162
1.80142
1.80056
1.79893
1.79651
1.79334
1.78955
1.78536
1.78107
1.77705
1.77374
1.77158
1.77091
1.77192
1.77455
1.77855
1.78347
1.78881
1.79408
1.79891
1.80301
1.80622
1.80846
1.8097
1.80994
1.8092
1.8075
1.80486
1.80131
1.79692
1.79178
1.78605
1.77997
1.7739
1.7683
1.76362
1.7603
1.75856
1.75834
1.75934
1.76107
1.76299
1.76468
1.7659
1.76658
1.76683
1.76687
1.76698
1.76739
1.76828
1.76973
1.77169
1.77399
1.77641
1.77869
1.78063
1.7821
1.78312
1.78386
1.78461
1.78568
1.78733
1.78964
1.7925
1.79561
1.79859
1.80106
1.8027
1.80328
1.80267
1.80083
1.79783
1.7938
1.78901
1.78383
1.77873
1.77427
1.77098
1.76925
1.76928
1.771
1.77411
1.7781
1.78243
1.78655
1.78999
1.7924
1.79352
1.79321
1.79143
1.7882
1.78369
1.77816
1.77201
1.76574
1.7599
1.75495
1.75118
1.74862
1.74717
1.74669
1.74715
1.74865
1.75124
1.75478
1.75891
1.76313
1.76702
1.77032
1.77294
1.77496
1.77653
1.7778
1.77892
1.77998
1.78104
1.78212
1.78323
1.78435
1.78546
1.78654
1.78756
1.78852
1.78941
1.79026
1.79107
1.79188
1.7927
1.79357
1.7945
1.79549
1.79655
1.79764
1.79875
1.79983
1.80083
1.80168
1.80227
1.80249
1.80217
1.8011
1.79901
1.79562
1.79063
1.78379
1.77506
1.76468
1.75331
1.74205
1.73223
1.72521
1.72206
1.72321
1.72824
1.73596
1.74477
1.75329
1.76066
1.76663
1.77131
1.77497
1.77787
1.78016
1.78192
1.78312
1.78376
1.78384
1.78345
1.7827
1.78175
1.78073
1.77972
1.77868
1.77751
1.77607
1.77433
1.7724
1.77057
1.76926
1.76889
1.76973
1.77183
1.77496
1.77876
1.78284
1.78685
1.79058
1.79386
1.79665
1.79892
1.80066
1.80191
1.80267
1.803
1.80291
1.80242
1.80156
1.80032
1.79867
1.79658
1.79401
1.79093
1.78739
1.78355
1.77963
1.77589
1.77244
1.76916
1.76578
1.76215
1.75867
1.75649
1.75703
1.76109
1.76805
1.77608
1.78313
1.78784
1.79005
1.79085
1.79208
1.79555
1.80212
1.81127
1.82158
1.83148
1.8398
1.84596
1.84973
1.85108
1.84995
1.84627
1.83998
1.8312
1.82044
1.80881
1.79799
1.78998
1.78652
1.78844
1.79525
1.80534
1.81653
1.82685
1.83502
1.84046
1.84313
1.84326
1.84123
1.83748
1.83245
1.82668
1.82069
1.81498
1.80987
1.80539
1.80122
1.79682
1.79163
1.78532
1.77807
1.77065
1.76436
1.76067
1.76061
1.76437
1.77116
1.77971
1.78878
1.79752
1.80553
1.8127
1.81912
1.82491
1.83017
1.83495
1.83922
1.84296
1.84613
1.84869
1.85063
1.85197
1.85272
1.85294
1.85265
1.85187
1.85061
1.84884
1.84652
1.8436
1.84
1.83566
1.83053
1.82458
1.81782
1.81026
1.80195
1.79297
1.78347
1.7737
1.76405
1.75512
1.74765
1.74245
1.7402
1.74129
1.74563
1.75262
1.76127
1.7705
1.77932
1.78704
1.79325
1.79783
1.80085
1.8025
1.80299
1.80259
1.8015
1.79994
1.79804
1.79592
1.79361
1.79113
1.78848
1.78567
1.78274
1.77981
1.77706
1.77473
1.773
1.77196
1.77154
1.77147
1.77136
1.77076
1.76933
1.7669
1.76357
1.75978
1.75623
1.75377
1.75303
1.75426
1.75721
1.76127
1.76574
1.77405
1.77781
1.78096
1.78356
1.78572
1.78759
1.78928
1.7909
1.79251
1.79414
1.79457
1.79625
1.79789
1.79944
1.80081
1.80189
1.80252
1.80256
1.8018
1.80009
1.7981
1.79426
1.78982
1.78546
1.78207
1.78048
1.78108
1.78366
1.78744
1.79144
1.79728
1.79932
1.80002
1.79953
1.79822
1.79656
1.79504
1.79412
1.7941
1.79509
1.79487
1.79761
1.8008
1.8042
1.80763
1.81096
1.81414
1.81714
1.81996
1.82259
1.82629
1.82852
1.83054
1.83234
1.8339
1.8352
1.83623
1.83699
1.83746
1.83766
1.83756
1.83725
1.83678
1.83625
1.8358
1.83558
1.83573
1.83638
1.83762
1.83942
1.8417
1.84431
1.84702
1.84964
1.85197
1.85388
1.85525
1.85608
1.85636
1.85615
1.85558
1.85477
1.85389
1.85312
1.85265
1.85262
1.85317
1.85437
1.85621
1.85865
1.8616
1.86492
1.86846
1.87211
1.87572
1.8792
1.88246
1.88541
1.88797
1.89007
1.89162
1.89251
1.89268
1.89204
1.89059
1.88839
1.88566
1.88276
1.88024
1.87868
1.87862
1.88033
1.88371
1.8883
1.8934
1.89824
1.90213
1.90452
1.905
1.90328
1.89922
1.89278
1.88414
1.8737
1.86223
1.85086
1.84096
1.83394
1.83079
1.83182
1.83647
1.84363
1.85199
1.86047
1.86838
1.87539
1.88143
1.88654
1.89079
1.8942
1.89679
1.89855
1.89949
1.89966
1.89908
1.89781
1.89591
1.89342
1.8904
1.88684
1.88271
1.87791
1.87224
1.86551
1.85761
1.84866
1.83919
1.83019
1.82304
1.81909
1.81926
1.82361
1.83131
1.84099
1.85117
1.86068
1.86877
1.87509
1.87958
1.88239
1.88378
1.88401
1.88338
1.88211
1.88038
1.87829
1.87588
1.87313
1.87
1.86643
1.8624
1.85795
1.85315
1.84816
1.84314
1.83824
1.83354
1.82902
1.82463
1.82028
1.81595
1.81172
1.8078
1.80437
1.80157
1.79934
1.79745
1.79555
1.79335
1.79078
1.78813
1.78604
1.78535
1.78674
1.79038
1.79584
1.80225
1.80869
1.81442
1.81905
1.82243
1.82464
1.8258
1.82609
1.82563
1.82455
1.82291
1.82074
1.81806
1.81487
1.81118
1.80701
1.80243
1.79756
1.79258
1.7877
1.78316
1.77914
1.77581
1.77326
1.77152
1.77059
1.77046
1.77107
1.77235
1.77421
1.77651
1.7791
1.7818
1.78445
1.78694
1.78914
1.79098
1.79242
1.79342
1.79398
1.79409
1.79374
1.79296
1.79176
1.79021
1.7884
1.78645
1.78454
1.7828
1.78135
1.78021
1.7793
1.77844
1.77743
1.77607
1.77425
1.77197
1.76939
1.76678
1.76451
1.76292
1.76226
1.76261
1.76382
1.76556
1.76738
1.76881
1.76941
1.7689
1.76718
1.7644
1.76096
1.75748
1.7546
1.75278
1.75213
1.75239
1.75307
1.75371
1.75408
1.75422
1.75445
1.7552
1.75682
1.7595
1.76312
1.76734
1.77174
1.7759
1.77951
1.78237
1.78444
1.78572
1.78628
1.78621
1.78561
1.78457
1.78316
1.78147
1.77954
1.77745
1.77524
1.77296
1.77065
1.76835
1.76612
1.764
1.76207
1.7604
1.75909
1.75823
1.75792
1.75823
1.75918
1.76074
1.76281
1.76525
1.76787
1.77048
1.77287
1.77484
1.77619
1.77675
1.77635
1.77486
1.77222
1.76844
1.76371
1.75833
1.75277
1.74748
1.74289
1.73927
1.73683
1.73579
1.73639
1.73883
1.74304
1.74857
1.75471
1.76059
1.76544
1.76867
1.76995
1.76918
1.76654
1.76246
1.75764
1.7529
1.74903
1.74651
1.74548
1.7457
1.74681
1.74853
1.75072
1.75332
1.75632
1.75961
1.76301
1.76629
1.76922
1.77163
1.77341
1.77453
1.77501
1.77495
1.7745
1.77384
1.77321
1.77277
1.77264
1.77282
1.77319
1.77355
1.7737
1.77343
1.77265
1.77133
1.76958
1.76755
1.76549
1.76361
1.76214
1.76122
1.76092
1.76124
1.76211
1.76342
1.76503
1.76681
1.76862
1.77032
1.77179
1.77291
1.77356
1.77367
1.7732
1.7722
1.77081
1.76927
1.76789
1.76699
1.76683
1.76751
1.76899
1.77109
1.77361
1.77632
1.77907
1.78172
1.78421
1.78649
1.78857
1.79049
1.79233
1.79416
1.79608
1.79814
1.80035
1.80269
1.80509
1.80745
1.8097
1.81173
1.81346
1.81482
1.81575
1.8162
1.81613
1.81551
1.8143
1.8125
1.81012
1.80719
1.80376
1.79988
1.79557
1.79077
1.78539
1.77937
1.77281
1.76621
1.7606
1.75744
1.7581
1.76322
1.7722
1.78335
1.79448
1.80364
1.80953
1.81163
1.81029
1.80679
1.8031
1.80128
1.80249
1.80627
1.81079
1.81375
1.81326
1.80825
1.79858
1.78507
1.7696
1.75487
1.74371
1.7382
1.73896
1.74528
1.7556
1.76807
1.78087
1.79248
1.80179
1.80811
1.81119
1.81107
1.80812
1.80302
1.7968
1.7908
1.78628
1.78395
1.78369
1.78462
1.78561
1.78581
1.7849
1.78305
1.78069
1.77833
1.77635
1.77489
1.77391
1.77322
1.77259
1.77184
1.7709
1.76979
1.76861
1.76751
1.76659
1.7659
1.76536
1.7649
1.76439
1.76379
1.76312
1.76241
1.7617
1.76106
1.76051
1.76007
1.75967
1.75917
1.75837
1.75709
1.75522
1.75285
1.75029
1.74803
1.74672
1.74688
1.74871
1.75204
1.75634
1.76093
1.76524
1.76887
1.77165
1.77355
1.77467
1.77514
1.77512
1.77474
1.77413
1.77338
1.77259
1.77183
1.77114
1.77059
1.77021
1.77002
1.77007
1.77035
1.77089
1.77167
1.7727
1.77394
1.77538
1.77697
1.77865
1.78037
1.78204
1.78358
1.78489
1.78585
1.78635
1.78628
1.78553
1.78405
1.78186
1.77907
1.77591
1.77269
1.76973
1.76726
1.76536
1.76387
1.76253
1.76106
1.75934
1.75754
1.7561
1.75567
1.75685
1.75994
1.76473
1.7706
1.77668
1.7822
1.78658
1.78961
1.79131
1.79196
1.79195
1.79172
1.79166
1.79202
1.79287
1.79411
1.79549
1.79674
1.79755
1.79775
1.79728
1.79627
1.79501
1.79383
1.79299
1.79261
1.79267
1.79313
1.79403
1.79548
1.79764
1.80054
1.80405
1.80786
1.81154
1.81472
1.81706
1.81839
1.81866
1.81794
1.8164
1.81427
1.81181
1.80927
1.80684
1.80461
1.80259
1.80069
1.79878
1.79674
1.79446
1.79189
1.78902
1.78588
1.78255
1.77911
1.77571
1.77251
1.7697
1.76748
1.76601
1.76539
1.76556
1.76633
1.76738
1.76828
1.76862
1.76807
1.76647
1.76388
1.76061
1.7572
1.75431
1.75257
1.75249
1.75424
1.75771
1.76247
1.76796
1.77358
1.77882
1.78332
1.78684
1.78929
1.79065
1.79092
1.79016
1.78841
1.78567
1.78196
1.77727
1.77161
1.76504
1.75768
1.74979
1.74175
1.7341
1.72752
1.72266
1.72007
1.71991
1.72198
1.72568
1.73026
1.735
1.73939
1.74315
1.7462
1.74857
1.75036
1.75167
1.75258
1.75316
1.75343
1.7534
1.75307
1.7524
1.75134
1.74985
1.74784
1.74524
1.74199
1.73811
1.73368
1.72892
1.72423
1.7201
1.71705
1.71546
1.71547
1.71687
1.71923
1.72202
1.72477
1.72716
1.729
1.73025
1.73093
1.73112
1.73094
1.73049
1.72985
1.72912
1.72836
1.72764
1.72701
1.72649
1.7261
1.72586
1.72577
1.72581
1.72596
1.72622
1.72655
1.72693
1.72734
1.72775
1.72816
1.72853
1.72885
1.72911
1.72929
1.72937
1.72934
1.72919
1.72891
1.72848
1.72791
1.7272
1.7264
1.72555
1.72472
1.72401
1.72356
1.72349
1.72392
1.72494
1.72657
1.72877
1.73143
1.73438
1.73742
1.74036
1.74299
1.74516
1.7467
1.74749
1.74743
1.74648
1.74466
1.74212
1.73918
1.7363
1.73408
1.73306
1.73358
1.73565
1.73892
1.74287
1.7469
1.75052
1.75342
1.7554
1.75642
1.75648
1.75567
1.75408
1.7519
1.74933
1.74665
1.74414
1.74212
1.74081
1.74037
1.7408
1.74201
1.7438
1.74594
1.74821
1.7504
1.7524
1.75414
1.75561
1.75682
1.75781
1.75858
1.75914
1.75947
1.75952
1.75925
1.75864
1.75768
1.75638
1.75483
1.75311
1.75136
1.74971
1.7483
1.74721
1.74647
1.74608
1.74598
1.74609
1.74631
1.74658
1.74682
1.74699
1.74704
1.74695
1.74669
1.74621
1.74549
1.7445
1.74321
1.74159
1.73963
1.73733
1.7347
1.73178
1.72867
1.72552
1.72256
1.7201
1.71847
1.71798
1.71881
1.72096
1.72421
1.72818
1.73245
1.73662
1.74039
1.74356
1.74602
1.74776
1.74879
1.74915
1.74891
1.74815
1.74694
1.74542
1.74372
1.74202
1.74049
1.73932
1.73866
1.73861
1.73918
1.74031
1.74188
1.74373
1.7457
1.74765
1.74949
1.75116
1.75261
1.75385
1.75489
1.75575
1.75646
1.75707
1.7576
1.7581
1.7586
1.75914
1.75975
1.76046
1.7613
1.76227
1.76338
1.76463
1.76599
1.76745
1.76895
1.77046
1.77192
1.77326
1.77442
1.77533
1.77592
1.77612
1.77586
1.77509
1.77377
1.77189
1.76948
1.76664
1.76351
1.76032
1.75734
1.75485
1.75315
1.75242
1.75277
1.75422
1.75667
1.75996
1.76388
1.76818
1.77259
1.77683
1.78059
1.7836
1.78564
1.78655
1.78624
1.78474
1.7822
1.77888
1.77516
1.77151
1.7684
1.76626
1.76535
1.76572
1.76727
1.76976
1.7729
1.77637
1.77987
1.78313
1.78588
1.78789
1.78893
1.78887
1.78763
1.78529
1.78213
1.77862
1.77541
1.77318
1.77242
1.77325
1.77537
1.77819
1.78106
1.7834
1.78484
1.78523
1.7846
1.7831
1.78099
1.77858
1.77617
1.77401
1.77223
1.77086
1.76983
1.769
1.76825
1.76746
1.76661
1.76569
1.76475
1.76386
1.76304
1.76231
1.76162
1.76093
1.7602
1.75938
1.75848
1.75752
1.75653
1.75553
1.75452
1.75346
1.75228
1.75091
1.74924
1.74725
1.74492
1.74234
1.73967
1.73712
1.73498
1.73351
1.73297
1.7335
1.73512
1.73773
1.74109
1.74494
1.74897
1.75292
1.75661
1.75991
1.76277
1.76519
1.76718
1.76878
1.77001
1.77087
1.77133
1.77137
1.77091
1.76992
1.76838
1.76631
1.76388
1.76135
1.75912
1.75765
1.75737
1.75849
1.76097
1.76449
1.7686
1.77277
1.77657
1.77969
1.78191
1.78311
1.78324
1.78223
1.78006
1.7767
1.77217
1.7665
1.75985
1.75245
1.74466
1.73695
1.72986
1.72393
1.71962
1.71726
1.71696
1.71866
1.72204
1.72666
1.73194
1.73732
1.74235
1.74677
1.7505
1.75362
