1.21431
1.21636
1.21795
1.21903
1.2196
1.21965
1.2192
1.21827
1.21689
1.2151
1.21295
1.21053
1.20795
1.20534
1.20287
1.20069
1.19895
1.19774
1.19706
1.19684
1.19691
1.19704
1.19702
1.19666
1.19591
1.19485
1.19374
1.19295
1.19284
1.19365
1.19538
1.19778
1.20049
1.20313
1.20543
1.20725
1.20856
1.20941
1.2099
1.2101
1.21011
1.20999
1.20977
1.20952
1.20926
1.20905
1.20893
1.20895
1.20914
1.20951
1.21004
1.21069
1.21139
1.21204
1.21254
1.21275
1.21253
1.21175
1.21028
1.20806
1.20514
1.20171
1.19817
1.19506
1.19295
1.19219
1.1928
1.19443
1.19653
1.19858
1.20022
1.20126
1.20168
1.20155
1.20093
1.19988
1.19839
1.19641
1.19384
1.19064
1.18687
1.1828
1.17901
1.17629
1.17538
1.17668
1.18003
1.18475
1.19001
1.19507
1.19947
1.203
1.20562
1.2074
1.20845
1.20887
1.20876
1.20824
1.20738
1.20628
1.20502
1.20367
1.2023
1.20095
1.19967
1.19844
1.19726
1.1961
1.19494
1.19374
1.19249
1.19118
1.18984
1.18848
1.18713
1.18578
1.18445
1.1831
1.18167
1.18012
1.17835
1.17632
1.17396
1.17128
1.16832
1.16516
1.16199
1.15903
1.15656
1.15483
1.15402
1.15418
1.15522
1.15692
1.15901
1.16124
1.1634
1.16536
1.16703
1.16841
1.16949
1.17033
1.17094
1.17139
1.17169
1.17189
1.172
1.17206
1.17207
1.17204
1.17198
1.1719
1.17179
1.17166
1.1715
1.17132
1.1711
1.17084
1.17054
1.1702
1.16981
1.16939
1.16893
1.16844
1.16794
1.16742
1.16691
1.1664
1.16588
1.16536
1.16482
1.16425
1.16365
1.16301
1.16236
1.16175
1.16124
1.16088
1.16076
1.16092
1.16139
1.16219
1.16328
1.16464
1.16622
1.16796
1.16983
1.1718
1.17386
1.176
1.17823
1.18052
1.18285
1.18515
1.18736
1.18939
1.19116
1.19261
1.19365
1.19425
1.19438
1.19402
1.19319
1.19188
1.1901
1.18786
1.1852
1.18221
1.17908
1.17608
1.17357
1.1719
1.17132
1.17192
1.17357
1.17603
1.17901
1.1823
1.18573
1.18924
1.19278
1.19633
1.19981
1.20316
1.20632
1.20925
1.21195
1.21444
1.21674
1.21891
1.22097
1.22294
1.2248
1.22653
1.22806
1.22936
1.23036
1.23105
1.2314
1.2314
1.23106
1.23042
1.22954
1.22849
1.22736
1.22626
1.22527
1.22443
1.22368
1.22289
1.22186
1.22038
1.21831
1.2157
1.2128
1.21009
1.2081
1.20727
1.20776
1.20945
1.21205
1.2152
1.21857
1.22188
1.22491
1.22746
1.22938
1.23057
1.23103
1.23086
1.23035
1.22991
1.22998
1.23093
1.2329
1.23575
1.23912
1.24256
1.24567
1.24816
1.24987
1.2507
1.25064
1.24964
1.24769
1.24474
1.24074
1.23574
1.22988
1.22355
1.21737
1.21206
1.20829
1.20632
1.20598
1.20676
1.20807
1.20944
1.21063
1.21161
1.21241
1.21314
1.21388
1.21471
1.21567
1.21677
1.21799
1.21928
1.22058
1.22178
1.2228
1.22354
1.22392
1.2239
1.22347
1.22266
1.22156
1.22025
1.21888
1.21757
1.21643
1.21554
1.21494
1.21461
1.21452
1.2146
1.21477
1.21497
1.2151
1.2151
1.21491
1.21448
1.2138
1.21288
1.21176
1.21052
1.20924
1.20801
1.20688
1.20589
1.20501
1.20419
1.2034
1.20262
1.20188
1.20128
1.201
1.20126
1.20224
1.20407
1.20672
1.21
1.2136
1.21713
1.22024
1.22266
1.22419
1.22475
1.22434
1.22306
1.22113
1.21885
1.21657
1.2146
1.21305
1.21179
1.2105
1.20876
1.2063
1.20313
1.19956
1.19618
1.19365
1.19265
1.19381
1.19759
1.20395
1.21218
1.22102
1.2292
1.23582
1.24049
1.24321
1.24422
1.24386
1.24249
1.24045
1.23799
1.23534
1.23267
1.23014
1.22787
1.22595
1.2244
1.2232
1.22231
1.22174
1.22159
1.22196
1.22292
1.2244
1.22626
1.22825
1.23018
1.23188
1.23326
1.23429
1.23497
1.23535
1.23545
1.23532
1.23501
1.2346
1.23418
1.23389
1.23389
1.23433
1.23533
1.23696
1.23917
1.24185
1.24482
1.24789
1.25085
1.25354
1.25585
1.25768
1.25897
1.25964
1.25966
1.25894
1.25741
1.25497
1.25153
1.247
1.24134
1.23465
1.22717
1.21937
1.21198
1.20589
1.20197
1.20085
1.20269
1.20707
1.21315
1.21992
1.22647
1.23217
1.23668
1.23986
1.24175
1.24246
1.24219
1.24119
1.23976
1.23825
1.23697
1.23615
1.23586
1.23605
1.23656
1.23719
1.23777
1.23821
1.2385
1.23867
1.23876
1.23883
1.2389
1.23897
1.239
1.23896
1.2388
1.23847
1.23797
1.23728
1.23642
1.23543
1.23436
1.23326
1.23219
1.23119
1.23031
1.22954
1.22887
1.22826
1.22763
1.22694
1.22612
1.22514
1.22399
1.22271
1.22134
1.22
1.21877
1.21778
1.2171
1.2168
1.21686
1.21725
1.21788
1.21864
1.21941
1.22011
1.22064
1.22095
1.221
1.22076
1.2202
1.21929
1.21802
1.21639
1.21444
1.21228
1.21006
1.20799
1.20629
1.20516
1.20472
1.20501
1.20597
1.20744
1.20924
1.21121
1.21315
1.21496
1.21655
1.21787
1.21892
1.2197
1.22025
1.22058
1.2207
1.22061
1.22031
1.21979
1.21906
1.21817
1.2172
1.21626
1.21548
1.21497
1.21474
1.21471
1.21472
1.2146
1.2142
1.21348
1.21253
1.21143
1.21023
1.2088
1.20691
1.20426
1.20065
1.19619
1.19138
1.18711
1.18437
1.18392
1.18598
1.19016
1.19567
1.20167
1.20741
1.21244
1.2165
1.21951
1.22151
1.22256
1.22277
1.22223
1.22105
1.21933
1.21713
1.21455
1.21166
1.20849
1.2051
1.20151
1.19775
1.19387
1.18995
1.18621
1.18298
1.18073
1.17999
1.18106
1.18393
1.18815
1.19307
1.19802
1.20251
1.20628
1.20927
1.21153
1.21318
1.21434
1.21514
1.21566
1.21599
1.21617
1.21625
1.21626
1.2162
1.2161
1.21595
1.21576
1.21554
1.21527
1.21497
1.21462
1.21422
1.21377
1.21327
1.2127
1.21204
1.21125
1.21029
1.20908
1.20751
1.20544
1.20273
1.19924
1.19488
1.1897
1.18392
1.17797
1.17252
1.16826
1.16579
1.1654
1.167
1.17023
1.17458
1.17952
1.18459
1.1894
1.19364
1.19713
1.19974
1.20145
1.20231
1.20246
1.20211
1.20148
1.20083
1.20035
1.20016
1.20027
1.20057
1.2009
1.20108
1.20095
1.20037
1.19929
1.19767
1.19556
1.19303
1.19024
1.18738
1.1847
1.1825
1.18105
1.18061
1.18128
1.18304
1.1857
1.18898
1.19254
1.19606
1.19927
1.202
1.20414
1.20564
1.20646
1.20663
1.20613
1.205
1.20324
1.20088
1.19795
1.19452
1.1907
1.18665
1.1826
1.17886
1.17575
1.17354
1.17237
1.17223
1.1729
1.17404
1.17533
1.17646
1.17727
1.17772
1.17789
1.17792
1.17799
1.17826
1.17886
1.17982
1.18112
1.18266
1.18427
1.1858
1.18709
1.18807
1.18875
1.18924
1.18974
1.19045
1.19155
1.19309
1.195
1.19707
1.19906
1.20071
1.2018
1.20219
1.20178
1.20055
1.19855
1.19587
1.19267
1.18922
1.18582
1.18285
1.18065
1.1795
1.17952
1.18067
1.18274
1.1854
1.18829
1.19103
1.19333
1.19493
1.19568
1.19547
1.19428
1.19214
1.18913
1.18544
1.18134
1.17716
1.17327
1.16997
1.16745
1.16575
1.16478
1.16446
1.16477
1.16577
1.1675
1.16986
1.1726
1.17542
1.17802
1.18021
1.18196
1.18331
1.18435
1.1852
1.18595
1.18665
1.18736
1.18808
1.18882
1.18957
1.19031
1.19103
1.19171
1.19235
1.19294
1.19351
1.19405
1.19458
1.19514
1.19572
1.19633
1.197
1.1977
1.19843
1.19917
1.19989
1.20056
1.20112
1.20152
1.20166
1.20145
1.20073
1.19934
1.19708
1.19375
1.18919
1.18337
1.17645
1.16888
1.16137
1.15482
1.15014
1.14804
1.14881
1.15216
1.15731
1.16318
1.16886
1.17377
1.17775
1.18087
1.18331
1.18525
1.18678
1.18794
1.18875
1.18917
1.18923
1.18896
1.18846
1.18783
1.18716
1.18648
1.18579
1.185
1.18405
1.18289
1.1816
1.18038
1.1795
1.17926
1.17982
1.18122
1.18331
1.18584
1.18856
1.19124
1.19372
1.19591
1.19777
1.19928
1.20044
1.20127
1.20178
1.202
1.20194
1.20162
1.20104
1.20021
1.19911
1.19772
1.196
1.19395
1.1916
1.18903
1.18642
1.18393
1.18162
1.17944
1.17719
1.17476
1.17244
1.17099
1.17136
1.17406
1.1787
1.18406
1.18876
1.19189
1.19337
1.1939
1.19472
1.19704
1.20141
1.20751
1.21439
1.22099
1.22653
1.23064
1.23315
1.23405
1.2333
1.23085
1.22665
1.2208
1.21363
1.20587
1.19866
1.19332
1.19101
1.19229
1.19684
1.20356
1.21102
1.2179
1.22335
1.22697
1.22875
1.22884
1.22749
1.22498
1.22163
1.21778
1.21379
1.20999
1.20658
1.20359
1.20081
1.19788
1.19442
1.19021
1.18538
1.18043
1.17624
1.17378
1.17374
1.17625
1.18077
1.18647
1.19252
1.19835
1.20368
1.20847
1.21275
1.21661
1.22012
1.2233
1.22615
1.22864
1.23076
1.23246
1.23376
1.23465
1.23515
1.23529
1.2351
1.23458
1.23374
1.23256
1.23102
1.22907
1.22667
1.22377
1.22035
1.21639
1.21188
1.20684
1.2013
1.19532
1.18898
1.18247
1.17604
1.17008
1.1651
1.16163
1.16013
1.16086
1.16376
1.16841
1.17418
1.18033
1.18622
1.19136
1.1955
1.19855
1.20057
1.20166
1.202
1.20172
1.201
1.19996
1.1987
1.19728
1.19574
1.19409
1.19232
1.19045
1.18849
1.18654
1.18471
1.18315
1.182
1.18131
1.18103
1.18098
1.1809
1.18051
1.17955
1.17793
1.17571
1.17318
1.17082
1.16918
1.16868
1.16951
1.17148
1.17418
1.17716
1.1827
1.1852
1.18731
1.18904
1.19048
1.19173
1.19286
1.19393
1.195
1.19609
1.19638
1.1975
1.19859
1.19963
1.20054
1.20126
1.20168
1.2017
1.2012
1.20006
1.19873
1.19617
1.19321
1.19031
1.18805
1.18698
1.18739
1.18911
1.19163
1.19429
1.19819
1.19955
1.20001
1.19969
1.19882
1.19771
1.1967
1.19608
1.19607
1.19673
1.19658
1.19841
1.20054
1.2028
1.20508
1.20731
1.20942
1.21143
1.21331
1.21506
1.21753
1.21902
1.22036
1.22156
1.2226
1.22347
1.22416
1.22466
1.22498
1.22511
1.22504
1.22483
1.22452
1.22417
1.22387
1.22372
1.22382
1.22426
1.22508
1.22628
1.2278
1.22954
1.23135
1.23309
1.23465
1.23592
1.23684
1.23738
1.23757
1.23744
1.23705
1.23651
1.23593
1.23542
1.2351
1.23508
1.23545
1.23625
1.23747
1.2391
1.24107
1.24328
1.24564
1.24807
1.25048
1.2528
1.25497
1.25694
1.25865
1.26005
1.26108
1.26168
1.26179
1.26136
1.26039
1.25893
1.25711
1.25518
1.25349
1.25245
1.25241
1.25356
1.25581
1.25887
1.26227
1.26549
1.26809
1.26968
1.27
1.26885
1.26614
1.26185
1.25609
1.24913
1.24149
1.2339
1.22731
1.22262
1.22053
1.22121
1.22432
1.22909
1.23466
1.24031
1.24558
1.25026
1.25429
1.2577
1.26053
1.2628
1.26453
1.2657
1.26633
1.26644
1.26605
1.2652
1.26394
1.26228
1.26026
1.25789
1.25514
1.25194
1.24816
1.24368
1.23841
1.23244
1.22612
1.22013
1.21536
1.21273
1.21284
1.21574
1.22088
1.22732
1.23411
1.24045
1.24585
1.25006
1.25305
1.25493
1.25585
1.25601
1.25559
1.25474
1.25359
1.25219
1.25059
1.24875
1.24666
1.24429
1.2416
1.23863
1.23543
1.23211
1.22876
1.22549
1.22236
1.21935
1.21642
1.21352
1.21063
1.20782
1.2052
1.20292
1.20105
1.19956
1.1983
1.19703
1.19557
1.19385
1.19208
1.19069
1.19023
1.19116
1.19359
1.19722
1.2015
1.20579
1.20961
1.2127
1.21496
1.21643
1.2172
1.21739
1.21709
1.21637
1.21527
1.21383
1.21204
1.20992
1.20745
1.20467
1.20162
1.19837
1.19505
1.1918
1.18877
1.18609
1.18387
1.18217
1.18101
1.1804
1.1803
1.18071
1.18157
1.18281
1.18434
1.18606
1.18786
1.18964
1.19129
1.19276
1.19399
1.19494
1.19561
1.19599
1.19606
1.19583
1.19531
1.19451
1.19347
1.19227
1.19097
1.18969
1.18853
1.18757
1.18681
1.1862
1.18563
1.18496
1.18405
1.18283
1.18132
1.17959
1.17786
1.17634
1.17528
1.17484
1.17507
1.17588
1.17704
1.17826
1.1792
1.1796
1.17926
1.17812
1.17627
1.17398
1.17165
1.16973
1.16852
1.16809
1.16826
1.16871
1.16914
1.16938
1.16948
1.16963
1.17013
1.17122
1.173
1.17541
1.17823
1.18116
1.18394
1.18634
1.18825
1.18962
1.19048
1.19085
1.19081
1.19041
1.18971
1.18878
1.18764
1.18636
1.18497
1.18349
1.18197
1.18043
1.1789
1.17741
1.176
1.17471
1.1736
1.17273
1.17215
1.17195
1.17216
1.17279
1.17383
1.17521
1.17683
1.17858
1.18032
1.18191
1.18322
1.18413
1.1845
1.18423
1.18324
1.18148
1.17896
1.1758
1.17222
1.16851
1.16499
1.16193
1.15951
1.15789
1.15719
1.1576
1.15922
1.16202
1.16572
1.16981
1.17373
1.17696
1.17912
1.17997
1.17945
1.17769
1.17498
1.17176
1.1686
1.16602
1.16434
1.16365
1.1638
1.16454
1.16569
1.16714
1.16888
1.17088
1.17308
1.17534
1.17753
1.17948
1.18109
1.18227
1.18302
1.18334
1.1833
1.183
1.18256
1.18214
1.18185
1.18176
1.18188
1.18213
1.18237
1.18247
1.18229
1.18177
1.18089
1.17972
1.17837
1.17699
1.17574
1.17476
1.17415
1.17395
1.17416
1.17474
1.17561
1.17669
1.17787
1.17908
1.18022
1.1812
1.18194
1.18237
1.18245
1.18213
1.18147
1.18054
1.17951
1.17859
1.178
1.17789
1.17834
1.17932
1.18073
1.18241
1.18422
1.18605
1.18781
1.18947
1.19099
1.19238
1.19366
1.19488
1.19611
1.19739
1.19876
1.20023
1.20179
1.20339
1.20497
1.20647
1.20782
1.20897
1.20988
1.2105
1.2108
1.21075
1.21034
1.20953
1.20833
1.20675
1.20479
1.20251
1.19992
1.19704
1.19384
1.19026
1.18624
1.18187
1.17747
1.17374
1.17163
1.17207
1.17548
1.18147
1.1889
1.19632
1.20243
1.20635
1.20775
1.20686
1.20453
1.20207
1.20085
1.20166
1.20418
1.20719
1.20917
1.20884
1.2055
1.19905
1.19005
1.17974
1.16991
1.16247
1.1588
1.15931
1.16352
1.1704
1.17871
1.18725
1.19499
1.20119
1.20541
1.20746
1.20738
1.20541
1.20201
1.19787
1.19387
1.19085
1.1893
1.18913
1.18974
1.1904
1.19054
1.18993
1.1887
1.18713
1.18555
1.18423
1.18326
1.18261
1.18214
1.18172
1.18123
1.1806
1.17986
1.17907
1.17834
1.17773
1.17726
1.17691
1.1766
1.17626
1.17586
1.17541
1.17494
1.17447
1.17404
1.17368
1.17338
1.17311
1.17278
1.17225
1.17139
1.17015
1.16857
1.16686
1.16536
1.16448
1.16458
1.16581
1.16803
1.17089
1.17396
1.17683
1.17925
1.1811
1.18237
1.18311
1.18343
1.18341
1.18316
1.18275
1.18226
1.18173
1.18122
1.18076
1.18039
1.18014
1.18002
1.18004
1.18023
1.18059
1.18111
1.1818
1.18263
1.18359
1.18464
1.18577
1.18691
1.18803
1.18905
1.18993
1.19057
1.1909
1.19085
1.19035
1.18936
1.1879
1.18605
1.18394
1.18179
1.17982
1.17817
1.1769
1.17591
1.17502
1.17404
1.17289
1.17169
1.17073
1.17045
1.17124
1.17329
1.17649
1.1804
1.18446
1.18813
1.19106
1.19307
1.19421
1.19464
1.19464
1.19448
1.19444
1.19468
1.19525
1.19607
1.197
1.19782
1.19837
1.1985
1.19818
1.19751
1.19667
1.19589
1.19533
1.19507
1.19511
1.19542
1.19602
1.19699
1.19843
1.20036
1.2027
1.20524
1.2077
1.20981
1.21137
1.21226
1.21244
1.21196
1.21093
1.20951
1.20787
1.20618
1.20456
1.20307
1.20173
1.20046
1.19919
1.19782
1.1963
1.19459
1.19268
1.19059
1.18837
1.18608
1.18381
1.18167
1.1798
1.17832
1.17734
1.17692
1.17704
1.17755
1.17825
1.17885
1.17908
1.17871
1.17765
1.17592
1.17374
1.17147
1.16954
1.16838
1.16832
1.1695
1.17181
1.17498
1.17864
1.18239
1.18588
1.18888
1.19123
1.19286
1.19376
1.19395
1.19344
1.19227
1.19045
1.18797
1.18484
1.18107
1.17669
1.17179
1.16653
1.16116
1.15607
1.15168
1.14844
1.14671
1.14661
1.14799
1.15046
1.15351
1.15667
1.15959
1.1621
1.16413
1.16571
1.16691
1.16778
1.16839
1.16877
1.16895
1.16893
1.16871
1.16826
1.16756
1.16657
1.16522
1.16349
1.16133
1.15874
1.15579
1.15262
1.14949
1.14673
1.1447
1.14364
1.14365
1.14458
1.14615
1.14801
1.14985
1.15144
1.15267
1.1535
1.15395
1.15408
1.15396
1.15366
1.15323
1.15274
1.15224
1.15176
1.15134
1.15099
1.15073
1.15058
1.15051
1.15054
1.15064
1.15081
1.15103
1.15129
1.15156
1.15184
1.1521
1.15235
1.15257
1.15274
1.15286
1.15291
1.1529
1.1528
1.1526
1.15232
1.15194
1.15147
1.15093
1.15036
1.14981
1.14934
1.14904
1.14899
1.14928
1.14996
1.15105
1.15251
1.15429
1.15625
1.15828
1.16024
1.162
1.16344
1.16447
1.16499
1.16495
1.16432
1.1631
1.16141
1.15945
1.15754
1.15606
1.15537
1.15572
1.1571
1.15928
1.16191
1.1646
1.16702
1.16895
1.17027
1.17095
1.17099
1.17044
1.16939
1.16793
1.16622
1.16443
1.16276
1.16141
1.16054
1.16024
1.16053
1.16134
1.16253
1.16396
1.16547
1.16693
1.16827
1.16943
1.17041
1.17122
1.17187
1.17239
1.17276
1.17298
1.17301
1.17284
1.17243
1.17179
1.17092
1.16988
1.16874
1.16757
1.16648
1.16553
1.1648
1.16431
1.16405
1.16399
1.16406
1.16421
1.16439
1.16455
1.16466
1.1647
1.16464
1.16446
1.16414
1.16366
1.163
1.16214
1.16106
1.15975
1.15822
1.15646
1.15452
1.15245
1.15035
1.14837
1.14673
1.14564
1.14532
1.14588
1.14731
1.14947
1.15212
1.15497
1.15775
1.16026
1.16237
1.16402
1.16517
1.16586
1.1661
1.16594
1.16543
1.16463
1.16362
1.16248
1.16134
1.16032
1.15954
1.15911
1.15907
1.15946
1.16021
1.16125
1.16248
1.1638
1.1651
1.16633
1.16744
1.16841
1.16923
1.16992
1.1705
1.17098
1.17138
1.17173
1.17207
1.1724
1.17276
1.17317
1.17364
1.1742
1.17484
1.17559
1.17642
1.17733
1.1783
1.1793
1.18031
1.18128
1.18217
1.18295
1.18355
1.18395
1.18408
1.18391
1.1834
1.18251
1.18126
1.17965
1.17776
1.17567
1.17354
1.17156
1.1699
1.16876
1.16828
1.16852
1.16948
1.17111
1.17331
1.17592
1.17879
1.18173
1.18455
1.18706
1.18907
1.19043
1.19103
1.19083
1.18983
1.18813
1.18592
1.18344
1.181
1.17894
1.17751
1.1769
1.17715
1.17818
1.17984
1.18193
1.18425
1.18658
1.18875
1.19059
1.19192
1.19262
1.19258
1.19175
1.1902
1.18808
1.18574
1.18361
1.18212
1.18161
1.18217
1.18358
1.18546
1.18737
1.18893
1.1899
1.19016
1.18973
1.18873
1.18733
1.18572
1.18412
1.18267
1.18148
1.18057
1.17989
1.17934
1.17883
1.17831
1.17774
1.17712
1.1765
1.17591
1.17536
1.17487
1.17441
1.17395
1.17346
1.17292
1.17232
1.17168
1.17102
1.17035
1.16968
1.16897
1.16819
1.16727
1.16616
1.16483
1.16328
1.16156
1.15978
1.15808
1.15665
1.15568
1.15532
1.15567
1.15675
1.15848
1.16073
1.16329
1.16598
1.16861
1.17107
1.17327
1.17518
1.17679
1.17812
1.17919
1.18001
1.18058
1.18089
1.18091
1.18061
1.17995
1.17892
1.17754
1.17592
1.17423
1.17275
1.17177
1.17158
1.17233
1.17398
1.17633
1.17906
1.18185
1.18438
1.18646
1.18794
1.18874
1.18883
1.18815
1.18671
1.18447
1.18144
1.17767
1.17323
1.1683
1.16311
1.15797
1.15324
1.14929
1.14642
1.14484
1.14464
1.14577
1.14803
1.15111
1.15463
1.15821
1.16157
1.16451
1.167
1.16908
