107.699
95.1461
85.1213
76.2763
72.3976
66.813
62.9131
61.0398
58.8733
56.6838
54.2968
52.8007
51.4383
49.2414
46.9173
45.1721
44.8297
43.5866
42.1655
41.1723
39.2692
37.6466
36.772
35.5401
34.619
33.6382
33.2191
32.4775
30.9699
30.1857
29.754
29.2529
29.0697
28.2233
28.0007
27.0927
27.2293
26.566
26.6237
26.1634
25.9835
25.5857
24.9441
24.6366
24.0544
23.8802
23.453
22.8089
22.1818
21.6115
21.5319
21.2534
21.4029
21.4132
20.7595
20.7413
20.5364
20.7394
20.4193
20.5127
20.3017
19.991
20.3779
19.7519
19.8359
19.7083
18.9042
19.2912
19.3792
19.3959
19.0079
19.1223
18.7058
18.5983
18.7349
18.2726
18.0671
18.4118
18.0603
18.0906
18.0995
18.4503
18.1477
18.1717
17.7391
17.4681
17.1808
17.5241
17.025
17.1016
16.8639
16.8419
16.4011
16.3982
16.3736
16.3114
16.3114
16.3114
16.3114
16.3114
16.3114
16.3114
16.3114
16.3114
16.3114
16.3114
16.3114
16.3114
16.3114
16.3114
16.3114
16.3114
16.3114
16.3114
16.3114
16.3114
16.3114
16.3114
16.3114
16.3114
16.3114
16.3114
16.3114
16.3114
16.3114
16.3114
16.3114
16.3114
16.3114
16.3113
16.5167
16.3059
16.3059
16.3059
16.3059
16.3059
16.3059
16.3059
16.3059
16.3059
16.3059
16.3059
16.3059
16.3059
16.3059
16.3059
16.3059
16.3059
16.3059
16.3059
16.3059
16.3059
16.3059
16.3059
16.3059
16.3059
16.3059
16.3059
16.3059
16.3059
16.3059
16.3059
16.3059
16.3059
16.3059
16.3059
16.3059
16.3059
16.3059
16.3059
16.3059
16.3059
16.3059
16.3059
16.3059
16.3059
16.3059
16.3059
16.3059
16.3059
16.3059
16.3059
16.3059
16.3059
16.3059
16.3059
16.3059
16.3059
16.3059
16.3059
16.3059
16.3059
16.3059
16.3059
16.3059
16.3059
16.3059
16.3059
16.3059
16.3059
16.3059
16.3059
16.3059
16.3059
16.3059
16.3059
16.3059
16.3059
16.3059
16.3059
16.3059
16.3059
16.3059
16.3059
16.3059
16.3059
16.3059
16.3059
16.3059
16.3059
16.3059
16.3059
16.3059
16.3059
16.3059
16.3059
16.3059
16.3059
16.3059
16.3059
16.3059
16.3059
16.3059
16.3059
16.3059
16.3059
16.3059
16.3059
16.3059
16.3059
16.3059
16.3059
16.3059
16.3059
16.3059
16.3059
16.3059
16.3059
16.3059
16.3059
16.3059
16.3059
16.3059
16.3059
16.3059
16.3059
16.3059
16.3059
16.3059
16.3059
16.3059
16.3059
16.3059
16.3059
16.3059
16.3059
16.3059
16.3059
16.3059
16.3059
16.3059
16.3059
16.3059
16.3059
16.3059
16.3059
16.3059
16.3059
16.3059
16.3059
16.3059
16.3059
16.3059
16.3059
16.3059
16.3059
16.3059
16.3059
16.3059
16.3059
16.3059
16.3059
16.3059
16.3059
16.3059
16.3059
16.3059
16.3059
16.3059
16.3059
16.3059
16.3059
16.3059
16.3059
16.3059
16.3059
16.3059
16.3059
16.3059
16.3059
16.3059
16.3059
16.3059
16.3059
16.3059
16.3059
16.3059
16.3059
16.3059
16.3059
16.3059
16.3059
16.3059
16.3059
16.3059
16.3059
16.3059
16.3059
16.3059
16.3059
16.3059
16.3059
16.3059
16.3059
16.3059
16.3059
16.3059
16.3059
16.3059
16.3059
16.3059
16.3059
16.3059
16.3059
16.3059
16.3059
16.3059
16.3059
16.3059
16.3059
16.3059
16.3059
16.3059
16.3059
16.3059
16.3059
16.3059
16.3059
16.3059
16.3059
16.3059
16.3059
16.3059
16.3059
16.3059
16.3059
16.3059
16.3059
16.3059
16.3059
16.3059
16.3059
16.3059
16.3059
16.3059
16.3059
16.3059
16.3059
16.3059
16.3059
16.3059
16.3059
16.3059
16.3059
16.3059
16.3059
16.3059
16.3059
16.3059
16.3059
16.3059
16.3059
16.3059
16.3059
16.3059
16.3059
16.3059
16.3059
16.3059
16.3059
16.3059
16.3059
16.3059
16.3059
16.3059
16.3059
16.3059
16.3059
16.3059
16.3059
16.3059
16.3059
16.3059
16.3059
16.3059
16.3059
16.3059
16.3059
16.3059
16.3059
16.3059
16.3059
16.3059
16.3059
16.3059
16.3059
16.3059
16.3059
16.3059
16.3059
16.3059
16.3059
16.3059
16.3059
16.3059
16.3059
16.3059
16.3059
16.3059
16.3059
16.3059
16.3059
16.3059
16.3059
16.3059
16.3059
16.3059
16.3059
16.3059
16.3059
16.3059
16.3059
16.3059
16.3059
16.3059
16.3059
16.3059
16.3059
16.3059
16.3059
16.3059
16.3059
16.3059
16.3059
16.3059
16.3059
16.3059
16.3059
16.3059
16.3059
16.3059
16.3059
16.3059
16.3059
16.3059
16.3059
16.3059
16.3059
16.3059
16.3059
16.3059
16.3059
16.3059
16.3059
16.3059
16.3059
16.3059
16.3059
16.3059
16.3059
16.3059
16.3059
16.3059
16.3059
16.3059
16.3059
16.3059
16.3059
16.3059
16.3059
16.3059
16.3059
16.3059
16.3059
16.3059
16.3059
16.3059
16.3059
16.3059
16.3059
16.3059
16.3059
16.3059
16.3059
16.3059
16.3059
16.3059
16.3059
16.3059
16.3059
16.3059
16.3059
16.3059
16.3059
16.3059
16.3059
16.3059
16.3059
16.3059
16.3059
16.3059
16.3059
16.3059
16.3059
16.3059
16.3059
16.3059
16.3059
16.3059
16.3059
16.3059
16.3059
16.3059
16.3059
16.3059
16.3059
16.3059
16.3059
16.3059
16.3059
16.3059
16.3059
16.3059
16.3059
16.3059
16.3059
16.3059
16.3059
16.3059
16.3059
16.3059
16.3059
16.3059
16.3059
16.3059
16.3059
16.3059
16.3059
16.3059
16.3059
16.3059
16.3059
16.3059
16.3059
16.3059
16.3059
16.3059
16.3059
16.3059
16.3059
16.3059
16.3059
16.3059
16.3059
16.3059
16.3059
16.3059
16.3059
16.3059
16.3059
16.3059
16.3059
16.3059
16.3059
16.3059
16.3059
16.3059
16.3059
16.3059
16.3059
16.3059
16.3059
16.3059
16.3059
16.3059
16.3059
16.3059
16.3059
16.3059
16.3059
16.3059
16.3059
16.3059
16.3059
16.3059
16.3059
16.3059
16.3059
16.3059
16.3059
16.3059
16.3059
16.3059
16.3059
16.3059
16.3059
16.3059
16.3059
16.3059
16.3059
16.3059
16.3059
16.3059
16.3059
16.3059
16.3059
16.3059
16.3059
16.3059
16.3059
16.3059
16.3059
16.3059
16.3059
16.3059
16.3059
16.3059
16.3059
16.3059
16.3059
16.3059
16.3059
16.3059
16.3059
16.3059
16.3059
16.3059
16.3059
16.3059
16.3059
16.3059
16.3059
16.3059
16.3059
16.3059
16.3059
16.3059
16.3059
16.3059
16.3059
16.3059
16.3059
16.3059
16.3059
16.3059
16.3059
16.3059
16.3059
16.3059
16.3059
16.3059
16.3059
16.3059
16.3059
16.3059
16.3059
16.3059
16.3059
16.3059
16.3059
16.3059
16.3059
16.3059
16.3059
16.3059
16.3059
16.3059
16.3059
16.3059
16.3059
16.3059
16.3059
16.3059
16.3059
16.3059
16.3059
16.3059
16.3059
16.3059
16.3059
16.3053
16.5579
16.7539
16.2273
16.2087
16.2087
16.2087
16.2087
16.2087
16.2087
16.2087
16.2087
16.2087
16.2087
16.2087
16.2087
16.2087
16.2087
16.2087
16.2087
16.2087
16.2087
16.2087
16.2087
16.2087
16.2087
16.2087
16.2087
16.2087
16.2087
16.2087
16.2087
16.2087
16.2087
16.2087
16.2087
16.2087
16.2087
16.2087
16.2087
