92.2399
83.3923
75.0353
71.5276
65.5213
62.3272
60.262
57.4936
55.3185
53.1968
51.1929
49.4287
47.5685
46.193
44.6969
43.9388
42.2585
41.0693
39.4665
38.3462
37.0292
35.806
34.5125
33.858
33.204
32.5105
31.3868
30.5241
29.9351
29.2077
28.8633
28.4408
28.082
27.5948
26.903
26.4805
25.9043
25.5161
25.2277
24.8943
24.4795
24.0025
23.561
23.285
22.961
22.6006
22.2933
21.6117
21.6117
21.3953
21.2296
20.9051
20.8124
20.6721
20.4725
20.4543
20.1003
20.022
19.9385
19.7629
19.6657
19.55
19.385
19.1353
19.0859
18.7683
18.691
18.6526
18.3637
18.3637
18.3637
18.2607
18.2188
18.134
18.0755
18.0671
18.0604
18.0604
17.9101
17.8851
17.7759
17.554
17.3779
17.2718
17.1222
17.1063
16.7466
16.7466
16.6095
16.5487
16.4236
16.3983
16.3983
16.3114
16.3114
16.3114
16.3114
16.3114
16.3114
16.3114
16.3114
16.3114
16.3114
16.3114
16.3114
16.3114
16.3114
16.3114
16.3114
16.3114
16.3114
16.3114
16.3114
16.3114
16.3114
16.3114
16.3114
16.3114
16.3114
16.3114
16.3114
16.3114
16.3114
16.3114
16.3114
16.3114
16.3114
16.3114
16.3059
16.3059
16.3059
16.3059
16.3059
16.3059
16.3059
16.3059
16.3059
16.3059
16.3059
16.3059
16.3059
16.3059
16.3059
16.3059
16.3059
16.3059
16.3059
16.3059
16.3059
16.3059
16.3059
16.3059
16.3059
16.3059
16.3059
16.3059
16.3059
16.3059
16.3059
16.3059
16.3059
16.3059
16.3059
16.3059
16.3059
16.3059
16.3059
16.3059
16.3059
16.3059
16.3059
16.3059
16.3059
16.3059
16.3059
16.3059
16.3059
16.3059
16.3059
16.3059
16.3059
16.3059
16.3059
16.3059
16.3059
16.3059
16.3059
16.3059
16.3059
16.3059
16.3059
16.3059
16.3059
16.3059
16.3059
16.3059
16.3059
16.3059
16.3059
16.3059
16.3059
16.3059
16.3059
16.3059
16.3059
16.3059
16.3059
16.3059
16.3059
16.3059
16.3059
16.3059
16.3059
16.3059
16.3059
16.3059
16.3059
16.3059
16.3059
16.3059
16.3059
16.3059
16.3059
16.3059
16.3059
16.3059
16.3059
16.3059
16.3059
16.3059
16.3059
16.3059
16.3059
16.3059
16.3059
16.3059
16.3059
16.3059
16.3059
16.3059
16.3059
16.3059
16.3059
16.3059
16.3059
16.3059
16.3059
16.3059
16.3059
16.3059
16.3059
16.3059
16.3059
16.3059
16.3059
16.3059
16.3059
16.3059
16.3059
16.3059
16.3059
16.3059
16.3059
16.3059
16.3059
16.3059
16.3059
16.3059
16.3059
16.3059
16.3059
16.3059
16.3059
16.3059
16.3059
16.3059
16.3059
16.3059
16.3059
16.3059
16.3059
16.3059
16.3059
16.3059
16.3059
16.3059
16.3059
16.3059
16.3059
16.3059
16.3059
16.3059
16.3059
16.3059
16.3059
16.3059
16.3059
16.3059
16.3059
16.3059
16.3059
16.3059
16.3059
16.3059
16.3059
16.3059
16.3059
16.3059
16.3059
16.3059
16.3059
16.3059
16.3059
16.3059
16.3059
16.3059
16.3059
16.3059
16.3059
16.3059
16.3059
16.3059
16.3059
16.3059
16.3059
16.3059
16.3059
16.3059
16.3059
16.3059
16.3059
16.3059
16.3059
16.3059
16.3059
16.3059
16.3059
16.3059
16.3059
16.3059
16.3059
16.3059
16.3059
16.3059
16.3059
16.3059
16.3059
16.3059
16.3059
16.3059
16.3059
16.3059
16.3059
16.3059
16.3059
16.3059
16.3059
16.3059
16.3059
16.3059
16.3059
16.3059
16.3059
16.3059
16.3059
16.3059
16.3059
16.3059
16.3059
16.3059
16.3059
16.3059
16.3059
16.3059
16.3059
16.3059
16.3059
16.3059
16.3059
16.3059
16.3059
16.3059
16.3059
16.3059
16.3059
16.3059
16.3059
16.3059
16.3059
16.3059
16.3059
16.3059
16.3059
16.3059
16.3059
16.3059
16.3059
16.3059
16.3059
16.3059
16.3059
16.3059
16.3059
16.3059
16.3059
16.3059
16.3059
16.3059
16.3059
16.3059
16.3059
16.3059
16.3059
16.3059
16.3059
16.3059
16.3059
16.3059
16.3059
16.3059
16.3059
16.3059
16.3059
16.3059
16.3059
16.3059
16.3059
16.3059
16.3059
16.3059
16.3059
16.3059
16.3059
16.3059
16.3059
16.3059
16.3059
16.3059
16.3059
16.3059
16.3059
16.3059
16.3059
16.3059
16.3059
16.3059
16.3059
16.3059
16.3059
16.3059
16.3059
16.3059
16.3059
16.3059
16.3059
16.3059
16.3059
16.3059
16.3059
16.3059
16.3059
16.3059
16.3059
16.3059
16.3059
16.3059
16.3059
16.3059
16.3059
16.3059
16.3059
16.3059
16.3059
16.3059
16.3059
16.3059
16.3059
16.3059
16.3059
16.3059
16.3059
16.3059
16.3059
16.3059
16.3059
16.3059
16.3059
16.3059
16.3059
16.3059
16.3059
16.3059
16.3059
16.3059
16.3059
16.3059
16.3059
16.3059
16.3059
16.3059
16.3059
16.3059
16.3059
16.3059
16.3059
16.3059
16.3059
16.3059
16.3059
16.3059
16.3059
16.3059
16.3059
16.3059
16.3059
16.3059
16.3059
16.3059
16.3059
16.3059
16.3059
16.3059
16.3059
16.3059
16.3059
16.3059
16.3059
16.3059
16.3059
16.3059
16.3059
16.3059
16.3059
16.3059
16.3059
16.3059
16.3059
16.3059
16.3059
16.3059
16.3059
16.3059
16.3059
16.3059
16.3059
16.3059
16.3059
16.3059
16.3059
16.3059
16.3059
16.3059
16.3059
16.3059
16.3059
16.3059
16.3059
16.3059
16.3059
16.3059
16.3059
16.3059
16.3059
16.3059
16.3059
16.3059
16.3059
16.3059
16.3059
16.3059
16.3059
16.3059
16.3059
16.3059
16.3059
16.3059
16.3059
16.3059
16.3059
16.3059
16.3059
16.3059
16.3059
16.3059
16.3059
16.3059
16.3059
16.3059
16.3059
16.3059
16.3059
16.3059
16.3059
16.3059
16.3059
16.3059
16.3059
16.3059
16.3059
16.3059
16.3059
16.3059
16.3059
16.3059
16.3059
16.3059
16.3059
16.3059
16.3059
16.3059
16.3059
16.3059
16.3059
16.3059
16.3059
16.3059
16.3059
16.3059
16.3059
16.3059
16.3059
16.3059
16.3059
16.3059
16.3059
16.3059
16.3059
16.3059
16.3059
16.3059
16.3059
16.3059
16.3059
16.3059
16.3059
16.3059
16.3059
16.3059
16.3059
16.3059
16.3059
16.3059
16.3059
16.3059
16.3059
16.3059
16.3059
16.3059
16.3059
16.3059
16.3059
16.3059
16.3059
16.3059
16.3059
16.3059
16.3059
16.3059
16.3059
16.3059
16.3059
16.3059
16.3059
16.3059
16.3059
16.3059
16.3059
16.3059
16.3059
16.3059
16.3059
16.3059
16.3059
16.3059
16.3059
16.3059
16.3059
16.3059
16.3059
16.3059
16.3059
16.3059
16.3059
16.3059
16.3059
16.3059
16.3059
16.3059
16.3059
16.3059
16.3059
16.3059
16.3059
16.3059
16.3059
16.3059
16.3059
16.3059
16.3059
16.3059
16.3059
16.3059
16.3059
16.3059
16.3059
16.3059
16.3059
16.3059
16.3059
16.2087
16.2087
16.2087
16.2087
16.2087
16.2087
16.2087
16.2087
16.2087
16.2087
16.2087
16.2087
16.2087
16.2087
16.2087
16.2087
16.2087
16.2087
16.2087
16.2087
16.2087
16.2087
16.2087
16.2087
16.2087
16.2087
16.2087
16.2087
16.2087
16.2087
16.2087
16.2087
16.2087
16.2087
16.2087
16.2087
16.2087
16.2087
16.2087
16.2087
16.2087
