0 0 0
0.0256496 0 0
0.0512993 0 0
0.0769489 0 0
0.102599 0 0
0.128248 0 0
0.153898 0 0
0.179547 0 0
0.205197 0 0
0.230847 0 0
0.256496 0 0
0.282146 0 0
0.307796 0 0
0.333445 0 0
0.359095 0 0
0.384745 0 0
0.410394 0 0
0.436044 0 0
0.461694 0 0
0.487343 0 0
0.512993 0 0
0.538642 0 0
0.564292 0 0
0.589942 0 0
0.615591 0 0
0.641241 0 0
0.666891 0 0
0.69254 0 0
0.71819 0 0
0.74384 0 0
0.769489 0 0
0.795139 0 0
0.820788 0 0
0.846438 0 0
0.872088 0.00165069 0.000656058
0.897737 0.0280622 0.0033142
0.923387 0.177381 0.00705257
0.949037 0.613121 0.0134216
0.974686 1.23694 0.0192092
1.00034 1.91653 0.0265706
1.02599 2.34786 0.0279046
1.05164 2.57243 0.0248381
1.07728 2.5397 0.0264475
1.10293 2.41822 0.0326549
1.12858 2.18426 0.0245064
1.15423 1.97178 0.0229286
1.17988 1.73866 0.0243439
1.20553 1.55747 0.0210484
1.23118 1.39359 0.0224275
1.25683 1.21066 0.0178343
1.28248 1.11654 0.0194303
1.30813 1.03775 0.0176308
1.33378 0.91028 0.0150661
1.35943 0.857083 0.0140704
1.38508 0.788177 0.0148916
1.41073 0.736288 0.0113364
1.43638 0.716987 0.0122208
1.46203 0.702798 0.0121075
1.48768 0.658308 0.0114992
1.51333 0.657425 0.00929737
1.53898 0.659641 0.00878045
1.56463 0.646098 0.0110556
1.59028 0.659122 0.0111773
1.61593 0.685035 0.0101754
1.64158 0.702843 0.00967008
1.66723 0.728998 0.0112426
1.69288 0.763246 0.0129261
1.71853 0.807139 0.0106491
1.74418 0.851255 0.00937242
1.76983 0.876178 0.0108469
1.79547 0.926039 0.0122427
1.82112 0.968709 0.0131567
1.84677 0.994753 0.0122543
1.87242 1.03037 0.0113083
1.89807 1.09741 0.0136485
1.92372 1.12594 0.0108447
1.94937 1.13604 0.0113942
1.97502 1.15958 0.00945341
2.00067 1.18372 0.0109607
2.02632 1.20308 0.0124843
2.05197 1.21466 0.00870865
2.07762 1.22012 0.0114126
2.10327 1.22774 0.0115168
2.12892 1.1906 0.0115395
2.15457 1.14765 0.0105147
2.18022 1.12507 0.0100818
2.20587 1.11101 0.0110061
2.23152 1.06865 0.0112353
2.25717 1.04325 0.0100276
2.28282 1.01971 0.0089232
2.30847 0.99294 0.0104151
2.33412 0.980626 0.0102579
2.35977 0.95594 0.0073459
2.38542 0.94413 0.00952209
2.41107 0.919328 0.00831898
2.43672 0.894682 0.00815961
2.46237 0.89335 0.0079977
2.48802 0.887624 0.00874512
2.51366 0.893376 0.0097412
2.53931 0.882577 0.00928726
