-0.457182   0.457814   -0.386139
0.157857   0.498298   0.0588776
0.0820585   0.386887   -0.313009
0.431486   -0.456585   -0.180815
-0.193976   0.189371   0.474299
-0.18331   0.0591937   0.146217
0.124032   0.254422   0.084249
0.463671   0.342877   -0.210483
0.184437   -0.278199   0.0403421
0.263732   -0.303262   0.446571
-0.113753   0.221794   -0.363597
0.286794   0.334736   0.133183
-0.430143   -0.410347   0.287406
-0.0975736   -0.368947   0.135359
0.4126   -0.0527379   0.117992
-0.479352   0.174772   0.0391033
0.36659   -0.148523   -0.449934
-0.133803   -0.297005   -0.344168
0.341069   0.295424   0.347334
-0.201405   0.285001   0.215409
-0.0779385   -0.439271   -0.49611
-0.0367564   0.106336   0.0142924
0.208457   -0.302579   -0.36385
0.177459   -0.449408   -0.193879
-0.447261   -0.428956   -0.00425626
0.0273794   -0.158699   -0.28436
0.413764   -0.315427   -0.322973
0.292383   0.418649   -0.0558914
0.4872   -0.304328   0.464254
0.320634   -0.485528   -0.342704
0.238126   -0.455412   0.218802
-0.0142224   0.213525   -0.193263
0.298514   -0.497995   0.414565
0.0815362   -0.377271   0.361194
0.381838   -0.131754   -0.207995
-0.355591   -0.303781   -0.19732
-0.288725   0.264131   0.0137821
0.447823   0.465342   0.180816
-0.263166   -0.499408   -0.0310698
-0.00653165   0.160471   0.209825
0.0973717   -0.208921   0.281363
0.398343   0.104979   -0.307905
0.0581265   -0.281813   -0.12419
-0.36699   0.420093   -0.159958
-0.0826301   0.313962   0.00353778
0.188711   0.0855515   -0.0677931
0.288577   -0.27657   0.240879
-0.481629   -0.0425533   -0.4057
0.167324   -0.121834   -0.162433
0.277286   -0.0759418   0.320007
-0.305843   -0.298746   0.061434
-0.177259   -0.366763   -0.143234
-0.490502   0.373711   -0.00523589
-0.314471   0.101377   -0.382679
0.0347839   0.111893   0.427671
-0.420367   -0.0793224   -0.229464
0.495479   -0.203754   -0.0381346
-0.382015   -0.231056   -0.395773
0.409196   0.33723   -0.448608
0.198386   0.192325   -0.287622
-0.347201   -0.080541   0.181753
0.305327   -0.306747   -0.134811
-0.00144782   0.394416   0.166849
-0.0346253   0.409624   0.367237
-0.17055   -0.218807   0.335549
-0.359598   0.0306527   -0.0333272
0.391841   0.106696   0.287855
-0.371565   -0.223282   0.311292
-0.432469   0.148225   0.465736
0.000851058   0.0161529   -0.370432
-0.468267   0.459158   0.421393
0.155451   -0.0990978   -0.48334
0.136131   0.350168   -0.0963951
-0.328705   0.438762   0.156961
-0.260113   0.400536   0.491598
-0.0427205   -0.45841   -0.0310845
-0.293483   -0.117801   0.479288
-0.037252   -0.453771   -0.248655
-0.238751   0.224666   -0.17208
0.334609   -0.395548   0.0240731
0.350559   0.0702501   0.481239
0.433595   0.0127609   -0.0674737
-0.23686   0.0132565   0.354062
-0.169821   0.0302246   -0.165972
-0.274506   -0.145192   -0.0746775
0.0399051   0.280467   -0.483448
0.450724   -0.139302   0.317575
-0.231084   -0.105368   -0.307878
0.131812   -0.449316   -0.459503
-0.427875   0.280121   0.261519
0.316985   0.116984   0.0966751
-0.432596   0.135911   -0.19563
0.219191   0.37281   -0.466446
0.344334   0.20368   -0.0966198
0.149693   0.386165   0.314509
-0.285864   -0.357899   0.473643
-0.214235   -0.462931   0.283273
-0.0331907   -0.178591   -0.494844
-0.164146   -0.139067   0.152831
0.478968   -0.315126   0.152803
-0.0760227   -0.143909   -0.0889714
-0.219809   -0.478667   -0.32664
-0.29721   0.313901   -0.341616
-0.0414764   -0.0584884   0.298861
0.127425   -0.0967875   0.0749904
-0.13444   0.385754   -0.201688
0.232926   -0.0118757   -0.312944
0.193661   0.174111   0.29984
