0.491868   0.485364   0.483785
-0.35191   -0.314524   0.490579
0.49741   -0.325173   -0.312654
-0.348606   -0.48545   -0.337712
-0.184379   0.480494   -0.492547
-0.00709634   -0.330515   0.490869
-0.17143   -0.329745   -0.330532
-0.00869644   -0.485522   -0.334078
0.173426   -0.494059   0.496787
0.331215   -0.331475   -0.479961
0.159225   -0.34206   -0.337591
0.334467   -0.49969   -0.336504
-0.499142   -0.154479   -0.479298
-0.325396   0.00396473   -0.49922
-0.476286   -0.0106426   -0.326716
-0.33533   -0.171276   -0.337401
-0.176625   -0.172414   0.481439
-0.0149449   0.00709549   0.480919
-0.179286   -0.00660855   -0.317655
-0.00248135   -0.155956   -0.312152
0.172722   -0.158131   -0.498504
0.328821   -0.00222389   -0.468856
0.172649   0.0153154   -0.333989
0.304338   -0.1701   -0.32214
-0.497589   0.154662   -0.492863
-0.327362   0.323296   0.48378
-0.492933   0.334934   -0.335374
-0.329647   0.174283   -0.331754
-0.17787   0.172284   -0.494037
-0.0106762   0.327964   0.493264
-0.153189   0.334142   -0.325174
-0.00379484   0.157908   -0.335989
0.161533   0.160249   -0.493634
0.329804   0.325131   -0.486819
0.171916   0.333178   -0.335926
0.348855   0.167067   -0.342396
0.499068   0.498598   -0.155774
-0.328597   -0.34273   -0.176847
0.474982   -0.337889   0.0175476
-0.330131   -0.488128   -0.00799632
-0.170789   -0.494496   -0.164229
-0.0135612   -0.337031   -0.177566
-0.163708   -0.334263   0.0105997
0.0108284   0.481238   0.00019413
0.173412   -0.492   -0.16857
0.333315   -0.314627   -0.160113
0.170926   -0.322779   -0.0102426
0.33855   0.485186   -0.00514808
-0.490429   -0.158046   -0.182442
-0.3314   -0.00781445   -0.140637
0.497845   -0.0213926   -0.00561411
-0.331551   -0.175816   0.00159137
-0.189427   -0.178095   -0.170469
-0.0254286   -0.00235329   -0.155603
-0.156836   -0.0111276   0.0107423
-0.00465245   -0.172378   -0.00888802
0.158933   -0.160456   -0.168992
0.339252   0.00529834   -0.178958
0.165865   -0.000533927   0.00493321
0.335158   -0.146532   -0.00915594
-0.498225   0.175685   -0.167375
-0.336324   0.34063   -0.185107
0.486766   0.318767   -0.00957281
-0.349603   0.16521   -0.00875881
-0.168929   0.167705   -0.166482
0.00575807   0.338012   -0.153974
-0.173026   0.332686   -0.0141152
0.0118945   0.179084   -0.00599767
0.181639   0.170444   -0.177868
0.339569   0.331671   -0.168597
0.17953   0.31123   0.0020697
0.338056   0.161998   -0.0204736
0.489478   -0.494487   0.168729
-0.35146   -0.332829   0.166729
-0.493571   -0.317471   0.336658
-0.342375   -0.496652   0.322461
-0.160005   0.48292   0.152618
0.0268062   -0.349142   0.188781
-0.185407   -0.346098   0.328848
0.00391202   0.479071   0.334988
0.171208   0.486705   0.134342
0.312662   -0.336103   0.17816
0.179743   -0.323921   0.362068
0.32582   -0.496378   0.332526
0.490886   -0.152431   0.166625
-0.338114   0.00730791   0.150036
-0.479471   0.00112466   0.319652
-0.327532   -0.154131   0.316173
-0.142847   -0.164128   0.189803
-0.0115666   0.029115   0.170986
-0.163068   0.0121387   0.322905
0.0204797   -0.166321   0.317959
0.192944   -0.161479   0.158352
0.337737   0.014319   0.148232
0.164052   -0.00367646   0.335814
0.346177   -0.16844   0.349473
0.494563   0.159116   0.164953
-0.332355   0.337412   0.169786
-0.493546   0.32773   0.325086
-0.329095   0.174184   0.327947
-0.181181   0.190905   0.152258
0.000868782   0.324286   0.162975
-0.167495   0.331547   0.328067
0.00467833   0.175867   0.326288
0.175086   0.159548   0.172586
0.338873   0.304261   0.174528
0.174796   0.336735   0.339725
0.357544   0.14632   0.347613
