108.721
108.217
107.198
104.276
102.573
107.829
93.3602
98.5882
99.1096
87.1438
100.523
96.7558
98.9298
94.3363
87.7959
90.7239
92.6322
91.1143
93.9969
83.6023
86.5284
90.3833
85.8678
78.0699
82.5494
84.4439
80.1424
81.2881
85.9017
84.268
79.8161
70.7498
76.2608
71.6211
71.2489
69.9388
71.0487
74.7675
68.6497
66.7831
70.2921
69.8849
67.5936
65.1434
71.6748
66.2284
65.021
62.3268
70.4688
64.5812
65.9714
63.3746
63.4122
62.8627
57.836
63.6673
66.3202
63.4167
60.6949
58.7688
59.371
55.8083
54.5899
52.5116
56.4373
55.1568
54.6107
57.5202
53.9697
53.2125
48.6691
53.7842
52.3401
46.4835
49.3901
48.6095
47.1748
51.2095
49.1802
47.7996
47.735
49.9818
49.1414
48.3022
48.1315
46.2537
46.3795
45.5387
44.2854
43.1475
45.1816
46.516
46.4758
41.58
43.5148
42.4032
37.5017
43.7525
44.8196
41.5589
44.1148
40.7861
40.2202
39.1338
41.5203
34.8463
35.2067
36.0418
38.6401
39.2559
37.2471
33.422
36.9491
36.316
37.4686
36.1554
36.1123
36.8594
34.753
35.5782
34.1923
35.2314
32.6413
34.6434
35.1001
34.6957
32.8968
37.2454
33.9263
35.2028
34.061
36.3822
33.7855
32.5555
31.4697
34.8501
35.8387
33.4504
35.0991
31.6672
32.453
33.0922
34.3412
35.0504
31.5225
32.464
30.0569
32.1842
33.2872
31.6273
29.952
28.6957
30.7133
31.0675
29.865
30.581
29.2423
31.3447
31.3991
31.7738
27.7022
30.1436
30.4181
30.7001
29.4592
29.29
30.787
27.8069
27.5294
29.2524
27.3863
29.0694
28.8478
28.6409
28.7469
29.1199
28.5824
27.589
28.8877
27.9106
27.066
25.7624
24.2747
28.0931
25.9619
26.4278
24.3312
28.0069
26.9144
23.3637
25.7893
26.5754
25.0907
22.7807
25.8741
26.3717
26.6184
26.2192
25.3806
25.9392
24.4909
25.2201
26.2745
26.2632
26.6596
26.6263
27.1253
26.7233
27.8024
25.8459
25.1529
25.9777
26.1119
25.5944
25.5435
24.5942
24.0511
23.987
23.8874
25.7074
24.7224
23.7124
24.449
24.5202
23.2875
26.0005
25.4224
24.7881
23.6418
23.9378
22.2722
22.8454
23.0109
24.175
24.149
23.2679
24.565
22.3351
23.2883
22.1363
23.187
22.3101
22.4411
21.7091
22.6413
22.9902
22.9087
22.8491
22.4807
22.4869
22.4408
21.2508
21.1255
22.7648
23.5736
22.189
21.8984
21.7503
21.5515
22.3803
21.5058
20.3981
21.522
22.5014
22.136
21.766
20.7058
21.4624
21.8497
20.4426
19.2734
19.2675
21.6282
22.4839
20.9942
20.4094
20.2785
20.3541
19.8473
20.427
22.1594
20.1795
20.8887
20.315
19.413
20.7894
20.6348
20.8817
20.2937
18.3553
19.7225
20.8519
20.2242
20.2399
20.6681
19.9301
18.9637
19.4637
19.3581
19.7145
18.3345
20.2404
19.3336
20.7722
20.2292
20.0715
19.0783
19.5881
18.7884
19.8377
18.931
19.1678
20.3719
21.1059
20.1325
19.3861
18.9542
19.1823
19.8329
19.6309
19.744
20.1118
19.5256
19.1853
20.4568
20.2941
18.6119
19.2804
19.6978
19.8233
19.2228
19.171
18.8908
19.7938
19.0248
18.4369
19.1149
19.0506
20.0917
18.7442
19.7159
19.2477
20.029
19.1984
19.7289
19.2956
18.8679
18.9237
19.5595
19.4367
18.129
18.9452
19.671
19.4988
20.2794
19.832
18.8759
20.0665
20.4157
19.4514
19.8692
19.6153
18.8584
19.5953
19.2551
19.8105
18.6615
19.278
18.7327
18.3619
17.9242
19.1761
19.0644
19.1036
17.7281
18.7312
18.5127
18.5185
19.5559
19.1929
18.4362
19.1989
18.5765
18.5884
18.69
19.0437
19.0066
18.4633
18.7942
19.1836
19.5655
18.6544
18.7568
18.335
18.9699
18.7315
19.3576
19.3809
19.4292
18.9362
18.413
18.0207
18.3365
18.6187
19.0815
18.8908
18.1731
18.9134
18.542
18.0609
18.3942
17.8682
17.7302
18.0169
17.5418
17.7988
17.5626
18.6381
18.8228
18.0674
17.9504
18.3753
18.2461
18.5077
18.5098
18.1301
18.7655
18.7061
18.495
18.304
18.0542
18.4208
18.4132
17.8657
18.172
18.2079
18.5823
18.5385
18.2992
17.8908
18.7649
18.4126
18.3462
18.1827
18.1023
18.5858
18.8482
18.7058
18.1905
18.2823
18.0851
18.2128
18.2422
17.7738
18.7867
17.8631
18.4882
18.1529
18.3827
18.0132
18.1911
18.4549
18.0096
18.0455
18.013
18.136
18.071
18.0435
18.0227
17.8029
17.9831
17.9775
17.9673
18.1695
18.4171
17.873
18.2101
17.9742
17.4181
17.3633
18.6614
18.1468
17.6327
18.1733
18.229
17.8413
18.1496
18.09
17.9991
18.0182
17.709
18.2018
18.4096
18.4418
17.6937
18.2388
17.551
17.8379
18.023
17.7541
17.8143
17.1436
17.4986
17.8488
17.8058
17.8083
18.1588
17.9086
17.5177
17.8669
17.7822
17.593
17.868
17.3259
17.8391
18.0681
17.7797
17.3971
17.7709
17.7248
17.856
17.7825
17.5353
17.5484
17.2044
17.4772
17.6
17.3851
17.4511
17.3758
17.1562
17.2984
17.5505
17.3106
17.9178
17.6425
17.3302
17.5825
17.7159
17.6726
17.5706
17.3301
17.2539
17.353
17.5374
17.5517
17.6686
17.3218
17.4898
17.6651
17.2515
17.6919
17.2564
17.1346
17.427
17.5228
17.4579
17.446
17.7188
17.9643
17.5865
17.418
17.3822
17.4864
17.4936
17.3453
17.0559
16.6157
17.398
16.8996
16.8709
17.0703
16.8845
16.8746
16.794
16.9395
17.1959
17.5218
16.8918
17.2206
17.1324
16.8993
16.7486
16.9668
17.2026
16.9567
16.8352
17.5522
17.6034
16.9082
16.8891
17.0322
16.8215
17.0282
17.037
17.0284
17.0428
16.9422
16.8433
16.5896
16.6924
16.6365
16.8807
16.8293
17.2307
16.7034
16.8682
16.9787
16.5607
17.3228
17.2514
16.9273
16.7665
16.9795
17.0511
16.7612
16.7868
16.7411
16.8737
16.9343
16.6904
16.8384
16.5851
16.7444
16.8201
16.7436
16.589
16.8091
16.9123
16.9498
16.6326
16.9857
16.9643
17.0614
17.2212
16.8268
17.4693
16.9317
16.9018
17.1498
16.8723
16.7998
16.883
16.9839
17.0817
17.0726
16.6765
16.752
16.9025
17.1225
16.9164
16.9065
16.7754
16.8471
17.0345
16.9644
16.9198
16.6846
16.8199
16.6722
17.0148
16.9925
17.0316
17.0314
16.9765
17.0043
16.7056
16.8747
16.6899
16.5734
16.6045
16.8723
17.0049
16.6083
16.6925
16.7025
16.7967
16.9851
16.5543
16.6766
16.8394
16.7721
16.4714
16.8904
16.4221
16.7469
16.8156
16.6667
16.6915
17.1372
16.6287
16.7868
16.6915
16.8485
16.7963
16.7697
16.8549
16.8905
16.8223
17.0842
16.9003
16.522
16.4943
16.6806
16.937
16.6895
16.6636
16.9455
16.7313
16.8658
16.7999
16.982
16.8926
16.867
17.0251
17.0409
17.2531
16.725
16.5679
16.5101
16.6218
16.8015
16.695
16.7291
16.7341
16.7881
16.7091
16.5997
16.5034
16.8321
16.8079
16.6467
16.8063
16.5794
16.9552
16.7813
16.6181
16.9181
16.5413
16.9154
16.5019
16.5838
16.5335
16.6728
16.7571
16.7167
16.5495
16.6792
16.577
16.6035
16.5891
16.6387
16.7272
16.9325
16.6222
16.4912
16.6727
16.6764
16.5456
16.6953
16.7121
16.6445
16.606
16.6301
16.5813
16.7832
16.7824
16.4839
16.5575
16.6141
16.6227
16.6041
16.6223
16.9087
16.7007
16.8949
16.8242
16.8667
16.6711
16.8087
16.7504
16.8028
16.924
16.9159
16.7375
16.6537
16.7634
16.8869
16.7439
16.6214
16.7104
16.591
16.8189
16.7871
16.8409
16.747
16.7096
16.6967
16.7606
16.7848
16.7961
16.7395
16.8357
16.8107
16.9027
16.7681
16.6438
16.9103
16.7872
16.6821
16.7663
16.7139
16.5171
16.6678
16.8624
17.0101
16.733
16.8257
16.6055
16.8054
16.7299
16.8039
16.7227
16.5318
16.7185
16.6478
16.6524
16.5635
16.5876
16.6378
16.6778
16.7247
16.6601
16.6792
16.8516
16.6714
16.4689
16.5569
16.7527
16.7405
16.726
16.694
16.7316
16.5801
16.653
16.56
16.79
16.55
16.4839
16.6708
16.7552
16.8003
16.7556
16.463
16.7516
16.6296
16.607
16.5565
16.6584
16.7402
16.6772
16.5147
16.5008
16.4398
16.7354
16.7893
16.7795
16.5018
16.6991
16.5364
16.6044
16.6285
16.5227
16.8448
16.5951
16.5903
16.4691
16.7071
16.7894
16.6584
16.737
16.6631
16.7385
16.6254
16.581
16.5461
16.5765
16.5812
16.7595
16.5827
16.6922
16.7591
16.5921
16.7206
16.7856
16.7278
16.5818
16.5732
16.6844
16.6452
16.4686
16.6093
16.6225
16.66
16.5564
16.5946
16.6036
16.5055
16.4759
16.5147
16.4759
16.6168
16.5838
16.7462
16.8537
16.6423
16.5062
16.6844
16.6833
16.7576
16.6251
16.6001
16.6053
16.4745
16.5562
16.6292
16.8227
16.6028
16.6567
16.7324
16.6817
16.5698
16.511
16.6928
16.5195
16.7615
16.5748
16.5571
16.4722
16.6853
16.5374
16.6581
16.649
16.6161
16.7591
16.7517
16.5885
16.7634
16.6688
16.5605
16.9387
16.6336
16.6338
16.6229
16.4694
16.5435
16.6895
16.4826
16.5873
16.472
16.6264
16.6002
16.5662
16.789
16.6867
16.6557
16.546
16.4796
16.5863
16.5042
16.4595
16.475
16.5792
16.6961
16.6284
16.5607
16.5849
16.567
16.5231
16.5879
16.5475
16.5239
16.5477
16.5006
16.5046
16.5163
16.4865
16.4774
16.5261
16.5305
16.6151
16.7099
16.6986
16.6452
16.5538
16.6245
16.6007
16.5192
16.5253
16.5164
