91.8919
107.645
91.2154
79.446
81.7468
93.982
99.9847
96.3243
125.886
94.7691
108.747
101.568
102.97
75.8787
92.5662
92.1304
120.177
97.8722
101.074
87.4138
81.4885
78.2476
102.1
118.319
98.6961
115.294
70.5183
104.969
94.71
104.259
94.5827
97.4371
97.3882
87.6511
111.945
117.712
88.8856
129.135
97.4158
109.688
75.8831
112.122
96.4384
93.955
130.085
95.3817
114.575
106.097
85.6478
90.0509
109.776
69.6428
119.145
92.0494
82.243
89.2148
89.241
94.115
85.6162
100.763
110.151
78.9857
82.4681
100.659
101.081
95.9696
100.741
113.419
102.926
94.113
103.942
83.5332
106.66
99.7661
83.4227
128.814
104.511
100.979
114.451
85.8818
89.9739
121.337
106.186
81.0001
118.365
80.0073
113.835
102.188
95.6816
79.3637
113.583
111.877
130.909
108.806
104.59
91.3527
94.8877
122.238
107.915
124.829
