-6.67412
-6.65539
-6.6337
-6.61528
-6.60486
-6.60082
-6.59767
-6.59665
-6.60005
-6.60462
-6.61176
-6.61851
-6.62363
-6.63291
-6.64547
-6.66132
-6.67777
-6.69126
-6.70396
-6.71468
-6.72092
-6.72164
-6.71535
-6.70104
-6.68337
-6.66162
-6.63971
-6.62003
-6.60535
-6.60015
-6.60557
-6.62303
-6.64997
-6.68092
-6.71094
-6.73448
-6.74849
-6.75087
-6.74574
-6.73121
-6.71046
-6.68566
-6.66351
-6.64298
-6.6269
-6.61327
-6.60226
-6.59811
-6.5974
-6.60314
-6.61436
-6.62911
-6.64133
-6.65124
-6.65556
-6.65145
-6.64049
-6.62163
-6.60271
-6.57787
-6.55095
-6.52717
-6.50227
-6.4858
-6.47663
-6.47872
-6.49085
-6.51461
-6.54399
-6.57704
-6.61394
-6.64763
-6.67776
-6.70334
-6.72458
-6.74174
-6.75414
-6.76381
-6.77252
-6.77379
-6.77417
-6.76983
-6.75569
-6.73448
-6.70753
-6.67665
-6.64121
-6.60473
-6.57033
-6.54353
-6.53191
-6.54083
-6.56205
-6.59251
-6.62582
-6.6611
-6.68853
-6.71244
-6.72833
-6.73875
-6.74545
-6.74439
-6.74014
-6.73271
-6.72707
-6.72171
-6.71413
-6.70634
-6.70007
-6.69237
-6.68778
-6.68284
-6.67747
-6.67447
-6.67334
-6.66782
-6.66092
-6.64835
-6.63602
-6.61858
-6.602
-6.58206
-6.56768
-6.55393
-6.54143
-6.52975
-6.52142
-6.52024
-6.52793
-6.54782
-6.57555
-6.61102
-6.64914
-6.68306
-6.71518
-6.73843
-6.75408
-6.76049
-6.75907
-6.75363
-6.74479
-6.73317
-6.72212
-6.71068
-6.70058
-6.69237
-6.68633
-6.6838
-6.68514
-6.68518
-6.6841
-6.67895
-6.67001
-6.65509
-6.64001
-6.6247
-6.61676
-6.6169
-6.6245
-6.63726
-6.65423
-6.67006
-6.68247
-6.68609
-6.68604
-6.68158
-6.6725
-6.66112
-6.64823
-6.6377
-6.62519
-6.6116
-6.60133
-6.59464
-6.59484
-6.60114
-6.6195
-6.64452
-6.67387
-6.70078
-6.72139
-6.73699
-6.73943
-6.73198
-6.72051
-6.70614
-6.6888
-6.67347
-6.65551
-6.63776
-6.62021
-6.60379
-6.59278
-6.58862
-6.58953
-6.59815
-6.60962
-6.62647
-6.64079
-6.6532
-6.65872
-6.65792
-6.64987
-6.63938
-6.62767
-6.61775
-6.61201
-6.60906
-6.61457
-6.62415
-6.63739
-6.64742
-6.65903
-6.67019
-6.67687
-6.6868
-6.70055
-6.71406
-6.72965
-6.74258
-6.75123
-6.75932
-6.75918
-6.75522
-6.74336
-6.72581
-6.70524
-6.68448
-6.66193
-6.6419
-6.6215
-6.60028
-6.57992
-6.56087
-6.54996
-6.54645
-6.55613
-6.57455
-6.5995
-6.62939
-6.65724
-6.68033
-6.69484
-6.7024
-6.69831
-6.68947
-6.67895
-6.66835
-6.65777
-6.64761
-6.63763
-6.62927
-6.62232
-6.61499
-6.61071
-6.60327
-6.59852
-6.59586
-6.59388
-6.59416
-6.59868
-6.60579
-6.61455
-6.62842
-6.64497
-6.66689
-6.69318
-6.71952
-6.74366
-6.76192
-6.76916
-6.76702
-6.75034
-6.72735
-6.70282
-6.67914
-6.65568
-6.64062
-6.62827
-6.62172
-6.61759
-6.61502
-6.61029
-6.60727
-6.6015
-6.59755
-6.59005
-6.58181
-6.57042
-6.55754
-6.54402
-6.53018
-6.51435
-6.5021
-6.49881
-6.50455
-6.51985
-6.54726
-6.57982
-6.61325
-6.64195
-6.66404
-6.67634
-6.6802
-6.67405
-6.66464
-6.64983
-6.63474
-6.62385
-6.62056
-6.62358
-6.63165
-6.64874
-6.67049
-6.69862
-6.72383
-6.74634
-6.76552
-6.78104
-6.78747
-6.78723
-6.77531
-6.76064
-6.7378
-6.71465
-6.69092
-6.67089
-6.65541
-6.64374
-6.6401
-6.63689
-6.63692
-6.64021
-6.64868
-6.6611
-6.67319
-6.68589
-6.69708
-6.70377
-6.70683
-6.7025
-6.69618
-6.68913
-6.68524
-6.67981
-6.68099
-6.68125
-6.68098
-6.679
-6.67921
-6.67562
-6.66852
-6.65874
-6.64658
-6.62994
-6.61003
-6.58871
-6.56476
-6.54087
-6.51642
-6.49889
-6.48821
-6.48657
-6.49707
-6.51349
-6.53548
-6.5589
-6.58385
-6.60741
-6.62441
-6.63365
-6.6334
-6.62759
-6.6191
-6.60725
-6.59819
-6.59822
-6.60839
-6.6286
-6.65895
-6.6907
-6.72425
-6.75209
-6.77261
-6.78106
-6.77977
-6.77324
-6.76325
-6.75066
-6.73881
-6.7269
-6.71329
-6.70018
-6.69096
-6.67951
-6.67002
-6.66027
-6.65142
-6.64213
-6.63257
-6.62279
-6.61478
-6.60651
-6.60162
-6.60132
-6.60372
-6.61535
-6.62719
-6.64312
-6.65847
-6.67355
-6.68733
-6.6966
-6.7011
-6.70328
-6.70015
-6.69461
-6.6868
-6.67877
-6.66736
-6.65799
-6.64873
-6.64462
-6.6407
-6.64239
-6.64833
-6.65499
-6.66118
-6.66269
-6.65978
-6.64705
-6.62992
-6.60781
-6.58299
-6.56217
-6.54422
-6.53068
-6.52688
-6.53124
-6.53798
-6.54404
-6.55311
-6.56252
-6.57322
-6.58679
-6.60095
-6.61809
-6.63359
-6.65119
-6.66868
-6.68418
-6.69789
-6.70362
-6.70192
-6.69182
-6.67486
-6.65762
-6.64292
-6.63346
-6.62968
-6.62634
-6.6257
-6.62628
-6.62343
-6.62365
-6.62505
-6.62932
-6.6353
-6.63756
-6.63983
-6.64157
-6.64452
-6.6489
-6.65386
-6.66658
-6.68388
-6.7038
-6.72756
-6.75188
-6.77264
-6.78449
-6.78874
-6.78103
-6.7607
-6.73124
-6.69253
-6.65539
-6.62235
-6.59858
-6.58245
-6.57318
-6.57056
-6.57605
-6.58324
-6.59534
-6.61461
-6.63991
-6.66194
-6.68113
-6.69118
-6.68993
-6.67943
-6.66473
-6.64738
-6.62993
-6.61223
-6.59704
-6.58953
-6.58528
-6.58622
-6.59162
-6.59846
-6.60342
-6.60368
-6.59588
-6.58365
-6.57491
-6.57137
-6.57732
-6.59508
-6.62253
-6.65761
-6.69202
-6.72607
-6.7563
-6.77638
-6.78946
-6.78933
-6.77998
-6.76258
-6.73789
-6.71105
-6.68485
-6.66746
-6.65597
-6.65489
-6.6587
-6.67122
-6.689
-6.70542
-6.71811
-6.73074
-6.73732
-6.73854
-6.73921
-6.73765
-6.73371
-6.72496
-6.71306
-6.70156
-6.69042
-6.68017
-6.67149
-6.66006
-6.64882
-6.6356
-6.6213
-6.60531
-6.58802
-6.5761
-6.56786
-6.56257
-6.56297
-6.56558
-6.57024
-6.57791
-6.58048
-6.58523
-6.58955
-6.58858
-6.58281
-6.57431
-6.56574
-6.55835
-6.55535
-6.55632
-6.56489
-6.57305
-6.58279
-6.59498
-6.60356
-6.60835
-6.60987
-6.60899
-6.60719
-6.60647
-6.61028
-6.61859
-6.63236
-6.64933
-6.66713
-6.68386
-6.69733
-6.70583
-6.71216
-6.71647
-6.71855
-6.72138
-6.72672
-6.72965
-6.73215
-6.72838
-6.72141
-6.70577
-6.68515
-6.65241
-6.6179
-6.58145
-6.54826
-6.52427
-6.51656
-6.52253
-6.54321
-6.57159
-6.60519
-6.64012
-6.67437
-6.7088
-6.7384
-6.76239
-6.77953
-6.78731
-6.78612
-6.77329
-6.75147
-6.72367
-6.68847
-6.65403
-6.62529
-6.6053
-6.59686
-6.59453
-6.59547
-6.60712
-6.62594
-6.64949
-6.67357
-6.70018
-6.72189
-6.73473
-6.74048
-6.73494
-6.72528
-6.7123
-6.69415
-6.67744
-6.66113
-6.65026
-6.64302
-6.64043
-6.64137
-6.64335
-6.6437
-6.63559
-6.62405
-6.60711
-6.58707
-6.57004
-6.55778
-6.55163
-6.55084
-6.55569
-6.56512
-6.57948
-6.59579
-6.60918
-6.62482
-6.6399
-6.6535
-6.66792
-6.67773
-6.68721
-6.69275
-6.69725
-6.69716
-6.69518
-6.68831
-6.6754
-6.65748
-6.63211
-6.60478
-6.57613
-6.5559
-6.54218
-6.54094
-6.55099
-6.5724
-6.60157
-6.63346
-6.66716
-6.69375
-6.71377
-6.72355
-6.72245
-6.71036
-6.68936
-6.66517
-6.64189
-6.61916
-6.59912
-6.58519
-6.57399
-6.56916
-6.5662
-6.56751
-6.57187
-6.58459
-6.60519
-6.63532
-6.67119
-6.71311
-6.75855
-6.79964
-6.83091
-6.85089
-6.85881
-6.85438
-6.84015
-6.81938
-6.79442
-6.76694
-6.73777
-6.70855
-6.67749
-6.64719
-6.62239
-6.60378
-6.5907
-6.58554
-6.58811
-6.60151
-6.61699
-6.63779
-6.65977
-6.68606
-6.70809
-6.72316
-6.72589
-6.71505
-6.69232
-6.65972
-6.62529
-6.59149
-6.56576
-6.55111
-6.54899
-6.55372
-6.56665
-6.58533
-6.60133
-6.61804
-6.6332
-6.64189
-6.64778
-6.64818
-6.64333
-6.63616
-6.62405
-6.61709
-6.61226
-6.61469
-6.62044
-6.63125
-6.64339
-6.65616
-6.66956
-6.68067
-6.68667
-6.69394
-6.69517
-6.69305
-6.68936
-6.68614
-6.68236
-6.67996
-6.67747
-6.67084
-6.65989
-6.64253
-6.62481
-6.6071
-6.59183
-6.58126
-6.58254
-6.59223
-6.61467
-6.64446
-6.67901
-6.7188
-6.75856
-6.78958
-6.81485
-6.82845
-6.83304
-6.82896
-6.8147
-6.78974
-6.75613
-6.71341
-6.66554
-6.61923
-6.57593
-6.53942
-6.50676
-6.47947
-6.45914
-6.45185
-6.45749
-6.48164
-6.52255
-6.57363
-6.62991
-6.68366
-6.7303
-6.76264
-6.77914
-6.78307
-6.77085
-6.74426
-6.71054
-6.6772
-6.64336
-6.61939
-6.60235
-6.59526
-6.59745
-6.60642
-6.6217
-6.6343
-6.6455
-6.65272
-6.65088
-6.64185
-6.62804
-6.61032
-6.5961
-6.58197
-6.57604
-6.57768
-6.58549
-6.59841
-6.61065
-6.62204
-6.62906
-6.63282
-6.63532
-6.6366
-6.64123
-6.65262
-6.66671
-6.68181
-6.69831
-6.71498
-6.73313
-6.74998
-6.76466
-6.77579
-6.78115
-6.78094
-6.77812
-6.77264
-6.76524
-6.75434
-6.74016
-6.72274
-6.70017
-6.67101
-6.6345
-6.59221
-6.55258
-6.51476
-6.48747
-6.47191
-6.47129
-6.48276
-6.50381
-6.53053
-6.55453
-6.57856
-6.6031
-6.62661
-6.64732
-6.66284
-6.67607
-6.68349
-6.68741
-6.68374
-6.67476
-6.66233
-6.64464
-6.62441
-6.60267
-6.58269
-6.5706
-6.56557
-6.57068
-6.58675
-6.60831
-6.6349
-6.6634
-6.6856
-6.70572
-6.72226
-6.73292
-6.73372
-6.72856
-6.71168
-6.69162
-6.67213
-6.65583
-6.64626
-6.64487
-6.65145
-6.65961
-6.66981
-6.68014
-6.68245
-6.68007
-6.67407
-6.66724
-6.66253
-6.65936
-6.65542
-6.65379
-6.65332
-6.649
-6.64048
-6.62967
-6.61945
-6.61296
-6.61179
-6.61637
-6.62783
-6.64536
-6.66025
-6.67561
-6.6866
-6.69114
-6.69142
-6.68744
-6.67983
-6.67277
-6.66566
-6.6586
-6.65445
-6.6523
-6.65013
-6.65108
-6.65433
-6.65775
-6.66016
-6.65593
-6.65301
-6.64544
-6.63803
-6.63128
-6.62556
-6.62557
-6.63238
-6.64912
-6.66702
-6.685
-6.70382
-6.72067
-6.73538
-6.74185
-6.74155
-6.73413
-6.7216
-6.70524
-6.6832
-6.6573
-6.63174
-6.60733
-6.58447
-6.56917
-6.55941
-6.55789
-6.56479
-6.57763
-6.59504
-6.61879
-6.64052
-6.65948
-6.67239
-6.67883
-6.68041
-6.67674
-6.67052
-6.66604
-6.66322
-6.66434
-6.66963
-6.6752
-6.67964
-6.68164
-6.68049
-6.67566
-6.66889
-6.66245
