-5.44005
-5.44205
-5.4416
-5.44082
-5.44237
-5.4448
-5.44386
-5.44215
-5.44294
-5.44369
-5.44605
-5.44712
-5.44533
-5.44587
-5.44741
-5.44988
-5.45128
-5.44929
-5.44777
-5.44737
-5.44716
-5.44719
-5.44654
-5.4443
-5.44445
-5.44451
-5.44556
-5.44634
-5.44586
-5.4456
-5.4451
-5.44578
-5.44712
-5.44765
-5.44765
-5.44656
-5.4449
-5.44219
-5.4425
-5.44238
-5.44227
-5.44088
-5.44171
-5.44169
-5.44298
-5.44334
-5.44247
-5.44392
-5.4438
-5.44494
-5.44696
-5.44942
-5.44868
-5.44795
-5.44696
-5.44488
-5.4438
-5.4416
-5.44415
-5.44363
-5.4423
-5.44373
-5.44154
-5.44254
-5.44283
-5.44424
-5.44467
-5.44656
-5.4462
-5.44486
-5.44612
-5.44582
-5.4457
-5.44584
-5.44665
-5.44787
-5.44789
-5.44796
-5.44963
-5.44699
-5.44778
-5.44943
-5.44778
-5.44583
-5.4443
-5.44387
-5.44233
-5.44107
-5.43962
-5.43813
-5.43841
-5.44267
-5.44396
-5.44431
-5.44344
-5.44543
-5.4436
-5.44424
-5.44357
-5.44392
-5.44632
-5.4456
-5.44501
-5.44326
-5.44419
-5.44549
-5.44452
-5.44351
-5.44445
-5.44414
-5.44649
-5.44729
-5.44614
-5.4462
-5.44807
-5.44689
-5.44691
-5.44461
-5.44593
-5.44476
-5.4457
-5.4429
-5.44406
-5.44392
-5.44341
-5.44229
-5.44202
-5.4437
-5.44568
-5.44906
-5.44968
-5.45023
-5.45
-5.44674
-5.44672
-5.44553
-5.44561
-5.44512
-5.44416
-5.44469
-5.44539
-5.44528
-5.44626
-5.44635
-5.44652
-5.44673
-5.44668
-5.44729
-5.44913
-5.4482
-5.44673
-5.44406
-5.44226
-5.43926
-5.43911
-5.4384
-5.44066
-5.44345
-5.44522
-5.44539
-5.44675
-5.44807
-5.45014
-5.44893
-5.44942
-5.44972
-5.44821
-5.44614
-5.44375
-5.44493
-5.44518
-5.44459
-5.44583
-5.4467
-5.44781
-5.44645
-5.44826
-5.44947
-5.45123
-5.45124
-5.4499
-5.45159
-5.44937
-5.44599
-5.44545
-5.44616
-5.44546
-5.44679
-5.44518
-5.44387
-5.44264
-5.44098
-5.44084
-5.44179
-5.44145
-5.44295
-5.44267
-5.44507
-5.44491
-5.44576
-5.44513
-5.44479
-5.44331
-5.44338
-5.44341
-5.4437
-5.44448
-5.44306
-5.44486
-5.44621
-5.44833
-5.44637
-5.44687
-5.44837
-5.44611
-5.44627
-5.44814
-5.44737
-5.4474
-5.44557
-5.44255
-5.44393
-5.443
-5.44435
-5.44349
-5.44178
-5.44054
-5.44107
-5.44042
-5.44208
-5.44307
-5.44309
-5.44325
-5.44205
-5.44342
-5.44374
-5.44706
-5.44896
-5.44927
-5.45011
-5.44918
-5.4482
-5.44635
-5.44645
-5.44312
-5.44133
-5.44172
-5.44361
-5.44532
-5.44614
-5.44534
-5.44451
-5.44395
-5.44237
-5.44367
-5.44174
-5.44213
-5.44357
-5.44381
-5.44376
-5.44503
-5.44596
-5.44563
-5.44698
-5.4468
-5.44725
-5.44818
-5.4478
-5.44765
-5.44811
-5.44705
-5.44757
-5.44403
-5.44241
-5.44381
-5.44628
-5.44548
-5.4474
-5.44601
-5.44572
-5.44522
-5.44554
-5.44416
-5.44537
-5.44465
-5.44651
-5.44575
-5.44559
-5.44409
-5.44323
-5.44371
-5.44498
-5.44356
-5.44243
-5.44388
-5.44523
-5.44563
-5.44841
-5.44979
-5.45033
-5.44944
-5.44894
-5.44739
-5.44622
-5.44292
-5.44272
-5.44117
-5.4403
-5.44106
-5.44398
-5.44604
-5.4455
-5.4468
-5.44696
-5.44978
-5.44874
-5.44681
-5.44565
-5.44662
-5.44553
-5.44569
-5.44231
-5.44359
-5.44221
-5.44311
-5.4427
-5.44251
-5.44203
-5.44053
-5.44314
-5.4431
-5.44341
-5.44348
-5.44456
-5.44555
-5.44373
-5.44259
-5.44282
-5.44328
-5.44509
-5.44349
-5.44207
-5.44047
-5.44152
-5.44002
-5.44402
-5.44605
-5.44676
-5.44545
-5.44695
-5.44639
-5.4451
-5.44444
-5.44476
-5.4438
-5.44254
-5.44262
-5.44214
-5.4425
-5.44085
-5.44177
-5.4423
-5.44263
-5.44549
-5.44589
-5.44571
-5.44362
-5.44281
-5.44363
-5.44388
-5.44433
-5.44356
-5.44399
-5.44571
-5.44457
-5.44312
-5.44427
-5.44626
-5.44792
-5.45061
-5.44927
-5.44935
-5.44833
-5.44833
-5.44634
-5.4442
-5.44397
-5.44437
-5.44366
-5.44398
-5.4443
-5.443
-5.44207
-5.44442
-5.44355
-5.44364
-5.44272
-5.4424
-5.44174
-5.44106
-5.4404
-5.44141
-5.44125
-5.44221
-5.44395
-5.4435
-5.44721
-5.44691
-5.44805
-5.44772
-5.44789
-5.44891
-5.44855
-5.44719
-5.44745
-5.44613
-5.44553
-5.44502
-5.44587
-5.44421
-5.44459
-5.44383
-5.44547
-5.44332
-5.44243
-5.44235
-5.44169
-5.44203
-5.44183
-5.44312
-5.44118
-5.44096
-5.4403
-5.43897
-5.44055
-5.44079
-5.43892
-5.4396
-5.44237
-5.4436
-5.44241
-5.44345
-5.4439
-5.44409
-5.44525
-5.4451
-5.44624
-5.44412
-5.4429
-5.44151
-5.44019
-5.44183
-5.44265
-5.44441
-5.44538
-5.44444
-5.44423
-5.44398
-5.44445
-5.44641
-5.44625
-5.44762
-5.44935
-5.44628
-5.44451
-5.44237
-5.44238
-5.44427
-5.44321
-5.44312
-5.4431
-5.44414
-5.44531
-5.44437
-5.4471
-5.44954
-5.44994
-5.4511
-5.45228
-5.45249
-5.44977
-5.44868
-5.44742
-5.4462
-5.4469
-5.44523
-5.4461
-5.44648
-5.44802
-5.44824
-5.44733
-5.44662
-5.44846
-5.44644
-5.44347
-5.44229
-5.44404
-5.4431
-5.44405
-5.44379
-5.44157
-5.43884
-5.43864
-5.4397
-5.44169
-5.44195
-5.44139
-5.44385
-5.4441
-5.44396
-5.44396
-5.44363
-5.44325
-5.44327
-5.44168
-5.44045
-5.44299
-5.44542
-5.44752
-5.44994
-5.45178
-5.45421
-5.45299
-5.45237
-5.4524
-5.4496
-5.44922
-5.4462
-5.44455
-5.44407
-5.44294
-5.44283
-5.4425
-5.44609
-5.44764
-5.4502
-5.44874
-5.44925
-5.45138
-5.45161
-5.45003
-5.45162
-5.45064
-5.44743
-5.4465
-5.44621
-5.44655
-5.445
-5.44256
-5.44183
-5.44183
-5.44252
-5.44447
-5.44378
-5.444
-5.44353
-5.44341
-5.44242
-5.43963
-5.44023
-5.44125
-5.44132
-5.44329
-5.44423
-5.44475
-5.44678
-5.44349
-5.44361
-5.44589
-5.44619
-5.44494
-5.44318
-5.44193
-5.44055
-5.44058
-5.44068
-5.4443
-5.44422
-5.44398
-5.44616
-5.44625
-5.44529
-5.44432
-5.44379
-5.44348
-5.4428
-5.44266
-5.4416
-5.44102
-5.44083
-5.44135
-5.44299
-5.44487
-5.4455
-5.4469
-5.4478
-5.44655
-5.44534
-5.44601
-5.44461
-5.44464
-5.4422
-5.44248
-5.44166
-5.4441
-5.44184
-5.44283
-5.44298
-5.44238
-5.44163
-5.44375
-5.44483
-5.44787
-5.44953
-5.45117
-5.45191
-5.45184
-5.45325
-5.45257
-5.45072
-5.44864
-5.44603
-5.44493
-5.4432
-5.44263
-5.44367
-5.44124
-5.43924
-5.43856
-5.43939
-5.44318
-5.44462
-5.44177
-5.44276
-5.44437
-5.44486
-5.44242
-5.44308
-5.44371
-5.44317
-5.44426
-5.44222
-5.44264
-5.44425
-5.44314
-5.44386
-5.44346
-5.44518
-5.44571
-5.44557
-5.44486
-5.44412
-5.44433
-5.44144
-5.44148
-5.44141
-5.4407
-5.44196
-5.44381
-5.44574
-5.44668
-5.44752
-5.44825
-5.45046
-5.45255
-5.45067
-5.45067
-5.4503
-5.44922
-5.45035
-5.44883
-5.44925
-5.44804
-5.44813
-5.44622
-5.44581
-5.44526
-5.44462
-5.44532
-5.44392
-5.44348
-5.44116
-5.44279
-5.4428
-5.44459
-5.44605
-5.44829
-5.45022
-5.45017
-5.45101
-5.44788
-5.44536
-5.44291
-5.44141
-5.44008
-5.43844
-5.4385
-5.44051
-5.44115
-5.4409
-5.44261
-5.443
-5.44597
-5.44701
-5.44812
-5.4471
-5.44784
-5.44838
-5.44959
-5.44835
-5.44771
-5.44949
-5.45079
-5.45044
-5.44988
-5.44962
-5.44885
-5.44803
-5.4475
-5.44688
-5.44606
-5.44499
-5.44462
-5.44241
-5.43998
-5.44064
-5.44315
-5.44456
-5.44547
-5.44505
-5.44738
-5.44562
-5.44497
-5.44288
-5.44442
-5.44425
-5.44425
-5.44328
-5.44224
-5.44208
-5.44141
-5.44295
-5.44314
-5.44409
-5.44555
-5.44825
-5.44783
-5.4481
-5.44967
-5.44735
-5.44739
-5.44927
-5.44883
-5.45001
-5.4502
-5.44948
-5.44986
-5.44692
-5.44814
-5.44796
-5.44981
-5.44965
-5.45031
-5.44981
-5.44916
-5.4497
-5.4495
-5.44661
-5.44821
-5.44722
-5.44599
-5.44522
-5.44554
-5.44496
-5.44529
-5.44611
-5.44513
-5.44372
-5.44038
-5.44016
-5.44088
-5.44163
-5.44139
-5.44461
-5.44602
-5.44934
-5.4502
-5.44875
-5.44947
-5.4514
-5.44946
-5.44926
-5.44638
-5.4441
-5.44309
-5.44206
-5.4407
-5.44073
-5.44005
-5.43916
-5.44004
-5.43994
-5.44083
-5.44033
-5.44052
-5.44134
-5.4449
-5.44657
-5.44931
-5.45209
-5.45266
-5.45282
-5.45226
-5.45278
-5.45167
-5.44979
-5.45086
-5.45019
-5.44693
-5.44446
-5.4454
-5.4439
-5.44601
-5.44602
-5.44602
-5.44619
-5.44611
-5.44799
-5.446
-5.44465
-5.44434
-5.44196
-5.43995
-5.43945
-5.43863
-5.44141
-5.44093
-5.44261
-5.44435
-5.44499
-5.44565
-5.44399
-5.44334
-5.44226
-5.44193
-5.44251
-5.44139
-5.44107
-5.44402
-5.44627
-5.44681
-5.44695
-5.44634
-5.44725
-5.44804
-5.44903
-5.44993
-5.44918
-5.44714
-5.44645
-5.44648
-5.44722
-5.44667
-5.44539
-5.44461
-5.444
-5.44332
-5.44177
-5.43919
-5.44059
-5.44054
-5.44289
-5.44489
-5.44789
-5.45001
-5.45205
-5.45431
-5.45208
-5.45034
-5.45051
-5.4513
-5.45138
-5.4491
-5.44834
-5.44652
-5.44662
-5.44475
-5.44322
-5.44368
-5.44359
-5.44433
-5.4447
-5.44478
-5.44714
-5.44782
-5.44822
-5.44974
-5.44933
-5.44988
-5.45144
-5.44827
-5.44652
-5.44654
-5.4477
-5.44718
-5.44899
-5.44613
-5.44457
-5.44439
-5.44426
-5.44437
-5.44482
-5.44635
-5.44529
-5.44551
-5.44808
-5.44666
-5.44496
-5.44308
-5.44205
-5.44283
-5.44337
-5.44097
-5.43969
-5.44045
-5.44038
-5.4403
-5.4411
-5.4426
-5.44411
-5.44451
-5.44356
-5.44369
-5.44648
-5.44578
-5.44712
-5.44766
-5.44651
-5.44604
-5.44539
-5.44362
-5.44327
-5.44268
-5.44147
-5.44223
-5.44368
-5.44325
-5.44377
-5.44487
-5.4455
-5.44598
-5.44213
-5.44277
-5.44185
-5.44305
-5.44482
-5.44491
-5.44554
-5.44624
-5.45009
-5.44984
-5.44704
-5.44525
-5.44422
-5.44562
-5.44467
-5.44337
-5.44144
-5.44053
-5.44132
-5.44094
-5.43977
-5.44008
-5.44062
-5.43972
-5.44158
-5.44262
-5.44438
-5.44648
-5.44686
-5.44572
-5.44751
-5.44704
-5.44661
-5.44535
-5.44405
-5.44413
-5.44376
-5.44333
-5.44446
-5.44479
-5.44549
-5.44704
-5.44711
-5.44632
-5.44537
-5.44468
-5.44374
-5.44325
-5.44391
