0.959997
0.961029
0.962124
0.963042
0.96363
0.963921
0.964054
0.964038
0.963855
0.963595
0.963246
0.962874
0.962499
0.961997
0.96138
0.960653
0.959891
0.959201
0.958586
0.958116
0.957881
0.957927
0.958294
0.958996
0.959909
0.960991
0.962076
0.963009
0.96363
0.963769
0.963366
0.962402
0.961002
0.9594
0.95785
0.956607
0.955839
0.955636
0.955915
0.956668
0.957747
0.959007
0.960217
0.961331
0.962258
0.963019
0.963589
0.963863
0.963898
0.96364
0.963134
0.962475
0.961861
0.961381
0.961187
0.961393
0.96198
0.962936
0.964046
0.965362
0.966749
0.968039
0.969244
0.970085
0.970504
0.970363
0.969671
0.968431
0.966838
0.965033
0.963115
0.961315
0.959706
0.958341
0.957225
0.956338
0.955672
0.955167
0.954783
0.954667
0.954719
0.955047
0.955777
0.956853
0.958227
0.959821
0.961593
0.963396
0.965054
0.966303
0.966843
0.966493
0.965469
0.963974
0.962302
0.960609
0.959188
0.958008
0.957188
0.956674
0.956412
0.956452
0.956665
0.95701
0.957354
0.957701
0.958091
0.958481
0.958836
0.959204
0.959476
0.959704
0.959888
0.959991
0.960058
0.96026
0.960576
0.961117
0.961764
0.962606
0.963484
0.964438
0.96525
0.966002
0.966678
0.967274
0.967694
0.96778
0.96741
0.966464
0.965046
0.963243
0.961286
0.959447
0.957795
0.956553
0.955736
0.955374
0.955406
0.955702
0.956193
0.956815
0.957456
0.9581
0.958688
0.959187
0.959571
0.9598
0.95987
0.959914
0.95998
0.960183
0.960554
0.961136
0.961764
0.962353
0.962655
0.962588
0.962159
0.961475
0.960658
0.959925
0.9594
0.959224
0.959285
0.959565
0.960028
0.960594
0.96123
0.961846
0.962514
0.963186
0.963718
0.964034
0.963999
0.963584
0.962673
0.961433
0.960016
0.958686
0.957641
0.956937
0.956772
0.957063
0.957636
0.958396
0.959272
0.960118
0.961016
0.961907
0.962778
0.963562
0.964111
0.96435
0.964302
0.963934
0.963384
0.962659
0.961997
0.961467
0.961235
0.961314
0.961703
0.962244
0.962831
0.963324
0.963613
0.963692
0.963435
0.962954
0.9623
0.961669
0.96101
0.960382
0.959851
0.95923
0.958484
0.957698
0.956865
0.95614
0.955621
0.95528
0.955298
0.95559
0.956225
0.957131
0.958218
0.959383
0.960615
0.961799
0.962979
0.964151
0.965246
0.96619
0.966761
0.9669
0.966454
0.965529
0.964243
0.962747
0.961321
0.960146
0.959385
0.959033
0.959165
0.959583
0.960153
0.960772
0.961381
0.961938
0.962431
0.962835
0.963167
0.963482
0.963724
0.964021
0.964249
0.964401
0.964481
0.964437
0.964216
0.963847
0.963344
0.962625
0.961721
0.960576
0.959245
0.957896
0.956683
0.955789
0.955402
0.955524
0.956246
0.957335
0.958592
0.959853
0.961029
0.961896
0.962559
0.962984
0.963291
0.963541
0.963841
0.964124
0.964481
0.964819
0.965253
0.965734
0.966322
0.966985
0.967693
0.968407
0.969104
0.969595
0.969686
0.969305
0.968416
0.967005
0.965314
0.963572
0.962038
0.960856
0.960143
0.959878
0.960063
0.960513
0.961194
0.961906
0.962453
0.962677
0.962556
0.962102
0.961251
0.960133
0.958785
0.957478
0.95629
0.955305
0.954584
0.954274
0.954348
0.954908
0.955744
0.956902
0.958133
0.959347
0.960379
0.961173
0.961741
0.962017
0.962174
0.962158
0.961956
0.961516
0.960878
0.960175
0.959465
0.958865
0.958486
0.95832
0.958419
0.958631
0.95889
0.959088
0.959305
0.959372
0.95944
0.959505
0.959607
0.95969
0.959904
0.960268
0.96078
0.961437
0.962277
0.963273
0.964376
0.965589
0.966814
0.967995
0.968897
0.969437
0.969518
0.969068
0.968246
0.967127
0.965877
0.964589
0.963419
0.962558
0.962083
0.962033
0.962286
0.962706
0.96321
0.963571
0.963568
0.963103
0.96215
0.960747
0.959171
0.95755
0.95617
0.955162
0.95467
0.95463
0.954889
0.955334
0.955882
0.956435
0.957003
0.957618
0.958231
0.958762
0.959328
0.959842
0.960356
0.960855
0.961371
0.961898
0.962429
0.962906
0.96334
0.96362
0.96368
0.963532
0.963044
0.962429
0.961656
0.960874
0.960126
0.959473
0.959009
0.958758
0.958673
0.958804
0.959072
0.95945
0.959873
0.96038
0.960834
0.961238
0.961452
0.961545
0.961406
0.961093
0.960743
0.960458
0.960398
0.960604
0.961202
0.962064
0.963154
0.964352
0.965433
0.966335
0.966964
0.967196
0.967089
0.966817
0.966493
0.966064
0.965581
0.965012
0.964318
0.963549
0.962665
0.961767
0.9608
0.959848
0.959012
0.958365
0.958097
0.958228
0.958752
0.959565
0.96043
0.961193
0.961748
0.962088
0.962351
0.962516
0.962612
0.962719
0.962697
0.962593
0.962395
0.962151
0.961989
0.961835
0.96169
0.9615
0.961228
0.960857
0.960208
0.959334
0.958295
0.957117
0.955948
0.954964
0.954372
0.954236
0.954706
0.955807
0.957411
0.95939
0.961357
0.963103
0.964422
0.965312
0.965805
0.965938
0.9657
0.965228
0.964462
0.963392
0.962119
0.960946
0.959984
0.959447
0.959417
0.959833
0.960534
0.961405
0.962309
0.963174
0.963888
0.964309
0.964504
0.96444
0.96417
0.963832
0.96359
0.963582
0.963898
0.964411
0.964836
0.964989
0.964672
0.963799
0.962454
0.96077
0.95903
0.957341
0.955876
0.954845
0.954245
0.954231
0.954714
0.955626
0.956869
0.958234
0.959542
0.960515
0.961125
0.961241
0.960992
0.960365
0.959518
0.958676
0.957958
0.957333
0.956938
0.956759
0.956696
0.956784
0.957029
0.957474
0.958066
0.958702
0.959356
0.959995
0.9606
0.961264
0.961936
0.962667
0.963434
0.964226
0.964997
0.965568
0.96594
0.966116
0.966047
0.965824
0.96548
0.965031
0.964687
0.964348
0.964108
0.964088
0.964275
0.9646
0.964964
0.965288
0.965461
0.96546
0.965209
0.964889
0.964494
0.964046
0.963705
0.9635
0.963429
0.963455
0.9635
0.963454
0.963187
0.962671
0.961907
0.961003
0.960081
0.959244
0.958573
0.958112
0.957785
0.957553
0.957389
0.957213
0.956999
0.956874
0.956843
0.957079
0.95757
0.958465
0.959692
0.961359
0.963174
0.965021
0.966647
0.967788
0.968194
0.96789
0.966912
0.965505
0.963826
0.962042
0.960263
0.958526
0.956984
0.955714
0.954808
0.954377
0.954454
0.955098
0.956218
0.957673
0.959378
0.961041
0.962448
0.963452
0.963959
0.964081
0.9639
0.963289
0.96234
0.961138
0.95985
0.958555
0.957521
0.956905
0.9567
0.95697
0.957524
0.958281
0.959208
0.960107
0.960934
0.961534
0.961903
0.962016
0.961937
0.961804
0.96177
0.962046
0.962556
0.963309
0.964184
0.964963
0.965528
0.965805
0.965797
0.965512
0.964999
0.964285
0.963469
0.962677
0.961829
0.961001
0.960235
0.959508
0.95895
0.958487
0.958197
0.958025
0.958053
0.958249
0.958704
0.959466
0.960507
0.961835
0.963258
0.964653
0.965709
0.966364
0.966427
0.965909
0.964846
0.963392
0.961755
0.960073
0.958649
0.957585
0.957042
0.957069
0.957646
0.958655
0.959877
0.961122
0.962314
0.963356
0.964157
0.964778
0.965147
0.965349
0.965317
0.965045
0.964388
0.963319
0.961789
0.959907
0.957752
0.955508
0.953478
0.951901
0.950896
0.950517
0.950757
0.951508
0.952621
0.953968
0.955454
0.95702
0.958594
0.960174
0.961666
0.962922
0.96387
0.964464
0.964616
0.964328
0.963579
0.962612
0.961432
0.960184
0.958876
0.957783
0.957085
0.956996
0.957582
0.958772
0.960417
0.962196
0.963887
0.965193
0.965964
0.966152
0.965911
0.965285
0.964418
0.963575
0.962773
0.962112
0.961717
0.961524
0.961588
0.96189
0.962332
0.962903
0.963322
0.963575
0.963517
0.963222
0.96269
0.962048
0.96136
0.960668
0.960066
0.959641
0.959289
0.959166
0.959207
0.95935
0.959524
0.959726
0.959921
0.960165
0.960582
0.961207
0.962082
0.963041
0.963995
0.964794
0.965293
0.96527
0.964746
0.963624
0.962053
0.960176
0.958103
0.956072
0.95437
0.953023
0.952202
0.951882
0.952068
0.952798
0.954079
0.955848
0.958052
0.960501
0.962921
0.965163
0.967091
0.968761
0.970134
0.971117
0.971478
0.97111
0.969846
0.967766
0.965142
0.962277
0.959543
0.957221
0.955588
0.954746
0.95464
0.955305
0.956618
0.958308
0.960074
0.96178
0.96309
0.963982
0.964369
0.964287
0.963848
0.963142
0.962444
0.961823
0.961417
0.961384
0.9617
0.962282
0.963039
0.96373
0.964334
0.964619
0.964561
0.964201
0.96362
0.963024
0.9625
0.962168
0.961998
0.961892
0.961781
0.961515
0.960998
0.960318
0.959529
0.958649
0.957734
0.956793
0.955922
0.955177
0.954619
0.954315
0.954266
0.954407
0.954721
0.955176
0.955794
0.95658
0.95756
0.958809
0.960377
0.962264
0.96438
0.96645
0.968359
0.969797
0.970638
0.970773
0.970291
0.969331
0.968088
0.966829
0.965562
0.964311
0.963125
0.962059
0.96119
0.960492
0.960063
0.959874
0.960015
0.960437
0.961089
0.961983
0.963015
0.96409
0.965047
0.965657
0.965851
0.965524
0.96468
0.963501
0.962094
0.960616
0.959313
0.958167
0.957267
0.956709
0.956606
0.956876
0.957596
0.958513
0.95945
0.960244
0.96074
0.960874
0.960678
0.960353
0.959974
0.959651
0.959587
0.959716
0.959986
0.960291
0.960521
0.960655
0.960739
0.960745
0.960757
0.960936
0.961315
0.961826
0.962329
0.962664
0.962729
0.9625
0.961988
0.96127
0.960594
0.959962
0.959526
0.959355
0.959404
0.959645
0.960018
0.96039
0.960741
0.961051
0.961253
0.961355
0.961388
0.96129
0.961097
0.960888
0.960734
0.960789
0.960914
0.961222
0.961582
0.961924
0.962168
0.962153
0.961816
0.961095
0.960208
0.959244
0.958265
0.957394
0.956692
0.956319
0.956269
0.956554
0.957133
0.957967
0.959064
0.960347
0.961672
0.96296
0.964135
0.965018
0.965598
0.965783
0.965551
0.964968
0.964107
0.963011
0.961942
0.961002
0.960327
0.959959
0.959861
0.96
0.960257
0.96047
0.960584
0.960524
0.960295
0.960018
0.95978
0.959658
0.959696
0.959902
0.960211
0.960536
