0.822712
0.808897
0.794735
0.782977
0.774991
0.770675
0.769206
0.769669
0.771404
0.773955
0.777139
0.780924
0.785529
0.791357
0.798709
0.807628
0.817657
0.827974
0.837458
0.844873
0.849175
0.849629
0.845871
0.837823
0.825943
0.811405
0.796097
0.782459
0.772996
0.769698
0.773649
0.784834
0.801904
0.822179
0.842196
0.858611
0.869064
0.872453
0.868824
0.859219
0.845458
0.829853
0.814535
0.80086
0.789281
0.779953
0.773194
0.769455
0.769071
0.772132
0.77827
0.78646
0.795103
0.802194
0.805734
0.804379
0.797792
0.786685
0.77237
0.756158
0.739102
0.722288
0.707156
0.69551
0.689201
0.689657
0.697452
0.712035
0.731856
0.754786
0.77855
0.801209
0.821377
0.838335
0.851954
0.86258
0.870838
0.877232
0.881931
0.884535
0.884261
0.880265
0.871942
0.8591
0.842154
0.821851
0.799254
0.775772
0.753803
0.736937
0.728997
0.732111
0.745396
0.765466
0.788247
0.810446
0.829951
0.845465
0.856508
0.86322
0.866088
0.86586
0.863419
0.859637
0.855253
0.85081
0.846408
0.841881
0.837084
0.832156
0.827521
0.823702
0.820889
0.818848
0.816842
0.81395
0.809344
0.802491
0.793396
0.782547
0.770871
0.759442
0.749077
0.740006
0.73201
0.724971
0.719601
0.717692
0.721501
0.732507
0.750581
0.773854
0.799422
0.82421
0.845641
0.861933
0.87231
0.876913
0.876603
0.872627
0.866263
0.858589
0.850573
0.842885
0.836039
0.830422
0.82643
0.824335
0.824002
0.82465
0.824913
0.823258
0.818505
0.810558
0.800597
0.790865
0.784067
0.782298
0.786184
0.794583
0.804989
0.814657
0.821549
0.824773
0.824417
0.821245
0.816191
0.809987
0.802986
0.795178
0.786677
0.778011
0.770337
0.765297
0.764683
0.769789
0.780831
0.796704
0.815095
0.833026
0.847657
0.856936
0.860042
0.857325
0.850042
0.839992
0.828892
0.817789
0.806886
0.795927
0.785046
0.775207
0.767958
0.764551
0.76539
0.770136
0.777964
0.787595
0.797251
0.804955
0.809058
0.808751
0.804379
0.797334
0.789501
0.782699
0.778356
0.777332
0.779806
0.78529
0.792705
0.800699
0.808104
0.814551
0.820507
0.827016
0.834941
0.844461
0.854834
0.864676
0.872455
0.876929
0.877453
0.873913
0.86658
0.85602
0.843133
0.828936
0.814337
0.799879
0.785616
0.77146
0.757776
0.74588
0.737693
0.73514
0.739383
0.750391
0.766818
0.786183
0.805369
0.821424
0.832328
0.8373
0.836794
0.83209
0.824817
0.816492
0.808296
0.80098
0.79486
0.789835
0.785581
0.781745
0.778026
0.774352
0.770926
0.768192
0.766718
0.766933
0.769102
0.773217
0.779282
0.787625
0.798781
0.813088
0.830002
0.847814
0.864001
0.875871
0.881403
0.879636
0.870875
0.856625
0.839342
0.821907
0.806799
0.795484
0.788177
0.784005
0.78158
0.779658
0.777418
0.774598
0.771233
0.767361
0.762868
0.757482
0.750887
0.742875
0.733538
0.723468
0.71386
0.706442
0.703282
0.706214
0.716145
0.732565
0.753354
0.77528
0.795007
0.810067
0.819302
0.822655
0.820757
0.814612
0.80577
0.796294
0.788526
0.784384
0.785026
0.790771
0.80129
0.815689
0.832562
0.850061
0.866351
0.879912
0.889613
0.894622
0.89436
0.888667
0.878032
0.863722
0.847695
0.832149
0.818921
0.80892
0.802137
0.797976
0.795865
0.795677
0.797819
0.802746
0.810368
0.819644
0.828867
0.836171
0.840326
0.841157
0.839343
0.836072
0.832438
0.829143
0.826526
0.824649
0.823463
0.822813
0.822367
0.821509
0.819487
0.815614
0.809538
0.801214
0.790762
0.778322
0.764066
0.748409
0.732249
0.717048
0.704744
0.697274
0.695961
0.701056
0.711736
0.72651
0.743519
0.760692
0.775851
0.787021
0.792879
0.793229
0.789065
0.782259
0.775122
0.770047
0.769305
0.774749
0.787117
0.805562
0.827624
0.849935
0.869177
0.882851
0.889807
0.890383
0.886177
0.879252
0.871332
0.863221
0.855071
0.846859
0.83874
0.831031
0.823974
0.817586
0.811701
0.806009
0.800262
0.794341
0.78826
0.782243
0.776841
0.772943
0.771579
0.773478
0.778756
0.786852
0.796716
0.807167
0.81711
0.825613
0.832034
0.835941
0.837223
0.836017
0.832715
0.827853
0.821933
0.815436
0.808932
0.803272
0.799433
0.798256
0.799976
0.803988
0.80887
0.812767
0.813911
0.811107
0.803918
0.792646
0.778338
0.762679
0.747745
0.735623
0.727842
0.724851
0.725912
0.729585
0.734424
0.739775
0.745742
0.752755
0.76103
0.770563
0.781234
0.792977
0.805528
0.818115
0.829327
0.837368
0.840648
0.838344
0.830962
0.82028
0.808922
0.799293
0.792673
0.788844
0.786727
0.785381
0.784622
0.784769
0.786092
0.788458
0.791289
0.794017
0.796231
0.797807
0.798979
0.800257
0.802388
0.806327
0.812983
0.822895
0.835904
0.850976
0.866396
0.880099
0.889818
0.893368
0.889068
0.876334
0.856226
0.831535
0.80619
0.783913
0.767037
0.75614
0.750568
0.749293
0.751726
0.757867
0.767915
0.781546
0.797249
0.812559
0.824721
0.831591
0.832243
0.82706
0.817393
0.805119
0.792161
0.78019
0.770434
0.763788
0.76079
0.761503
0.765112
0.769887
0.773452
0.773607
0.769466
0.762136
0.754614
0.750635
0.753201
0.76343
0.7805
0.802263
0.82602
0.849134
0.869268
0.884517
0.893494
0.895414
0.890286
0.879005
0.863302
0.845479
0.828234
0.81425
0.805552
0.803121
0.806641
0.81465
0.825081
0.835874
0.845387
0.852745
0.857789
0.86074
0.861806
0.860957
0.858102
0.85331
0.847006
0.839822
0.832388
0.825105
0.818013
0.810854
0.803213
0.794714
0.785263
0.775261
0.765593
0.757247
0.751072
0.747498
0.74645
0.747566
0.750329
0.754092
0.758
0.761082
0.762441
0.761589
0.758578
0.754088
0.749201
0.745203
0.743175
0.743761
0.747061
0.752551
0.759207
0.765883
0.771539
0.775371
0.777033
0.776806
0.775805
0.775779
0.778415
0.784665
0.794228
0.805664
0.817183
0.82725
0.834974
0.840219
0.843511
0.845783
0.847997
0.850695
0.853809
0.856697
0.85834
0.857449
0.852621
0.842741
0.827369
0.807048
0.783384
0.758979
0.737252
0.721755
0.71521
0.718461
0.730232
0.748045
0.769348
0.792138
0.81502
0.837028
0.857221
0.874449
0.887259
0.89419
0.894123
0.886723
0.872566
0.853332
0.831483
0.80986
0.791151
0.777276
0.769118
0.766606
0.769129
0.776236
0.787715
0.803087
0.820768
0.838067
0.852122
0.861037
0.864146
0.861815
0.855094
0.845367
0.834008
0.822385
0.811781
0.803383
0.798204
0.796574
0.797673
0.799484
0.799578
0.796098
0.788377
0.777136
0.764248
0.75205
0.742648
0.737256
0.73611
0.738779
0.744582
0.752681
0.762158
0.772344
0.782764
0.793063
0.80285
0.811714
0.819266
0.825305
0.829805
0.83275
0.833962
0.832913
0.8287
0.820514
0.808106
0.792125
0.774195
0.756645
0.742075
0.732922
0.7309
0.736621
0.749403
0.767566
0.78886
0.810767
0.830575
0.845611
0.85376
0.854028
0.846855
0.833944
0.817781
0.800919
0.785342
0.772151
0.761716
0.753989
0.748794
0.746125
0.746261
0.749852
0.757833
0.771203
0.790488
0.815227
0.843604
0.872706
0.899229
0.920315
0.934003
0.93946
0.937023
0.928081
0.914582
0.898357
0.880583
0.861856
0.842617
0.823388
0.804804
0.78783
0.773758
0.764092
0.760049
0.762037
0.769422
0.780916
0.795213
0.811257
0.82776
0.842564
0.852608
0.855072
0.848541
0.833493
0.812204
0.788226
0.765565
0.747783
0.737041
0.733823
0.737257
0.745696
0.757111
0.769318
0.780431
0.789285
0.795372
0.798513
0.798652
0.795901
0.790864
0.784752
0.779297
0.776201
0.776585
0.780528
0.787291
0.79572
0.804662
0.813241
0.820785
0.826705
0.830485
0.831965
0.831374
0.829431
0.827063
0.824937
0.823116
0.820908
0.81714
0.810779
0.80143
0.789768
0.777476
0.766798
0.759914
0.758617
0.764139
0.776888
0.796178
0.820174
0.846216
0.871439
0.893412
0.910392
0.921383
0.925961
0.923909
0.915094
0.899356
0.876931
0.848904
0.81759
0.786128
0.757327
0.732393
0.71095
0.692635
0.678529
0.671304
0.673942
0.688222
0.713637
0.747312
0.784729
0.820933
0.851681
0.873974
0.886231
0.888138
0.880441
0.864886
0.844057
0.821203
0.799641
0.782254
0.770885
0.766155
0.767508
0.773546
0.78247
0.792201
0.800571
0.805588
0.805945
0.801266
0.792393
0.781131
0.769797
0.760697
0.755618
0.755548
0.760336
0.768507
0.77777
0.785801
0.791203
0.793925
0.79521
0.796806
0.800105
0.805735
0.813627
0.82333
0.83424
0.845758
0.857251
0.86796
0.877085
0.883901
0.887977
0.889196
0.887777
0.884112
0.878682
0.871783
0.863176
0.852089
0.837449
0.818456
0.79515
0.768682
0.741327
0.71615
0.696388
0.684684
0.682266
0.6885
0.701179
0.717476
0.734966
0.752147
0.768397
0.783541
0.797298
0.809165
0.818492
0.824641
0.827196
0.825992
0.821023
0.812434
0.800696
0.786717
0.771982
0.75861
0.748976
0.745164
0.748306
0.758009
0.772652
0.790011
0.807969
0.824888
0.839466
0.850481
0.856815
0.857696
0.85305
0.843699
0.831367
0.818492
0.807719
0.80126
0.800037
0.803398
0.809548
0.816201
0.82137
0.823858
0.823407
0.820655
0.816792
0.813134
0.810655
0.809632
0.809398
0.808578
0.805742
0.800119
0.792381
0.784572
0.779229
0.77819
0.781874
0.789425
0.799254
0.809649
0.818991
0.825962
0.829756
0.830252
0.828036
0.824141
0.819663
0.815321
0.81142
0.808147
0.805744
0.804587
0.804874
0.806306
0.808164
0.809455
0.8092
0.806832
0.802388
0.796648
0.790975
0.787101
0.786688
0.790763
0.799348
0.81145
0.825306
0.839047
0.85097
0.859841
0.864789
0.865456
0.861797
0.854047
0.842615
0.828168
0.811691
0.79444
0.777811
0.763165
0.751722
0.744527
0.742342
0.745542
0.753851
0.766218
0.780855
0.795654
0.808583
0.81803
0.823192
0.824187
0.821986
0.818124
0.814387
0.812282
0.812571
0.815055
0.818729
0.822214
0.824185
0.823874
0.821285
0.817092
0.812362
