1.23407
1.21335
1.1921
1.17447
1.16249
1.15601
1.15381
1.1545
1.15711
1.16093
1.16571
1.17139
1.17829
1.18704
1.19806
1.21144
1.22649
1.24196
1.25619
1.26731
1.27376
1.27444
1.26881
1.25673
1.23891
1.21711
1.19415
1.17369
1.15949
1.15455
1.16047
1.17725
1.20286
1.23327
1.26329
1.28792
1.3036
1.30868
1.30324
1.28883
1.26819
1.24478
1.2218
1.20129
1.18392
1.16993
1.15979
1.15418
1.15361
1.1582
1.16741
1.17969
1.19265
1.20329
1.2086
1.20657
1.19669
1.18003
1.15855
1.13424
1.10865
1.08343
1.06073
1.04327
1.0338
1.03449
1.04618
1.06805
1.09778
1.13218
1.16782
1.20181
1.23207
1.2575
1.27793
1.29387
1.30626
1.31585
1.3229
1.3268
1.32639
1.3204
1.30791
1.28865
1.26323
1.23278
1.19888
1.16366
1.1307
1.10541
1.0935
1.09817
1.11809
1.1482
1.18237
1.21567
1.24493
1.2682
1.28476
1.29483
1.29913
1.29879
1.29513
1.28946
1.28288
1.27622
1.26961
1.26282
1.25563
1.24823
1.24128
1.23555
1.23133
1.22827
1.22526
1.22092
1.21402
1.20374
1.19009
1.17382
1.15631
1.13916
1.12362
1.11001
1.09801
1.08746
1.0794
1.07654
1.08225
1.09876
1.12587
1.16078
1.19913
1.23632
1.26846
1.2929
1.30846
1.31537
1.3149
1.30894
1.29939
1.28788
1.27586
1.26433
1.25406
1.24563
1.23965
1.2365
1.236
1.23698
1.23737
1.23489
1.22776
1.21584
1.20089
1.1863
1.1761
1.17345
1.17928
1.19187
1.20748
1.22199
1.23232
1.23716
1.23662
1.23187
1.22429
1.21498
1.20448
1.19277
1.18001
1.16702
1.15551
1.14794
1.14703
1.15468
1.17125
1.19506
1.22264
1.24954
1.27149
1.2854
1.29006
1.28599
1.27506
1.25999
1.24334
1.22668
1.21033
1.19389
1.17757
1.16281
1.15194
1.14683
1.14808
1.1552
1.16695
1.18139
1.19588
1.20743
1.21359
1.21313
1.20657
1.196
1.18425
1.17405
1.16753
1.166
1.16971
1.17793
1.18906
1.20105
1.21216
1.22183
1.23076
1.24052
1.25241
1.26669
1.28225
1.29701
1.30868
1.31539
1.31618
1.31087
1.29987
1.28403
1.2647
1.2434
1.2215
1.19982
1.17842
1.15719
1.13666
1.11882
1.10654
1.10271
1.10907
1.12559
1.15023
1.17927
1.20805
1.23214
1.24849
1.25595
1.25519
1.24814
1.23723
1.22474
1.21244
1.20147
1.19229
1.18475
1.17837
1.17262
1.16704
1.16153
1.15639
1.15229
1.15008
1.1504
1.15365
1.15983
1.16892
1.18144
1.19817
1.21963
1.245
1.27172
1.296
1.31381
1.3221
1.31945
1.30631
1.28494
1.25901
1.23286
1.2102
1.19323
1.18227
1.17601
1.17237
1.16949
1.16613
1.1619
1.15685
1.15104
1.1443
1.13622
1.12633
1.11431
1.10031
1.0852
1.07079
1.05966
1.05492
1.05932
1.07422
1.09885
1.13003
1.16292
1.19251
1.2151
1.22895
1.23398
1.23114
1.22192
1.20866
1.19444
1.18279
1.17658
1.17754
1.18616
1.20193
1.22353
1.24884
1.27509
1.29953
1.31987
1.33442
1.34193
1.34154
1.333
1.31705
1.29558
1.27154
1.24822
1.22838
1.21338
1.20321
1.19696
1.1938
1.19351
1.19673
1.20412
1.21555
1.22947
1.2433
1.25426
1.26049
1.26174
1.25902
1.25411
1.24866
1.24371
1.23979
1.23697
1.23519
1.23422
1.23355
1.23226
1.22923
1.22342
1.21431
1.20182
1.18614
1.16748
1.1461
1.12261
1.09837
1.07557
1.05712
1.04591
1.04394
1.05158
1.0676
1.08976
1.11528
1.14104
1.16378
1.18053
1.18932
1.18984
1.1836
1.17339
1.16268
1.15507
1.15396
1.16212
1.18068
1.20834
1.24144
1.2749
1.30377
1.32428
1.33471
1.33557
1.32927
1.31888
1.307
1.29483
1.28261
1.27029
1.25811
1.24655
1.23596
1.22638
1.21755
1.20901
1.20039
1.19151
1.18239
1.17336
1.16526
1.15941
1.15737
1.16022
1.16813
1.18028
1.19507
1.21075
1.22567
1.23842
1.24805
1.25391
1.25583
1.25402
1.24907
1.24178
1.2329
1.22315
1.2134
1.20491
1.19915
1.19738
1.19996
1.20598
1.21331
1.21915
1.22087
1.21666
1.20588
1.18897
1.16751
1.14402
1.12162
1.10343
1.09176
1.08728
1.08887
1.09438
1.10164
1.10966
1.11861
1.12913
1.14154
1.15584
1.17185
1.18947
1.20829
1.22717
1.24399
1.25605
1.26097
1.25752
1.24644
1.23042
1.21338
1.19894
1.18901
1.18327
1.18009
1.17807
1.17693
1.17715
1.17914
1.18269
1.18693
1.19103
1.19435
1.19671
1.19847
1.20039
1.20358
1.20949
1.21947
1.23434
1.25386
1.27646
1.29959
1.32015
1.33473
1.34005
1.3336
1.3145
1.28434
1.2473
1.20929
1.17587
1.15056
1.13421
1.12585
1.12394
1.12759
1.1368
1.15187
1.17232
1.19587
1.21884
1.23708
1.24739
1.24836
1.24059
1.22609
1.20768
1.18824
1.17028
1.15565
1.14568
1.14118
1.14226
1.14767
1.15483
1.16018
1.16041
1.1542
1.1432
1.13192
1.12595
1.1298
1.14514
1.17075
1.2034
1.23903
1.2737
1.3039
1.32678
1.34024
1.34312
1.33543
1.31851
1.29495
1.26822
1.24235
1.22138
1.20833
1.20468
1.20996
1.22198
1.23762
1.25381
1.26808
1.27912
1.28668
1.29111
1.29271
1.29144
1.28715
1.27996
1.27051
1.25973
1.24858
1.23766
1.22702
1.21628
1.20482
1.19207
1.17789
1.16289
1.14839
1.13587
1.12661
1.12125
1.11967
1.12135
1.12549
1.13114
1.137
1.14162
1.14366
1.14238
1.13787
1.13113
1.1238
1.1178
1.11476
1.11564
1.12059
1.12883
1.13881
1.14882
1.15731
1.16306
1.16555
1.16521
1.16371
1.16367
1.16762
1.177
1.19134
1.2085
1.22577
1.24087
1.25246
1.26033
1.26527
1.26867
1.272
1.27604
1.28071
1.28505
1.28751
1.28617
1.27893
1.26411
1.24105
1.21057
1.17508
1.13847
1.10588
1.08263
1.07282
1.07769
1.09535
1.12207
1.15402
1.18821
1.22253
1.25554
1.28583
1.31167
1.33089
1.34129
1.34118
1.33008
1.30885
1.28
1.24722
1.21479
1.18673
1.16591
1.15368
1.14991
1.15369
1.16435
1.18157
1.20463
1.23115
1.2571
1.27818
1.29156
1.29622
1.29272
1.28264
1.26805
1.25101
1.23358
1.21767
1.20507
1.19731
1.19486
1.19651
1.19923
1.19937
1.19415
1.18257
1.1657
1.14637
1.12808
1.11397
1.10588
1.10416
1.10817
1.11687
1.12902
1.14324
1.15852
1.17415
1.18959
1.20427
1.21757
1.2289
1.23796
1.24471
1.24912
1.25094
1.24937
1.24305
1.23077
1.21216
1.18819
1.16129
1.13497
1.11311
1.09938
1.09635
1.10493
1.12411
1.15135
1.18329
1.21615
1.24586
1.26842
1.28064
1.28104
1.27028
1.25092
1.22667
1.20138
1.17801
1.15823
1.14257
1.13098
1.12319
1.11919
1.11939
1.12478
1.13675
1.1568
1.18573
1.22284
1.26541
1.30906
1.34884
1.38047
1.401
1.40919
1.40553
1.39212
1.37187
1.34754
1.32087
1.29278
1.26392
1.23508
1.20721
1.18174
1.16064
1.14614
1.14007
1.14306
1.15413
1.17137
1.19282
1.21689
1.24164
1.26385
1.27891
1.28261
1.27281
1.25024
1.21831
1.18234
1.14835
1.12167
1.10556
1.10073
1.10588
1.11854
1.13567
1.15398
1.17065
1.18393
1.19306
1.19777
1.19798
1.19385
1.1863
1.17713
1.16895
1.1643
1.16488
1.17079
1.18094
1.19358
1.20699
1.21986
1.23118
1.24006
1.24573
1.24795
1.24706
1.24415
1.24059
1.23741
1.23467
1.23136
1.22571
1.21617
1.20214
1.18465
1.16621
1.1502
1.13987
1.13793
1.14621
1.16533
1.19427
1.23026
1.26932
1.30716
1.34012
1.36559
1.38208
1.38894
1.38586
1.37264
1.34903
1.3154
1.27336
1.22638
1.17919
1.13599
1.09859
1.06643
1.03895
1.01779
1.00696
1.01091
1.03233
1.07046
1.12097
1.17709
1.2314
1.27752
1.31096
1.32935
1.33221
1.32066
1.29733
1.26609
1.23181
1.19946
1.17338
1.15633
1.14923
1.15126
1.16032
1.17371
1.1883
1.20086
1.20838
1.20892
1.2019
1.18859
1.1717
1.1547
1.14105
1.13343
1.13332
1.1405
1.15276
1.16666
1.1787
1.1868
1.19089
1.19282
1.19521
1.20016
1.2086
1.22044
1.23499
1.25136
1.26864
1.28588
1.30194
1.31563
1.32585
1.33197
1.33379
1.33166
1.32617
1.31802
1.30767
1.29476
1.27813
1.25617
1.22768
1.19273
1.15302
1.11199
1.07422
1.04458
1.02703
1.0234
1.03275
1.05177
1.07621
1.10245
1.12822
1.1526
1.17531
1.19595
1.21375
1.22774
1.23696
1.24079
1.23899
1.23153
1.21865
1.20104
1.18007
1.15797
1.13792
1.12346
1.11775
1.12246
1.13701
1.15898
1.18502
1.21195
1.23733
1.2592
1.27572
1.28522
1.28654
1.27958
1.26555
1.24705
1.22774
1.21158
1.20189
1.20006
1.2051
1.21432
1.2243
1.23206
1.23579
1.23511
1.23098
1.22519
1.2197
1.21598
1.21445
1.2141
1.21287
1.20861
1.20018
1.18857
1.17686
1.16884
1.16729
1.17281
1.18414
1.19888
1.21447
1.22849
1.23894
1.24463
1.24538
1.24205
1.23621
1.22949
1.22298
1.21713
1.21222
1.20862
1.20688
1.20731
1.20946
1.21225
1.21418
1.2138
1.21025
1.20358
1.19497
1.18646
1.18065
1.18003
1.18614
1.19902
1.21718
1.23796
1.25857
1.27646
1.28976
1.29718
1.29818
1.2927
1.28107
1.26392
1.24225
1.21754
1.19166
1.16672
1.14475
1.12758
1.11679
1.11351
1.11831
1.13078
1.14933
1.17128
1.19348
1.21287
1.22704
1.23479
1.23628
1.23298
1.22719
1.22158
1.21842
1.21886
1.22258
1.22809
1.23332
1.23628
1.23581
1.23193
1.22564
1.21854
