0.900453
0.944377
0.834566
0.790641
0.96634
0.988302
0.96634
0.922415
1.03223
0.944377
0.900453
0.878491
0.922415
0.96634
0.988302
0.900453
0.856528
1.03223
1.07615
1.03223
0.96634
1.09811
1.14204
1.09811
1.03223
1.03223
1.05419
1.03223
1.03223
1.03223
1.07615
1.05419
1.12008
1.01026
1.05419
1.01026
1.01026
1.03223
1.03223
0.988302
1.01026
1.01026
1.03223
1.05419
1.09811
1.164
1.12008
1.164
1.18596
1.18596
1.22989
1.20792
1.14204
1.12008
1.05419
1.05419
0.988302
0.922415
0.900453
0.988302
0.900453
0.922415
0.922415
0.900453
0.878491
0.96634
1.05419
1.164
1.22989
1.3397
1.55932
1.66913
1.66913
1.62521
1.49343
1.42755
1.38362
1.38362
1.22989
1.18596
1.12008
1.03223
0.922415
0.96634
0.856528
0.812604
0.812604
0.790641
0.856528
0.856528
0.96634
0.944377
1.05419
1.05419
1.03223
1.09811
1.01026
1.07615
1.07615
0.988302
0.988302
0.988302
0.944377
1.07615
1.07615
1.12008
1.22989
1.22989
1.31774
1.3397
1.29577
1.22989
1.12008
1.09811
1.09811
1.164
1.20792
1.25185
1.14204
1.12008
1.05419
1.07615
1.14204
1.09811
1.05419
1.14204
1.09811
1.03223
0.944377
0.944377
0.944377
1.09811
1.07615
1.05419
1.05419
1.09811
1.22989
1.14204
1.14204
1.12008
1.164
1.20792
1.18596
1.18596
1.164
1.18596
1.14204
1.18596
1.03223
0.944377
0.944377
0.856528
0.878491
0.944377
0.96634
0.96634
0.96634
0.900453
0.988302
0.96634
0.988302
0.96634
0.944377
0.944377
0.878491
0.856528
0.96634
1.05419
1.01026
1.03223
1.05419
1.03223
1.18596
1.164
1.09811
0.96634
0.922415
0.922415
0.878491
0.878491
0.878491
0.790641
0.812604
0.878491
0.878491
0.922415
0.988302
1.05419
1.07615
1.07615
1.03223
1.12008
1.07615
1.07615
1.03223
1.05419
1.09811
1.18596
1.25185
1.27381
1.27381
1.20792
1.3397
1.31774
1.22989
1.3397
1.29577
1.20792
1.14204
1.07615
1.05419
1.12008
1.01026
1.12008
1.05419
0.922415
0.944377
1.03223
1.07615
1.01026
1.01026
1.07615
1.164
1.14204
1.03223
0.988302
0.96634
1.05419
1.07615
1.07615
0.96634
0.988302
0.856528
0.790641
0.812604
0.878491
1.03223
1.07615
1.05419
1.03223
0.988302
0.900453
1.03223
1.01026
1.14204
1.14204
1.14204
1.09811
1.14204
1.05419
1.03223
1.05419
0.944377
0.988302
1.05419
0.988302
1.01026
0.988302
1.05419
1.07615
1.20792
1.27381
1.164
1.09811
0.988302
0.96634
1.01026
0.922415
0.944377
1.03223
1.12008
1.07615
1.01026
1.03223
1.01026
0.988302
0.944377
0.988302
1.03223
1.09811
1.20792
1.20792
1.25185
1.25185
1.164
1.03223
1.03223
0.96634
0.988302
0.96634
0.988302
0.96634
1.01026
0.988302
0.944377
1.01026
0.944377
0.944377
0.944377
1.01026
1.05419
1.07615
1.14204
1.27381
1.164
1.12008
1.03223
1.03223
0.96634
1.03223
0.856528
0.878491
0.878491
0.812604
0.834566
0.812604
0.878491
0.900453
0.922415
0.944377
0.922415
0.988302
0.900453
0.944377
1.03223
1.03223
0.96634
1.03223
1.09811
1.164
1.05419
1.07615
1.12008
1.09811
1.18596
1.12008
1.09811
1.12008
1.12008
1.07615
0.96634
0.96634
0.96634
0.878491
0.834566
0.856528
0.790641
0.812604
0.768679
0.768679
0.768679
0.790641
0.878491
0.900453
1.05419
1.05419
0.944377
1.01026
1.01026
1.05419
1.01026
0.922415
0.944377
0.922415
0.944377
0.922415
0.856528
0.878491
0.834566
0.790641
0.922415
0.856528
0.878491
0.944377
1.01026
0.96634
0.922415
1.01026
1.164
1.18596
1.03223
0.96634
0.96634
0.878491
0.878491
0.856528
0.878491
0.834566
0.856528
0.878491
0.878491
0.922415
0.900453
0.878491
0.834566
0.856528
0.878491
0.900453
0.922415
0.96634
0.988302
1.01026
1.03223
0.988302
1.09811
1.03223
1.14204
1.14204
1.09811
1.09811
1.164
1.09811
1.07615
0.944377
0.988302
0.96634
0.96634
0.96634
1.03223
1.01026
1.03223
1.01026
1.03223
1.01026
0.96634
0.922415
0.988302
1.05419
1.03223
1.01026
1.03223
1.01026
0.900453
0.988302
1.03223
1.03223
1.03223
1.01026
0.900453
0.900453
0.922415
0.944377
0.988302
1.03223
1.03223
1.01026
1.03223
1.03223
1.07615
0.96634
0.856528
0.878491
0.878491
0.834566
1.05419
1.14204
1.03223
1.01026
1.05419
1.07615
1.01026
1.01026
1.03223
1.07615
1.05419
1.07615
0.900453
0.900453
0.922415
0.900453
0.812604
0.724755
0.68083
0.856528
0.988302
0.922415
0.900453
0.834566
0.834566
0.812604
0.834566
0.900453
0.944377
0.856528
0.878491
0.900453
0.988302
1.05419
1.07615
1.09811
1.03223
0.944377
0.856528
0.724755
0.724755
0.746717
0.856528
0.944377
0.900453
0.922415
0.790641
0.812604
0.856528
0.900453
0.834566
0.812604
0.812604
0.812604
0.834566
0.812604
0.856528
0.790641
0.768679
0.746717
0.724755
0.724755
0.768679
0.878491
0.96634
1.03223
1.07615
1.07615
0.96634
0.856528
0.790641
0.856528
0.768679
0.768679
0.768679
0.768679
0.878491
0.922415
0.878491
0.922415
0.96634
0.988302
0.944377
1.01026
1.07615
1.05419
0.96634
1.01026
0.944377
0.834566
0.900453
0.900453
1.18596
1.12008
1.14204
1.22989
1.22989
1.18596
1.09811
1.03223
0.988302
0.944377
0.812604
0.768679
0.636906
0.592981
0.636906
0.68083
0.834566
0.900453
0.878491
0.812604
0.790641
0.834566
0.878491
0.856528
0.900453
0.900453
1.01026
1.01026
0.944377
0.96634
0.96634
0.922415
0.988302
0.900453
0.834566
0.922415
0.988302
1.03223
1.03223
0.96634
0.922415
0.878491
0.944377
1.01026
1.03223
0.944377
0.922415
0.922415
0.922415
0.900453
0.988302
1.12008
1.09811
1.01026
1.01026
1.07615
1.14204
1.12008
1.12008
1.18596
1.22989
1.14204
1.14204
1.25185
1.22989
1.164
1.20792
1.12008
1.09811
0.944377
0.96634
0.944377
0.922415
0.988302
1.05419
1.12008
1.164
1.07615
1.14204
1.07615
1.05419
1.01026
0.922415
0.878491
0.922415
0.988302
1.05419
1.05419
0.988302
1.05419
1.01026
0.988302
0.922415
0.922415
0.922415
0.900453
0.900453
0.812604
0.724755
0.702792
0.768679
0.724755
0.812604
0.96634
0.944377
0.944377
0.944377
0.922415
1.01026
0.96634
0.856528
0.812604
0.900453
0.856528
0.922415
0.988302
0.834566
0.768679
0.768679
0.746717
0.768679
0.900453
0.944377
0.988302
0.944377
0.988302
0.96634
1.01026
0.944377
1.01026
0.944377
0.96634
0.922415
0.856528
0.988302
0.900453
0.900453
0.900453
0.856528
0.834566
0.878491
0.96634
0.96634
0.922415
0.96634
0.988302
0.944377
0.856528
0.878491
0.878491
0.878491
0.834566
0.856528
0.878491
0.790641
0.834566
0.812604
0.988302
0.922415
0.988302
1.03223
0.922415
0.96634
0.944377
0.878491
0.768679
0.549057
0.505132
0.549057
0.68083
0.592981
0.614943
0.636906
0.702792
0.68083
0.636906
0.636906
0.746717
0.702792
0.724755
0.746717
0.790641
0.856528
0.944377
0.856528
0.944377
0.988302
0.96634
0.96634
0.900453
0.900453
0.988302
1.03223
1.05419
1.01026
1.09811
0.944377
0.900453
0.96634
0.856528
0.812604
0.812604
0.790641
0.834566
0.856528
0.922415
0.878491
0.900453
0.944377
0.900453
0.856528
0.922415
0.944377
0.878491
0.944377
0.922415
0.96634
0.988302
0.988302
0.878491
0.834566
0.856528
0.856528
0.878491
0.878491
0.900453
0.900453
0.988302
0.856528
0.900453
0.922415
0.856528
0.768679
0.812604
0.878491
1.01026
0.988302
0.900453
0.900453
0.922415
0.988302
0.878491
0.856528
0.878491
0.900453
0.834566
0.746717
0.812604
0.944377
1.01026
1.03223
1.03223
0.96634
0.988302
0.944377
0.900453
0.944377
0.944377
1.05419
1.05419
1.05419
1.14204
1.18596
1.22989
1.18596
1.05419
1.12008
1.07615
0.96634
0.96634
0.988302
0.988302
0.944377
0.988302
1.07615
1.07615
1.05419
1.03223
1.01026
0.922415
0.944377
0.768679
0.768679
0.790641
0.834566
0.768679
0.922415
0.988302
0.944377
1.01026
0.96634
0.768679
0.746717
0.746717
0.790641
0.812604
0.834566
0.812604
0.702792
0.658868
0.724755
0.746717
0.812604
0.856528
0.944377
0.96634
1.05419
1.09811
1.20792
1.20792
1.09811
1.12008
1.05419
1.05419
1.05419
0.96634
0.944377
0.922415
0.878491
0.856528
0.856528
0.856528
0.658868
0.636906
0.68083
0.724755
0.746717
0.856528
0.856528
0.96634
0.922415
0.922415
0.944377
0.922415
1.01026
0.988302
1.03223
1.03223
1.01026
1.03223
1.03223
0.988302
1.01026
1.09811
1.18596
1.14204
1.01026
1.03223
0.922415
0.944377
0.96634
0.900453
0.922415
0.922415
1.01026
1.01026
1.05419
1.05419
1.05419
1.01026
1.07615
1.12008
1.20792
1.14204
1.03223
1.03223
0.944377
0.944377
1.01026
1.03223
1.01026
1.01026
1.03223
1.12008
1.14204
1.18596
1.22989
1.27381
1.25185
1.07615
1.09811
1.09811
0.96634
0.922415
0.944377
0.878491
0.790641
0.812604
0.790641
0.834566
0.878491
0.834566
0.834566
0.944377
0.944377
0.900453
0.96634
0.988302
0.944377
0.944377
1.03223
1.05419
1.03223
0.96634
0.944377
0.944377
0.878491
0.988302
0.944377
0.988302
0.944377
0.834566
0.790641
0.812604
0.922415
1.03223
1.03223
1.03223
1.01026
0.988302
0.988302
1.05419
1.07615
1.01026
1.03223
1.14204
1.09811
1.14204
1.05419
0.900453
0.834566
0.636906
0.636906
0.636906
0.68083
0.658868
0.636906
0.768679
0.746717
0.790641
0.724755
0.878491
0.834566
0.812604
0.746717
0.702792
0.790641
0.768679
0.856528
0.834566
0.856528
0.878491
0.834566
0.834566
0.922415
0.96634
1.05419
1.03223
1.03223
1.01026
0.96634
0.944377
1.01026
0.922415
0.900453
1.05419
1.05419
0.988302
1.07615
1.07615
1.20792
1.3397
1.25185
1.22989
1.164
1.18596
1.14204
1.14204
1.07615
1.09811
0.922415
0.96634
0.944377
0.922415
1.01026
0.944377
0.878491
0.944377
0.944377
0.988302
1.03223
0.988302
1.03223
1.01026
1.07615
1.05419
1.07615
1.05419
1.09811
1.03223
0.944377
0.812604
0.900453
0.900453
0.96634
0.988302
1.07615
1.05419
1.03223
0.988302
1.01026
1.09811
1.07615
1.09811
0.988302
1.05419
1.03223
1.07615
1.01026
1.05419
1.01026
0.944377
0.96634
0.988302
0.944377
1.03223
1.03223
1.18596
1.164
1.12008
1.01026
0.988302
0.900453
0.944377
0.856528
0.900453
0.96634
0.988302
0.988302
0.922415
0.944377
0.96634
0.944377
0.856528
0.834566
0.878491
0.878491
0.944377
0.96634
0.878491
0.922415
0.878491
0.856528
0.812604
0.812604
0.922415
0.96634
1.07615
1.05419
1.01026
0.922415
0.922415
0.900453
0.900453
0.944377
0.922415
0.922415
0.944377
0.900453
0.834566
0.922415
0.944377
0.988302
0.988302
1.09811
1.09811
1.07615
1.05419
0.96634
1.01026
0.988302
1.03223
1.03223
1.12008
1.09811
1.03223
1.03223
1.03223
0.96634
0.988302
1.03223
1.01026
0.96634
1.07615
1.14204
1.03223
1.01026
1.07615
1.07615
1.12008
1.07615
1.03223
0.944377
0.944377
0.944377
0.922415
0.922415
0.922415
0.790641
0.768679
0.834566
0.856528
0.944377
0.878491
0.856528
0.790641
0.834566
0.900453
0.922415
0.96634
1.05419
1.03223
1.01026
1.03223
0.988302
1.01026
1.09811
0.988302
0.988302
0.900453
0.878491
0.944377
0.944377
0.944377
0.988302
0.922415
0.96634
0.856528
0.878491
0.922415
0.856528
0.790641
0.812604
0.812604
0.812604
0.900453
0.878491
0.900453
0.944377
0.878491
0.856528
0.96634
0.96634
1.03223
0.988302
1.03223
1.09811
1.14204
1.12008
1.05419
1.09811
1.07615
1.14204
1.20792
1.20792
1.20792
1.27381
1.27381
1.27381
1.31774
1.22989
1.03223
1.07615
1.07615
1.164
1.20792
1.18596
1.164
1.12008
1.14204
0.988302
1.05419
1.05419
0.96634
1.07615
1.07615
1.07615
1.01026
0.96634
1.01026
1.03223
0.988302
0.944377
0.988302
0.96634
0.944377
0.96634
0.96634
1.05419
1.01026
1.03223
0.944377
0.922415
0.878491
0.878491
0.944377
0.922415
0.944377
0.96634
0.922415
0.96634
0.988302
0.988302
1.14204
1.09811
1.164
1.20792
1.25185
1.29577
1.36166
1.29577
1.22989
1.20792
1.14204
1.09811
0.96634
0.988302
0.96634
0.988302
1.01026
1.01026
0.944377
1.12008
1.03223
1.03223
1.07615
1.12008
1.07615
0.96634
0.944377
0.944377
0.900453
0.922415
0.988302
1.01026
0.878491
0.834566
0.812604
0.812604
0.812604
0.724755
0.768679
0.856528
0.900453
0.900453
0.878491
0.900453
0.878491
0.812604
0.834566
0.790641
0.68083
0.636906
0.746717
0.658868
0.724755
0.724755
0.768679
0.768679
0.724755
0.812604
0.856528
0.900453
0.922415
0.834566
0.834566
0.834566
0.900453
0.900453
0.878491
0.900453
0.900453
0.900453
0.922415
0.944377
0.944377
1.01026
0.96634
1.03223
1.01026
1.01026
0.988302
0.96634
0.922415
0.96634
0.988302
1.01026
1.05419
1.12008
1.07615
1.01026
1.01026
0.988302
0.96634
0.922415
0.988302
0.944377
0.96634
0.988302
1.05419
1.05419
0.944377
1.01026
0.900453
0.922415
0.900453
0.900453
0.790641
0.856528
0.96634
0.878491
1.01026
0.988302
0.988302
0.944377
0.900453
0.988302
0.944377
0.900453
0.944377
0.944377
0.834566
0.856528
0.834566
0.922415
0.900453
0.878491
0.900453
0.812604
0.856528
0.878491
0.856528
0.922415
0.878491
0.922415
1.03223
1.07615
1.14204
1.20792
1.09811
1.164
1.25185
1.18596
1.07615
1.03223
1.07615
1.03223
1.03223
1.14204
1.07615
0.922415
0.900453
0.856528
0.922415
0.900453
0.988302
0.922415
0.988302
0.96634
0.856528
0.702792
0.746717
0.790641
0.856528
0.812604
0.834566
0.878491
0.900453
0.856528
0.900453
0.900453
1.03223
1.05419
1.164
1.14204
1.01026
0.878491
0.900453
0.856528
0.900453
0.922415
0.944377
0.944377
0.944377
0.96634
0.944377
1.01026
1.09811
1.164
1.25185
1.164
1.12008
1.07615
1.09811
1.01026
0.988302
0.988302
1.01026
0.988302
1.05419
1.07615
1.18596
1.164
1.12008
1.164
1.14204
1.07615
0.988302
1.05419
1.03223
0.988302
0.988302
0.922415
0.944377
1.12008
1.164
1.07615
0.900453
0.944377
1.07615
1.03223
1.09811
1.164
1.09811
1.12008
1.07615
1.07615
1.22989
1.22989
1.09811
1.05419
1.12008
1.09811
1.14204
1.07615
1.05419
1.18596
1.22989
1.20792
1.22989
1.07615
1.07615
1.05419
1.03223
0.878491
0.812604
0.878491
0.856528
0.96634
0.988302
0.988302
1.01026
1.03223
1.09811
1.20792
1.164
1.22989
1.27381
1.27381
1.12008
1.07615
1.164
1.12008
1.07615
1.09811
1.05419
0.944377
0.878491
0.988302
0.96634
0.900453
0.900453
0.944377
0.988302
0.96634
0.988302
1.03223
1.07615
1.01026
1.01026
1.03223
1.05419
0.96634
1.09811
1.07615
1.14204
1.20792
1.14204
1.164
1.18596
1.09811
1.07615
1.12008
1.164
1.07615
1.05419
1.05419
1.12008
1.14204
1.07615
1.12008
0.96634
0.988302
1.07615
1.164
1.18596
1.14204
1.05419
1.07615
1.03223
1.01026
1.01026
0.96634
0.96634
1.01026
1.01026
0.988302
0.988302
1.05419
0.988302
0.944377
1.01026
0.988302
0.96634
0.988302
1.07615
1.164
1.09811
1.14204
1.164
1.18596
1.07615
1.05419
1.01026
1.01026
0.922415
0.900453
0.834566
0.878491
0.944377
0.944377
0.922415
0.96634
0.96634
1.05419
1.05419
1.01026
0.96634
0.988302
0.96634
0.988302
1.03223
1.12008
1.07615
1.14204
1.09811
1.03223
0.944377
0.922415
0.988302
1.01026
1.01026
0.944377
0.900453
0.856528
0.878491
0.878491
0.900453
0.988302
0.922415
0.988302
0.944377
0.900453
0.834566
0.856528
0.856528
0.834566
0.878491
0.900453
0.96634
1.01026
0.988302
0.944377
0.944377
0.922415
1.01026
0.96634
0.812604
0.812604
0.812604
0.834566
0.834566
0.834566
0.768679
0.812604
0.856528
0.878491
0.900453
0.856528
0.900453
0.944377
0.944377
0.944377
0.96634
0.96634
0.922415
0.812604
0.812604
0.922415
0.856528
0.790641
0.768679
0.702792
0.768679
0.768679
0.812604
0.834566
0.900453
0.944377
0.878491
0.834566
0.790641
0.68083
0.702792
0.768679
0.856528
0.834566
0.900453
0.900453
0.900453
0.900453
1.05419
1.12008
1.14204
1.07615
1.07615
1.12008
1.07615
1.27381
1.25185
1.20792
1.22989
1.14204
1.14204
1.09811
1.09811
1.01026
0.96634
1.03223
0.922415
1.03223
1.05419
0.96634
1.09811
1.05419
1.05419
1.05419
1.12008
1.01026
1.01026
1.12008
1.14204
1.18596
1.14204
1.01026
1.01026
0.96634
1.12008
1.14204
1.22989
1.25185
1.25185
1.20792
1.22989
1.164
1.18596
1.20792
1.25185
1.12008
1.07615
1.09811
1.01026
1.01026
1.01026
1.01026
0.922415
0.878491
0.878491
0.922415
0.96634
1.01026
1.09811
1.09811
1.03223
1.05419
1.20792
1.164
1.07615
1.05419
0.988302
0.922415
0.988302
0.96634
1.09811
1.14204
1.18596
1.09811
1.07615
1.09811
0.988302
0.988302
1.03223
0.96634
0.922415
1.01026
1.09811
1.12008
1.09811
1.12008
1.09811
1.12008
1.12008
1.09811
1.12008
1.01026
0.988302
0.944377
1.01026
1.05419
1.01026
0.944377
0.834566
0.900453
1.05419
0.878491
0.834566
0.812604
0.834566
0.834566
0.724755
0.724755
0.746717
0.746717
0.702792
0.724755
0.746717
0.68083
0.878491
1.01026
0.988302
1.01026
1.05419
1.12008
0.988302
0.988302
1.05419
1.09811
1.03223
1.07615
1.09811
1.164
1.09811
1.07615
1.05419
0.988302
1.09811
1.09811
1.12008
1.03223
0.944377
1.01026
0.988302
1.03223
1.05419
1.03223
0.988302
0.922415
0.96634
0.96634
0.878491
0.922415
0.988302
0.944377
1.07615
1.09811
1.03223
1.05419
0.988302
0.96634
0.988302
1.01026
0.988302
0.856528
0.856528
0.834566
0.790641
0.900453
0.96634
1.05419
1.05419
1.01026
1.20792
1.164
1.164
1.18596
1.14204
1.14204
1.03223
1.05419
1.12008
1.18596
1.18596
1.164
1.01026
0.988302
0.988302
0.900453
0.856528
0.878491
0.856528
0.768679
0.724755
0.658868
0.702792
0.724755
0.768679
0.812604
0.900453
0.988302
0.988302
1.01026
0.96634
0.96634
1.03223
0.96634
0.988302
0.988302
0.922415
0.856528
0.812604
0.768679
0.702792
0.724755
0.768679
0.724755
0.812604
0.878491
0.746717
0.856528
0.812604
0.878491
0.856528
0.834566
0.834566
0.812604
0.900453
0.944377
0.988302
0.944377
0.988302
1.05419
1.07615
1.09811
1.12008
1.09811
1.12008
1.164
1.14204
1.09811
1.05419
1.07615
1.05419
1.09811
1.03223
1.01026
0.96634
0.944377
0.834566
0.944377
1.01026
1.05419
0.944377
0.900453
0.96634
0.96634
0.944377
0.96634
0.900453
0.900453
0.900453
0.900453
1.03223
0.988302
0.944377
1.03223
1.03223
1.03223
1.03223
1.09811
1.164
1.07615
1.164
1.20792
1.20792
1.09811
1.05419
0.988302
0.944377
0.988302
0.922415
1.01026
1.03223
1.03223
1.09811
1.18596
1.18596
1.20792
1.05419
1.09811
1.14204
1.22989
1.164
1.164
1.27381
1.20792
1.14204
1.12008
1.09811
0.96634
0.96634
1.03223
1.01026
1.01026
1.14204
1.09811
1.164
1.14204
1.12008
1.12008
1.09811
1.14204
1.18596
1.07615
1.07615
1.05419
1.03223
1.01026
0.834566
0.834566
0.856528
0.922415
1.01026
1.03223
0.96634
0.988302
1.07615
1.01026
0.988302
1.01026
0.900453
0.922415
0.96634
0.900453
0.834566
0.856528
0.878491
0.944377
1.01026
1.03223
1.09811
1.05419
0.988302
1.05419
1.01026
1.05419
1.07615
1.09811
1.12008
1.09811
1.07615
1.12008
1.01026
1.09811
1.14204
1.07615
1.20792
1.18596
1.07615
1.12008
1.07615
1.03223
1.01026
1.07615
1.07615
1.20792
1.22989
1.20792
1.29577
1.14204
1.07615
1.09811
1.18596
1.14204
1.12008
