0.814566
0.790608
0.862481
0.862481
0.98227
0.958312
0.934355
0.814566
0.838523
0.838523
0.838523
0.910397
0.934355
0.98227
0.98227
0.862481
0.862481
0.886439
0.886439
1.03019
1.05414
1.03019
1.05414
1.03019
0.958312
0.886439
0.886439
0.958312
1.05414
1.10206
1.12602
1.22185
1.0781
1.00623
0.910397
0.886439
0.98227
1.0781
1.0781
1.17393
1.14997
1.26976
1.22185
1.0781
1.00623
1.03019
1.12602
1.12602
1.14997
1.14997
1.17393
1.12602
1.19789
1.43747
1.48538
1.41351
1.34164
1.17393
1.26976
1.24581
1.22185
1.14997
1.10206
1.05414
0.958312
0.886439
0.910397
0.814566
0.790608
0.814566
0.838523
0.934355
0.958312
0.910397
0.98227
1.00623
0.934355
0.862481
0.838523
0.910397
0.910397
0.98227
1.00623
0.958312
0.886439
0.886439
0.934355
0.958312
1.03019
1.10206
0.98227
1.03019
1.00623
1.05414
1.0781
1.12602
1.05414
1.10206
1.03019
1.14997
1.10206
1.05414
1.00623
0.958312
0.934355
0.958312
0.98227
0.910397
0.910397
0.98227
0.910397
0.862481
0.862481
0.910397
0.886439
0.958312
1.00623
1.0781
1.26976
1.29372
1.43747
1.34164
1.41351
1.3656
1.34164
1.34164
1.29372
1.22185
1.19789
1.10206
1.14997
1.14997
1.19789
1.10206
1.14997
1.19789
1.17393
1.14997
1.03019
1.05414
1.12602
1.12602
1.12602
1.19789
1.14997
1.26976
1.12602
1.05414
1.0781
1.10206
1.17393
1.26976
1.19789
1.17393
1.17393
1.17393
1.0781
1.12602
1.14997
1.22185
1.22185
1.14997
1.19789
1.26976
1.29372
1.26976
1.29372
1.31768
1.26976
1.22185
1.26976
1.31768
1.29372
1.31768
1.31768
1.3656
1.34164
1.38955
1.29372
1.24581
1.29372
1.31768
1.26976
1.19789
1.12602
1.05414
1.03019
0.934355
0.910397
0.862481
0.862481
0.814566
0.838523
0.814566
0.934355
1.00623
1.00623
1.0781
1.03019
1.10206
1.17393
1.12602
1.0781
1.05414
1.00623
0.934355
1.00623
0.910397
0.934355
1.00623
1.00623
0.98227
1.03019
1.03019
1.03019
1.05414
1.0781
1.03019
0.958312
1.03019
1.29372
1.41351
1.38955
1.34164
1.38955
1.46143
1.41351
1.55726
1.41351
1.26976
1.0781
1.0781
1.00623
1.00623
1.17393
1.31768
1.22185
1.10206
1.12602
1.14997
1.22185
1.00623
1.00623
1.00623
1.03019
1.00623
1.10206
1.05414
0.98227
0.98227
1.00623
1.05414
1.12602
1.0781
0.98227
0.934355
1.0781
1.10206
1.0781
1.12602
1.00623
1.00623
1.05414
0.958312
0.862481
0.98227
1.03019
1.10206
1.03019
1.00623
1.00623
1.00623
0.934355
0.838523
0.886439
0.862481
0.814566
0.958312
1.03019
1.03019
1.05414
1.05414
1.14997
1.00623
0.886439
0.814566
0.886439
0.814566
0.742692
0.76665
0.742692
0.76665
0.838523
0.910397
0.98227
0.958312
0.910397
0.886439
0.910397
0.934355
0.98227
0.98227
0.934355
0.958312
0.98227
1.00623
0.886439
0.862481
0.790608
0.814566
0.838523
0.790608
0.814566
0.814566
0.814566
0.886439
0.838523
0.790608
0.814566
0.862481
0.958312
0.910397
0.838523
0.886439
0.862481
0.838523
0.886439
0.98227
1.00623
0.98227
0.934355
0.98227
1.12602
0.98227
1.03019
1.12602
1.24581
1.22185
1.17393
1.10206
1.10206
1.03019
1.03019
0.958312
0.910397
0.934355
0.934355
0.958312
1.10206
1.12602
0.98227
0.886439
0.862481
0.98227
0.958312
1.00623
1.00623
1.03019
0.958312
0.934355
0.886439
1.00623
0.862481
0.76665
0.910397
0.934355
0.958312
1.0781
1.10206
1.10206
1.10206
1.10206
0.98227
0.934355
0.814566
0.862481
0.862481
0.886439
0.98227
0.910397
0.958312
0.98227
0.910397
0.98227
1.05414
1.05414
1.05414
0.98227
0.838523
0.958312
0.958312
0.98227
0.98227
1.10206
1.00623
0.98227
0.910397
0.886439
0.886439
0.790608
0.838523
0.862481
0.790608
0.862481
0.886439
0.934355
0.98227
0.934355
1.00623
0.98227
0.934355
0.862481
0.958312
1.00623
1.05414
1.00623
0.910397
0.958312
0.98227
1.0781
1.10206
1.14997
1.22185
1.17393
1.0781
1.03019
0.886439
0.886439
0.718734
0.742692
0.76665
0.76665
0.76665
0.814566
0.814566
0.790608
0.76665
0.814566
0.814566
0.838523
0.814566
0.838523
0.742692
0.790608
0.790608
0.790608
0.886439
0.886439
0.934355
0.958312
1.00623
1.0781
0.98227
0.98227
0.958312
0.958312
0.886439
1.00623
0.98227
0.958312
1.05414
1.03019
1.03019
1.03019
1.12602
1.03019
1.05414
1.00623
1.10206
1.03019
1.00623
1.05414
1.05414
1.03019
1.05414
1.00623
1.05414
1.03019
0.98227
1.12602
1.14997
1.14997
1.14997
1.00623
1.17393
1.17393
1.12602
1.14997
1.12602
1.17393
1.19789
1.19789
1.14997
1.10206
0.98227
1.00623
0.98227
0.958312
1.05414
1.03019
0.934355
0.910397
0.958312
1.00623
0.958312
1.00623
1.03019
1.03019
1.0781
1.05414
0.958312
0.958312
1.00623
0.98227
1.05414
1.10206
1.05414
1.05414
0.934355
0.838523
0.838523
0.862481
0.838523
0.862481
0.910397
0.862481
0.76665
0.76665
0.742692
0.814566
0.790608
0.862481
0.838523
0.886439
0.910397
0.910397
0.910397
1.03019
0.98227
0.862481
0.790608
0.694776
0.742692
0.838523
0.838523
0.838523
0.838523
0.886439
0.862481
0.862481
0.934355
0.934355
1.03019
0.934355
0.886439
0.958312
0.98227
0.958312
1.03019
1.00623
1.03019
1.03019
1.00623
1.05414
1.10206
1.0781
1.05414
1.03019
0.886439
0.958312
0.958312
0.958312
0.958312
0.934355
0.934355
0.98227
0.910397
0.958312
0.934355
0.98227
1.10206
1.03019
1.00623
1.03019
1.05414
0.98227
0.934355
0.958312
0.790608
0.838523
0.76665
0.790608
0.838523
0.958312
0.958312
0.958312
1.05414
0.910397
0.910397
0.934355
0.958312
0.934355
0.838523
0.862481
0.838523
0.886439
0.862481
0.958312
1.03019
1.03019
1.03019
0.934355
0.886439
0.814566
0.670819
0.598945
0.622903
0.742692
0.862481
0.838523
0.886439
0.98227
0.886439
0.910397
0.958312
0.958312
0.934355
0.934355
0.958312
0.910397
0.862481
0.886439
0.862481
0.862481
0.910397
0.790608
0.718734
0.742692
0.694776
0.742692
0.718734
0.718734
0.694776
0.646861
0.646861
0.790608
0.694776
0.742692
0.814566
0.886439
0.958312
0.958312
0.862481
0.910397
0.958312
1.03019
0.98227
0.958312
1.05414
1.12602
1.17393
1.17393
1.0781
0.98227
1.05414
1.05414
1.0781
1.12602
1.03019
0.98227
1.05414
1.14997
0.98227
1.03019
1.03019
1.03019
1.00623
1.00623
1.03019
1.10206
1.10206
1.19789
1.24581
1.26976
1.22185
1.17393
1.12602
1.00623
1.0781
1.14997
1.26976
1.29372
1.26976
1.14997
1.17393
1.17393
1.14997
1.0781
1.0781
0.98227
0.98227
0.910397
0.838523
0.910397
1.05414
1.17393
1.19789
1.24581
1.31768
1.24581
1.17393
1.14997
1.12602
1.05414
0.958312
0.934355
1.00623
1.17393
1.17393
1.12602
1.05414
1.14997
1.22185
1.19789
1.26976
1.26976
1.3656
1.26976
1.14997
1.14997
1.0781
1.10206
1.19789
1.03019
1.03019
1.05414
1.05414
1.03019
0.98227
0.958312
0.934355
0.98227
0.98227
1.10206
1.00623
1.10206
1.0781
1.0781
1.22185
1.24581
1.41351
1.43747
1.38955
1.31768
1.26976
1.29372
1.31768
1.50934
1.58122
1.48538
1.60517
1.60517
1.5333
1.43747
1.41351
1.31768
1.22185
1.19789
1.12602
1.10206
1.0781
1.19789
1.22185
1.19789
1.22185
1.22185
1.26976
1.29372
1.12602
1.12602
1.12602
1.17393
1.14997
1.00623
1.05414
0.958312
0.958312
0.934355
0.886439
0.814566
0.76665
0.76665
0.862481
0.790608
0.862481
0.934355
0.934355
1.00623
0.98227
0.910397
1.00623
0.958312
0.838523
0.814566
0.934355
1.10206
1.12602
1.0781
1.14997
1.05414
0.910397
0.862481
0.814566
0.718734
0.694776
0.622903
0.646861
0.694776
0.76665
0.814566
0.838523
0.838523
0.958312
0.958312
0.886439
0.838523
0.862481
0.862481
0.910397
0.838523
0.862481
0.862481
0.910397
0.862481
0.910397
0.886439
0.910397
0.958312
0.934355
1.05414
1.05414
1.03019
0.98227
0.958312
0.862481
0.886439
0.934355
0.862481
0.76665
0.790608
0.742692
0.646861
0.742692
0.814566
0.98227
0.98227
0.98227
0.910397
0.98227
0.958312
0.862481
0.814566
0.814566
0.862481
0.862481
0.98227
1.10206
1.12602
1.10206
1.17393
1.0781
1.0781
1.00623
0.98227
1.03019
1.03019
1.10206
1.17393
1.0781
1.19789
1.12602
1.14997
1.12602
1.14997
1.12602
1.05414
1.03019
1.03019
1.12602
1.17393
1.12602
1.00623
1.03019
1.0781
0.98227
0.958312
0.98227
0.910397
0.910397
1.00623
1.10206
1.03019
0.98227
0.958312
0.862481
0.814566
0.838523
0.814566
0.934355
0.910397
0.862481
0.910397
0.934355
0.958312
1.0781
1.0781
1.10206
1.10206
1.14997
1.10206
1.03019
0.98227
0.838523
0.838523
0.838523
0.862481
0.958312
1.03019
1.05414
1.03019
1.05414
0.934355
0.934355
1.03019
1.00623
1.00623
1.03019
1.03019
1.05414
1.12602
1.03019
1.03019
0.934355
0.886439
0.886439
0.838523
0.886439
0.76665
0.670819
0.646861
0.646861
0.598945
0.718734
0.76665
0.742692
0.694776
0.742692
0.742692
0.718734
0.718734
0.742692
0.814566
0.838523
0.742692
0.790608
0.814566
0.862481
0.910397
0.98227
0.958312
1.03019
1.00623
1.05414
1.12602
1.17393
1.14997
1.24581
1.17393
1.12602
1.10206
1.0781
1.12602
1.29372
1.17393
1.17393
1.26976
1.19789
1.17393
1.17393
1.17393
1.05414
1.03019
1.0781
1.03019
1.00623
0.934355
0.934355
0.910397
0.934355
1.03019
1.0781
0.98227
0.958312
0.838523
0.958312
0.934355
0.862481
0.886439
0.862481
0.886439
0.862481
0.910397
0.862481
0.862481
0.958312
0.910397
0.934355
0.814566
0.742692
0.814566
0.886439
0.790608
0.838523
0.838523
0.838523
0.886439
0.910397
0.934355
1.03019
1.03019
1.05414
1.05414
0.934355
0.958312
1.03019
0.98227
1.10206
1.10206
1.10206
1.05414
0.862481
0.958312
1.10206
1.03019
1.03019
0.958312
0.958312
0.910397
0.886439
0.862481
0.862481
0.862481
0.910397
1.03019
1.22185
1.19789
1.24581
1.19789
1.17393
1.24581
1.0781
1.05414
1.05414
1.12602
1.05414
1.0781
1.00623
1.00623
1.00623
1.00623
1.00623
1.00623
1.05414
1.05414
1.00623
0.958312
0.910397
0.814566
0.790608
0.838523
0.910397
0.934355
1.03019
0.98227
1.10206
1.10206
1.05414
1.0781
1.0781
1.0781
1.12602
1.03019
1.10206
1.12602
1.0781
1.00623
1.0781
1.05414
1.0781
1.0781
1.00623
0.958312
0.958312
0.910397
0.838523
0.838523
0.910397
1.00623
0.910397
1.0781
1.14997
1.17393
1.19789
1.17393
1.26976
1.22185
1.10206
1.29372
1.34164
1.34164
1.34164
1.31768
1.26976
1.22185
1.14997
1.17393
1.05414
0.910397
0.862481
0.742692
0.814566
0.838523
0.886439
0.814566
0.886439
0.886439
0.958312
1.00623
0.98227
1.05414
1.12602
1.14997
0.98227
0.98227
1.03019
0.958312
0.910397
0.862481
0.838523
0.790608
0.790608
0.862481
0.862481
0.76665
0.718734
0.838523
0.886439
0.958312
1.14997
1.14997
1.14997
1.24581
1.29372
1.41351
1.48538
1.41351
1.41351
1.46143
1.3656
1.26976
1.24581
1.26976
1.29372
1.22185
1.26976
1.12602
1.0781
1.10206
1.14997
1.17393
1.29372
1.26976
1.19789
1.0781
1.05414
1.12602
1.24581
1.34164
1.3656
1.34164
1.29372
1.24581
1.19789
1.14997
1.14997
1.12602
1.17393
1.17393
1.14997
1.14997
1.14997
1.14997
1.17393
1.12602
1.26976
1.22185
1.19789
1.12602
1.03019
1.14997
1.19789
1.19789
1.17393
1.17393
1.00623
0.98227
1.00623
1.00623
0.98227
0.958312
1.05414
1.10206
1.03019
1.00623
0.958312
0.934355
0.958312
0.958312
0.958312
1.00623
1.00623
1.00623
1.00623
1.0781
1.0781
1.10206
1.0781
1.0781
1.10206
0.934355
1.0781
1.10206
1.10206
1.05414
1.00623
1.0781
1.0781
1.03019
1.03019
1.05414
1.00623
0.958312
0.910397
0.862481
0.838523
0.814566
0.886439
0.886439
0.934355
0.958312
1.05414
0.886439
0.910397
0.814566
0.718734
0.790608
0.790608
0.814566
0.838523
0.862481
0.910397
0.910397
0.886439
0.862481
0.718734
0.790608
0.862481
0.910397
0.958312
1.00623
0.934355
0.958312
0.886439
0.98227
0.886439
0.98227
1.0781
1.10206
1.14997
1.19789
1.10206
1.0781
1.05414
1.0781
1.05414
1.0781
1.00623
0.958312
0.98227
0.910397
0.910397
0.98227
1.00623
1.03019
1.05414
1.10206
1.05414
1.00623
1.12602
1.14997
1.26976
1.22185
1.24581
1.17393
1.19789
1.0781
1.00623
0.98227
1.05414
1.03019
0.98227
1.03019
0.862481
0.814566
0.910397
0.958312
0.886439
0.98227
0.958312
1.03019
1.03019
0.98227
0.910397
0.910397
0.910397
0.934355
0.958312
1.00623
1.03019
1.05414
1.10206
1.05414
1.0781
1.10206
1.00623
0.958312
0.934355
0.958312
0.958312
0.98227
0.862481
0.838523
0.910397
0.886439
0.934355
0.934355
0.934355
0.958312
1.05414
1.19789
1.10206
1.19789
1.22185
1.14997
1.05414
1.0781
1.03019
1.05414
1.10206
1.00623
1.05414
1.12602
1.19789
1.0781
1.14997
1.0781
1.05414
1.03019
1.03019
1.19789
1.03019
1.03019
1.10206
1.17393
1.03019
1.03019
1.05414
1.00623
0.958312
0.958312
1.05414
1.14997
1.12602
1.14997
1.26976
1.19789
1.19789
1.17393
1.12602
1.12602
1.14997
1.17393
1.10206
1.0781
1.12602
1.22185
1.29372
1.22185
1.26976
1.12602
1.14997
1.03019
0.98227
0.862481
0.886439
0.934355
0.98227
1.00623
1.00623
0.98227
0.910397
1.00623
1.03019
1.03019
1.05414
1.0781
0.958312
1.03019
1.03019
1.05414
1.00623
1.03019
0.934355
0.958312
0.886439
0.886439
0.958312
1.05414
1.12602
1.12602
1.12602
1.14997
1.10206
1.24581
1.14997
1.17393
1.05414
1.10206
1.03019
1.0781
1.0781
1.03019
1.03019
1.00623
1.00623
0.958312
0.886439
1.00623
1.05414
1.12602
1.10206
1.14997
1.22185
1.24581
1.17393
1.12602
1.05414
0.958312
0.958312
0.862481
0.910397
0.934355
1.10206
1.10206
1.17393
1.14997
1.0781
1.05414
0.934355
0.862481
0.886439
1.00623
0.934355
0.886439
0.910397
0.886439
0.910397
1.00623
0.98227
0.910397
0.886439
0.838523
0.862481
0.934355
0.910397
1.03019
0.934355
0.958312
0.934355
0.958312
0.910397
0.98227
0.958312
0.958312
1.03019
1.10206
1.05414
1.03019
1.0781
1.05414
1.00623
1.03019
0.886439
0.886439
0.934355
0.934355
0.934355
0.98227
0.98227
0.910397
0.958312
0.958312
1.00623
0.886439
0.934355
0.934355
1.00623
1.10206
1.12602
1.14997
1.12602
1.03019
1.10206
1.10206
1.12602
1.24581
1.29372
1.26976
1.19789
1.14997
1.14997
1.12602
1.0781
1.0781
0.958312
0.862481
0.814566
0.814566
0.838523
0.862481
0.790608
0.694776
0.790608
0.934355
0.958312
1.05414
1.10206
1.05414
1.05414
0.934355
0.958312
0.934355
0.886439
0.886439
0.934355
0.862481
0.934355
0.838523
0.814566
0.76665
0.862481
0.886439
0.838523
0.910397
0.958312
0.934355
0.98227
0.862481
0.98227
1.0781
0.958312
1.03019
1.0781
1.0781
0.958312
0.958312
1.0781
1.10206
1.12602
1.14997
1.0781
1.10206
1.05414
1.05414
1.12602
1.17393
1.22185
1.26976
1.29372
1.10206
1.05414
1.10206
1.03019
0.98227
0.910397
0.886439
0.838523
0.838523
0.814566
0.838523
0.862481
0.838523
0.838523
0.814566
0.862481
0.838523
0.862481
0.742692
0.742692
0.862481
0.98227
1.0781
1.10206
1.0781
1.00623
0.910397
0.814566
0.76665
0.646861
0.718734
0.76665
0.790608
0.934355
0.910397
0.958312
0.958312
0.958312
1.00623
0.958312
0.934355
0.910397
0.838523
0.886439
0.886439
0.934355
0.98227
1.00623
1.0781
1.03019
1.03019
0.98227
0.958312
1.00623
1.00623
1.17393
1.22185
1.26976
1.12602
1.14997
1.00623
0.98227
1.05414
1.03019
0.910397
0.838523
0.838523
0.838523
0.910397
0.98227
0.98227
0.98227
1.00623
0.98227
1.00623
1.03019
1.0781
0.98227
1.0781
1.00623
1.10206
1.03019
0.98227
0.958312
0.958312
0.886439
0.958312
0.934355
0.862481
0.910397
0.886439
0.862481
0.886439
0.790608
0.742692
0.790608
0.718734
0.76665
0.838523
0.934355
0.934355
0.886439
0.862481
0.910397
0.886439
0.886439
0.910397
0.958312
0.98227
0.958312
0.958312
0.98227
0.934355
0.934355
0.814566
0.742692
0.718734
0.694776
0.694776
0.742692
0.718734
0.694776
0.718734
0.838523
0.886439
0.838523
0.910397
0.934355
0.958312
0.958312
0.934355
0.934355
0.862481
0.98227
0.958312
0.910397
0.814566
0.790608
0.790608
0.814566
0.886439
0.886439
0.910397
0.958312
0.934355
0.98227
0.910397
0.934355
0.910397
0.838523
0.886439
0.814566
0.886439
0.886439
0.958312
0.910397
0.934355
0.814566
0.886439
0.814566
0.814566
0.742692
0.718734
0.790608
0.790608
0.814566
0.862481
1.00623
1.03019
0.934355
0.862481
0.742692
0.838523
0.790608
0.742692
0.76665
0.76665
0.814566
0.790608
0.862481
0.910397
0.958312
1.00623
0.98227
1.12602
1.14997
1.03019
1.10206
1.05414
0.958312
0.886439
0.958312
0.934355
0.910397
0.958312
0.910397
0.958312
0.934355
0.98227
1.00623
0.98227
0.910397
0.886439
0.910397
0.958312
0.934355
0.886439
0.886439
0.790608
0.814566
0.838523
0.862481
0.790608
0.838523
0.958312
0.934355
0.910397
0.838523
0.838523
0.76665
0.742692
0.76665
0.718734
0.694776
0.742692
0.814566
0.790608
0.886439
0.958312
1.0781
0.98227
0.98227
0.910397
0.958312
0.958312
1.00623
1.00623
0.934355
1.03019
1.03019
1.05414
1.00623
1.12602
1.10206
1.12602
1.05414
1.0781
1.10206
1.19789
1.19789
1.03019
1.05414
1.05414
1.00623
0.958312
0.838523
0.886439
0.910397
0.76665
0.718734
0.742692
0.814566
0.814566
0.886439
0.862481
0.886439
0.98227
1.05414
1.10206
1.0781
1.12602
1.03019
1.05414
1.17393
1.0781
0.958312
0.886439
0.910397
0.886439
0.76665
0.934355
1.03019
0.934355
1.05414
0.98227
0.862481
1.05414
1.0781
1.12602
1.12602
1.17393
1.17393
1.22185
1.29372
1.29372
1.24581
1.14997
1.19789
1.24581
1.29372
1.24581
1.19789
1.19789
1.12602
1.05414
1.03019
0.934355
1.00623
0.910397
0.838523
0.862481
0.886439
0.98227
1.05414
1.19789
1.19789
1.14997
1.26976
1.24581
1.22185
1.29372
1.29372
1.29372
1.24581
1.14997
1.14997
0.958312
1.05414
1.03019
1.0781
1.0781
1.05414
1.17393
1.10206
1.05414
1.10206
1.10206
1.12602
1.00623
0.910397
0.814566
0.742692
0.814566
0.814566
0.790608
0.934355
0.910397
0.934355
1.10206
1.10206
1.0781
1.05414
0.958312
0.814566
0.910397
0.958312
1.05414
1.0781
1.0781
1.19789
1.31768
1.29372
1.22185
1.12602
1.19789
1.22185
1.05414
1.00623
1.17393
1.31768
1.24581
1.22185
1.14997
1.19789
1.10206
1.17393
1.03019
1.05414
1.14997
1.10206
0.98227
0.98227
1.03019
0.98227
0.98227
0.958312
1.00623
0.958312
0.958312
1.05414
1.00623
1.03019
1.0781
1.14997
1.14997
1.10206
1.05414
1.12602
1.12602
1.10206
1.10206
1.17393
1.17393
1.12602
1.12602
1.14997
1.19789
1.22185
1.26976
1.29372
1.34164
1.38955
1.3656
1.43747
1.38955
1.34164
1.29372
1.31768
1.22185
1.10206
1.10206
1.03019
0.98227
1.05414
1.05414
1.10206
1.10206
1.17393
1.17393
1.26976
1.22185
1.14997
1.12602
1.0781
0.98227
1.00623
0.958312
1.03019
1.03019
1.03019
1.03019
1.00623
0.98227
0.98227
0.886439
0.98227
1.00623
1.0781
1.10206
1.12602
1.14997
1.14997
1.12602
1.12602
1.0781
1.10206
1.03019
1.03019
1.03019
1.12602
1.24581
