0.989532
0.975595
1.05922
0.961658
0.919847
0.975595
1.00347
0.947721
0.919847
0.905909
0.933784
1.03134
1.01741
0.975595
0.905909
0.947721
1.03134
1.08709
1.01741
0.933784
0.878035
0.905909
0.919847
0.905909
0.961658
1.00347
0.905909
0.891972
0.850161
0.864098
0.822287
0.864098
0.878035
0.905909
0.850161
0.905909
0.919847
0.919847
0.878035
0.919847
0.905909
0.850161
0.864098
0.850161
0.850161
0.836224
0.766539
0.766539
0.822287
0.836224
0.766539
0.794413
0.780476
0.822287
0.836224
0.864098
0.919847
0.919847
0.947721
1.04528
1.00347
0.933784
0.919847
0.878035
0.836224
0.850161
0.850161
0.891972
0.864098
0.864098
0.836224
0.850161
0.878035
0.891972
0.919847
0.919847
0.947721
0.975595
0.878035
0.80835
0.850161
0.850161
0.891972
0.961658
0.919847
0.891972
0.961658
1.00347
0.989532
0.975595
0.933784
0.80835
0.780476
0.878035
0.919847
1.00347
1.07315
1.14284
1.11497
1.08709
1.10103
0.947721
0.989532
0.947721
0.905909
0.919847
0.905909
0.891972
0.864098
0.878035
0.905909
0.905909
0.961658
0.878035
0.919847
0.905909
0.836224
0.794413
0.891972
0.891972
0.864098
0.947721
0.947721
0.822287
0.780476
0.780476
0.878035
0.905909
0.850161
0.933784
0.975595
0.933784
0.947721
1.17071
1.11497
1.11497
1.17071
1.14284
1.08709
1.07315
1.01741
0.989532
0.933784
0.947721
1.04528
1.03134
0.933784
0.961658
0.961658
0.905909
0.850161
0.850161
0.80835
0.794413
0.878035
0.947721
0.891972
0.850161
0.850161
0.878035
0.905909
0.822287
0.752602
0.696853
0.696853
0.752602
0.836224
0.891972
0.961658
0.947721
1.00347
0.989532
1.03134
0.975595
0.933784
0.864098
0.864098
0.919847
0.947721
0.961658
1.01741
0.989532
0.961658
0.947721
0.905909
0.961658
0.905909
0.905909
1.01741
1.05922
1.03134
0.989532
1.03134
1.05922
1.04528
0.961658
0.961658
0.961658
0.933784
0.905909
0.947721
0.961658
0.947721
0.919847
0.989532
0.989532
0.961658
0.947721
0.989532
1.03134
0.961658
0.905909
0.947721
0.947721
0.947721
1.00347
0.919847
1.00347
1.04528
1.08709
1.08709
1.08709
1.00347
0.975595
1.01741
1.04528
0.989532
0.919847
0.933784
0.933784
0.891972
0.905909
0.961658
1.01741
0.975595
0.905909
0.933784
0.975595
0.933784
0.919847
0.905909
0.933784
0.919847
1.07315
1.05922
0.947721
1.00347
0.919847
0.919847
0.975595
1.00347
0.919847
0.864098
0.947721
0.919847
0.905909
0.850161
0.80835
0.836224
0.850161
0.961658
0.850161
0.780476
0.822287
0.850161
0.850161
0.864098
0.947721
0.919847
0.891972
0.933784
0.961658
0.919847
0.919847
0.850161
0.794413
0.766539
0.752602
0.850161
0.850161
0.864098
0.933784
0.933784
0.947721
1.1289
1.07315
1.01741
0.961658
0.905909
0.961658
0.947721
0.933784
0.947721
0.905909
0.919847
0.919847
0.891972
0.933784
0.878035
0.933784
0.919847
0.919847
0.864098
0.836224
0.822287
0.836224
0.822287
0.822287
0.850161
0.850161
0.864098
0.794413
0.822287
0.794413
0.836224
0.836224
0.891972
0.961658
0.919847
0.905909
0.933784
0.891972
0.850161
0.864098
0.878035
0.933784
0.961658
0.891972
0.919847
0.891972
0.919847
0.905909
1.01741
0.989532
0.947721
0.933784
0.961658
0.989532
1.00347
0.933784
0.919847
0.891972
0.794413
0.766539
0.780476
0.80835
0.766539
0.752602
0.696853
0.766539
0.850161
0.933784
0.864098
0.80835
0.794413
0.752602
0.710791
0.682916
0.641105
0.696853
0.752602
0.794413
0.933784
0.975595
0.975595
0.850161
0.822287
0.836224
0.864098
0.891972
0.891972
0.947721
0.933784
0.961658
0.891972
0.947721
1.00347
0.905909
0.836224
0.822287
0.850161
0.864098
0.905909
0.905909
0.822287
0.850161
0.780476
0.80835
0.836224
0.850161
0.961658
1.01741
0.989532
1.01741
1.03134
1.01741
1.01741
1.04528
0.919847
0.961658
1.07315
1.08709
1.07315
1.04528
1.01741
0.989532
0.919847
0.878035
0.850161
0.80835
0.878035
0.947721
0.891972
0.947721
1.04528
1.01741
1.03134
1.01741
1.05922
0.989532
1.00347
0.933784
0.919847
0.933784
0.891972
0.975595
1.03134
0.989532
0.947721
0.919847
0.905909
0.864098
0.836224
0.864098
0.864098
0.878035
0.933784
0.905909
0.878035
0.961658
0.989532
0.961658
0.919847
0.905909
0.975595
0.919847
0.891972
0.836224
0.780476
0.752602
0.850161
0.919847
0.891972
0.905909
0.891972
0.836224
0.864098
0.80835
0.891972
0.905909
0.975595
0.919847
0.891972
0.961658
0.947721
1.01741
0.961658
0.905909
0.961658
0.864098
0.822287
0.80835
0.850161
0.891972
0.878035
0.989532
1.03134
1.03134
0.989532
1.04528
1.03134
1.03134
1.05922
0.989532
1.04528
1.05922
1.04528
1.00347
1.00347
0.975595
0.919847
0.933784
0.905909
0.836224
0.822287
0.822287
0.864098
0.850161
0.794413
0.80835
0.710791
0.738665
0.80835
0.905909
0.919847
0.919847
0.947721
0.933784
0.989532
0.905909
0.794413
0.80835
0.80835
0.766539
0.80835
0.822287
0.780476
0.822287
0.864098
0.822287
0.850161
0.878035
0.891972
0.919847
0.864098
0.919847
0.961658
0.864098
0.891972
0.864098
0.864098
0.780476
0.766539
0.794413
0.850161
0.850161
0.891972
0.850161
0.836224
0.80835
0.864098
0.905909
0.864098
0.947721
0.947721
1.07315
1.00347
1.01741
1.03134
1.03134
1.05922
1.04528
1.08709
1.10103
1.03134
0.975595
0.989532
0.947721
0.947721
0.878035
0.947721
0.864098
0.822287
0.933784
0.933784
0.961658
1.07315
1.03134
0.961658
0.947721
0.919847
0.947721
0.947721
1.00347
0.905909
0.891972
0.80835
0.878035
0.822287
0.878035
0.836224
0.822287
0.850161
0.864098
0.989532
0.933784
0.961658
0.919847
0.905909
0.919847
1.03134
1.03134
0.933784
0.947721
0.836224
0.794413
0.891972
0.919847
0.919847
1.03134
1.05922
0.975595
0.989532
0.919847
0.864098
0.822287
0.864098
0.919847
0.933784
0.989532
0.989532
0.989532
1.07315
0.975595
1.01741
1.00347
0.947721
0.891972
0.933784
1.00347
0.933784
0.919847
0.961658
0.933784
0.975595
0.975595
0.961658
0.850161
0.780476
0.794413
0.836224
0.836224
0.80835
0.850161
0.836224
0.878035
0.961658
0.961658
0.878035
0.933784
0.850161
0.905909
0.905909
0.891972
0.891972
0.905909
0.961658
0.989532
1.01741
1.04528
1.08709
1.05922
1.07315
1.03134
0.961658
0.947721
0.864098
0.80835
0.80835
0.878035
0.864098
0.891972
0.891972
0.933784
0.989532
0.989532
1.04528
1.03134
0.961658
0.989532
0.989532
1.05922
1.05922
1.07315
1.15678
1.14284
1.14284
1.04528
0.975595
0.933784
0.989532
0.947721
0.878035
0.794413
0.766539
0.655042
0.724728
0.738665
0.752602
0.780476
0.80835
0.905909
0.905909
0.878035
0.864098
0.80835
0.836224
0.794413
0.822287
0.850161
0.836224
0.947721
0.891972
0.961658
0.989532
0.891972
0.905909
0.891972
0.905909
0.919847
0.850161
0.961658
0.961658
0.989532
1.01741
1.08709
1.11497
1.11497
1.04528
0.975595
0.975595
1.04528
1.00347
0.975595
1.04528
0.947721
0.975595
0.933784
0.80835
0.878035
0.80835
0.80835
0.724728
0.766539
0.752602
0.738665
0.822287
0.80835
0.724728
0.682916
0.752602
0.738665
0.696853
0.738665
0.738665
0.780476
0.794413
0.836224
0.891972
0.891972
0.919847
0.947721
0.891972
0.850161
0.80835
0.752602
0.738665
0.710791
0.780476
0.864098
0.891972
0.864098
0.878035
0.919847
1.00347
0.989532
0.947721
1.00347
1.00347
1.00347
0.989532
0.933784
0.919847
0.947721
0.836224
0.905909
0.878035
0.891972
0.822287
0.850161
0.891972
0.919847
1.00347
0.947721
1.03134
1.00347
0.975595
0.933784
0.850161
0.836224
0.905909
0.947721
1.03134
1.10103
1.04528
1.01741
0.961658
0.933784
0.933784
0.836224
0.905909
0.878035
0.989532
1.00347
1.04528
1.03134
0.989532
0.961658
1.01741
1.07315
1.17071
1.1289
1.10103
1.04528
1.00347
1.00347
0.919847
0.864098
0.919847
0.961658
0.989532
0.836224
0.961658
0.961658
0.864098
0.878035
0.80835
0.794413
0.794413
0.864098
0.919847
0.878035
0.794413
0.850161
0.836224
0.780476
0.710791
0.696853
0.696853
0.682916
0.766539
0.696853
0.766539
0.780476
0.738665
0.738665
0.752602
0.80835
0.822287
0.752602
0.752602
0.794413
0.822287
0.766539
0.794413
0.850161
0.947721
0.919847
0.933784
1.00347
0.933784
0.905909
0.891972
0.891972
0.905909
0.878035
0.933784
0.961658
0.947721
0.905909
0.891972
0.864098
0.822287
0.794413
0.80835
0.822287
0.80835
0.836224
0.878035
0.836224
0.780476
0.822287
0.905909
0.905909
0.947721
0.989532
0.850161
0.850161
0.850161
0.891972
0.878035
0.836224
0.947721
0.878035
0.836224
0.919847
0.919847
0.947721
0.989532
1.04528
1.00347
1.1289
1.10103
1.11497
1.15678
1.17071
1.19859
1.25434
1.18465
1.1289
1.1289
1.04528
0.933784
1.08709
1.08709
1.10103
1.01741
0.975595
1.00347
1.00347
0.961658
0.919847
0.864098
1.00347
0.961658
1.00347
0.933784
0.919847
0.933784
0.822287
0.836224
0.822287
0.822287
0.864098
0.836224
0.80835
0.780476
0.878035
0.961658
1.07315
1.14284
1.11497
1.04528
1.03134
0.961658
0.933784
0.891972
0.891972
0.905909
0.933784
0.905909
0.933784
0.878035
0.822287
0.878035
0.878035
0.864098
0.878035
0.864098
0.780476
0.864098
0.905909
0.919847
0.933784
0.878035
0.850161
0.891972
0.905909
0.933784
0.905909
0.878035
0.975595
1.00347
1.10103
1.10103
1.04528
1.05922
1.05922
0.961658
0.989532
0.947721
1.04528
1.01741
1.00347
1.00347
1.04528
1.14284
1.08709
1.08709
1.05922
1.08709
1.15678
1.05922
1.07315
1.07315
1.03134
1.07315
1.04528
1.01741
1.05922
1.14284
1.14284
1.1289
1.11497
1.10103
1.11497
1.07315
1.08709
1.03134
1.03134
0.933784
0.905909
0.905909
1.00347
0.989532
0.989532
1.00347
1.01741
0.961658
0.878035
0.933784
0.891972
0.961658
1.01741
1.03134
1.00347
1.03134
1.08709
0.933784
0.975595
1.00347
1.00347
1.01741
1.05922
1.05922
1.01741
1.01741
0.947721
0.947721
0.919847
0.836224
0.822287
0.822287
0.878035
0.919847
0.961658
1.03134
1.10103
1.18465
1.14284
1.15678
1.11497
1.11497
1.04528
1.00347
1.03134
1.01741
0.933784
0.947721
0.905909
0.850161
0.80835
0.836224
0.905909
0.933784
1.00347
1.05922
1.05922
1.10103
1.11497
1.1289
1.00347
1.03134
1.03134
0.975595
1.01741
0.947721
0.975595
1.00347
1.00347
0.947721
0.989532
1.03134
1.04528
1.03134
1.04528
1.18465
1.08709
1.1289
1.18465
1.18465
1.08709
1.08709
1.15678
1.14284
1.05922
1.07315
1.01741
1.03134
1.07315
1.08709
1.17071
1.15678
1.11497
1.03134
0.975595
0.989532
0.905909
0.891972
0.891972
0.878035
0.961658
0.989532
0.961658
0.933784
0.933784
0.864098
0.878035
0.961658
0.975595
0.961658
1.01741
1.1289
1.1289
1.11497
1.03134
0.975595
0.975595
1.07315
1.05922
1.14284
1.14284
1.11497
1.05922
1.04528
1.05922
0.989532
1.04528
0.989532
0.989532
1.00347
1.10103
1.10103
1.10103
1.08709
1.04528
1.10103
1.11497
1.18465
1.17071
1.04528
0.975595
0.961658
0.947721
1.04528
0.989532
0.947721
0.975595
0.975595
1.01741
1.00347
0.961658
1.03134
1.01741
1.00347
1.05922
1.01741
0.947721
1.01741
1.04528
1.11497
1.18465
1.18465
1.18465
1.14284
1.11497
1.08709
1.19859
1.17071
1.26827
1.22646
1.17071
1.17071
1.07315
1.07315
1.03134
0.947721
0.850161
0.836224
0.780476
0.780476
0.780476
0.724728
0.752602
0.752602
0.822287
0.905909
0.905909
0.975595
1.01741
1.08709
1.07315
1.01741
1.08709
1.08709
1.1289
1.18465
1.11497
1.05922
1.05922
0.975595
0.919847
0.822287
0.905909
0.933784
1.03134
1.05922
1.08709
1.11497
1.08709
1.10103
1.04528
1.10103
1.11497
1.15678
1.25434
1.14284
1.07315
0.919847
0.864098
0.933784
0.975595
1.01741
1.01741
0.947721
0.989532
0.975595
0.947721
0.947721
0.975595
0.975595
0.947721
0.961658
0.947721
0.961658
1.00347
1.01741
1.05922
1.01741
1.08709
1.08709
1.15678
1.15678
1.15678
1.21252
1.2404
1.14284
1.04528
0.989532
0.947721
0.905909
0.961658
1.00347
1.01741
1.00347
1.01741
1.00347
1.07315
1.1289
1.14284
1.22646
1.26827
1.25434
1.21252
1.22646
1.2404
1.26827
1.29615
1.29615
1.2404
1.11497
1.04528
0.961658
0.919847
0.836224
0.919847
0.919847
0.919847
0.947721
0.905909
0.891972
0.933784
0.989532
1.05922
0.989532
1.01741
0.891972
0.933784
0.961658
0.933784
0.975595
0.989532
1.00347
1.04528
1.01741
1.08709
1.04528
1.00347
0.961658
0.933784
1.00347
0.961658
0.961658
0.975595
0.891972
0.891972
0.905909
0.891972
0.961658
0.961658
1.00347
0.947721
0.878035
0.878035
0.905909
0.850161
0.989532
0.947721
0.878035
0.905909
0.975595
0.961658
0.794413
0.794413
0.794413
0.822287
0.850161
0.864098
0.766539
0.794413
0.780476
0.780476
0.752602
0.822287
0.878035
0.975595
1.07315
1.05922
1.01741
1.00347
0.919847
0.947721
0.919847
0.905909
0.891972
0.864098
0.891972
0.905909
1.03134
1.01741
1.10103
1.14284
1.11497
1.05922
1.08709
1.04528
1.03134
1.04528
1.00347
1.00347
1.00347
0.947721
0.933784
0.864098
0.891972
0.891972
0.850161
0.905909
0.975595
0.975595
0.878035
0.794413
0.794413
0.780476
0.710791
0.724728
0.752602
0.836224
0.850161
0.878035
0.947721
1.03134
1.01741
1.10103
1.07315
1.01741
1.01741
0.975595
0.961658
1.05922
1.03134
0.975595
1.00347
1.00347
1.03134
1.03134
1.03134
1.05922
1.10103
1.08709
1.05922
1.14284
1.17071
1.21252
1.26827
1.25434
1.29615
1.25434
1.19859
1.14284
1.05922
1.05922
1.05922
1.00347
0.975595
0.947721
0.989532
0.989532
1.00347
1.00347
0.961658
0.947721
0.933784
0.947721
0.878035
0.947721
0.905909
0.933784
1.00347
1.05922
1.03134
0.975595
0.989532
0.989532
0.961658
0.947721
0.975595
0.933784
0.961658
0.947721
0.933784
0.933784
0.961658
0.975595
0.961658
0.975595
0.975595
0.947721
0.891972
0.961658
0.947721
0.919847
0.989532
0.989532
1.01741
0.975595
0.919847
0.891972
0.836224
0.780476
0.836224
0.80835
0.850161
0.878035
0.891972
0.933784
0.933784
0.891972
0.822287
0.850161
0.905909
0.822287
0.80835
0.738665
0.766539
0.738665
0.738665
0.696853
0.766539
0.80835
0.836224
0.891972
1.00347
0.947721
0.933784
0.919847
0.905909
0.905909
0.864098
0.836224
0.905909
0.961658
0.975595
0.864098
0.850161
0.864098
0.933784
0.878035
0.850161
0.80835
0.780476
0.780476
0.752602
0.738665
0.752602
0.80835
0.933784
0.989532
1.04528
1.1289
1.14284
1.14284
1.15678
1.08709
1.03134
0.975595
0.947721
1.01741
0.975595
0.975595
1.00347
0.989532
0.905909
1.04528
1.03134
0.975595
0.961658
1.03134
0.975595
1.04528
1.08709
1.11497
1.08709
1.04528
1.03134
1.00347
1.03134
0.975595
1.07315
1.00347
0.975595
0.933784
0.933784
1.00347
1.04528
1.08709
1.14284
1.11497
1.15678
1.19859
1.14284
1.1289
1.10103
1.11497
1.10103
1.05922
1.03134
1.15678
1.18465
1.14284
1.10103
1.15678
1.14284
1.11497
1.08709
1.1289
1.14284
1.17071
1.17071
1.11497
1.08709
1.10103
1.08709
1.11497
1.10103
1.07315
1.00347
0.989532
1.01741
1.01741
1.08709
1.11497
1.10103
1.03134
1.05922
1.04528
1.04528
1.03134
1.04528
1.07315
1.07315
1.01741
1.04528
1.04528
1.07315
1.1289
1.14284
1.08709
1.11497
1.04528
0.933784
0.891972
0.878035
0.878035
0.891972
0.919847
0.933784
0.947721
0.919847
0.864098
0.947721
0.891972
0.891972
0.919847
0.933784
0.933784
0.878035
0.864098
0.864098
0.891972
0.919847
0.947721
0.947721
0.905909
0.905909
0.850161
0.878035
0.905909
0.864098
0.864098
0.878035
0.961658
0.947721
0.961658
0.891972
0.975595
0.961658
0.989532
0.864098
0.864098
0.794413
0.752602
0.766539
0.864098
0.919847
1.00347
1.11497
1.00347
1.04528
1.10103
1.10103
1.04528
0.947721
0.919847
0.975595
0.933784
1.03134
1.01741
1.14284
1.10103
1.04528
1.08709
1.11497
1.05922
1.04528
1.07315
1.08709
1.07315
0.989532
1.04528
1.11497
1.11497
1.10103
1.10103
1.03134
1.03134
0.975595
1.01741
0.989532
0.975595
1.03134
1.00347
0.961658
1.04528
1.01741
0.947721
0.919847
0.975595
0.947721
1.03134
1.03134
0.933784
0.850161
0.864098
0.864098
0.905909
0.891972
0.891972
0.891972
0.947721
0.878035
0.919847
0.850161
0.947721
0.919847
0.975595
1.01741
1.00347
1.10103
1.04528
1.03134
1.04528
1.05922
1.07315
1.08709
1.07315
1.10103
1.08709
1.05922
1.01741
1.08709
1.08709
1.11497
1.01741
1.00347
0.989532
0.947721
0.975595
0.947721
0.878035
0.891972
0.919847
0.905909
0.905909
0.891972
0.919847
0.933784
0.961658
1.00347
1.07315
1.04528
1.05922
1.08709
1.10103
1.07315
1.05922
1.03134
1.01741
0.975595
1.00347
0.947721
0.919847
0.947721
0.975595
0.961658
0.947721
0.947721
0.836224
0.794413
0.878035
0.850161
0.905909
0.891972
0.905909
0.878035
0.878035
0.919847
0.850161
0.864098
0.864098
0.919847
0.919847
0.878035
0.919847
0.878035
0.905909
0.891972
0.975595
0.933784
1.07315
1.04528
1.01741
0.975595
0.961658
0.933784
0.878035
0.933784
0.864098
0.836224
0.850161
0.850161
0.947721
1.15678
1.17071
1.17071
1.19859
1.21252
1.26827
1.28221
1.19859
1.19859
1.11497
1.08709
1.11497
1.19859
1.18465
1.26827
1.22646
1.2404
1.21252
1.2404
1.18465
1.14284
1.21252
1.17071
1.14284
1.21252
1.15678
1.10103
0.975595
0.905909
0.947721
0.947721
0.975595
0.891972
0.947721
0.891972
0.919847
0.919847
0.905909
0.919847
0.989532
0.975595
1.03134
1.04528
1.10103
1.15678
1.11497
1.2404
1.15678
1.1289
1.11497
1.03134
1.07315
1.05922
1.08709
0.989532
1.03134
0.947721
0.891972
0.864098
0.891972
0.891972
0.878035
0.947721
1.04528
0.961658
0.961658
0.947721
1.04528
1.00347
1.08709
1.08709
1.11497
1.1289
1.11497
1.10103
1.15678
1.15678
1.14284
1.07315
1.1289
1.14284
1.1289
1.07315
1.17071
1.15678
1.14284
1.05922
1.10103
1.01741
0.989532
1.05922
1.00347
1.01741
1.07315
1.05922
1.11497
1.10103
1.10103
1.1289
1.08709
1.04528
1.00347
1.03134
1.05922
1.07315
1.11497
1.17071
1.21252
1.19859
1.14284
1.11497
1.05922
1.04528
0.975595
0.989532
1.03134
1.03134
0.975595
1.00347
1.01741
0.989532
0.947721
0.933784
0.961658
0.919847
0.947721
0.975595
0.947721
0.975595
0.947721
0.989532
1.01741
1.01741
1.01741
1.03134
1.07315
1.08709
1.07315
1.05922
1.07315
1.11497
1.04528
1.08709
1.04528
1.05922
1.04528
1.05922
1.07315
1.05922
1.07315
1.08709
1.05922
1.08709
1.05922
1.05922
1.01741
1.10103
1.14284
1.18465
1.21252
1.26827
1.28221
1.22646
1.2404
1.2404
1.14284
1.19859
1.14284
1.17071
1.2404
1.17071
1.00347
1.03134
1.00347
1.11497
1.15678
1.17071
1.17071
1.17071
1.2404
1.1289
1.10103
1.04528
1.03134
1.03134
1.11497
1.08709
1.08709
1.01741
1.04528
1.00347
0.989532
0.961658
0.933784
0.961658
0.933784
0.989532
1.08709
1.08709
1.11497
1.08709
1.01741
1.07315
1.05922
0.961658
0.891972
0.919847
0.891972
0.905909
0.919847
0.878035
0.850161
0.836224
0.905909
0.919847
0.905909
0.933784
0.905909
0.80835
0.780476
0.780476
0.738665
0.752602
0.822287
0.864098
0.864098
0.919847
0.989532
1.01741
0.961658
0.933784
0.905909
0.919847
0.961658
1.01741
0.989532
0.961658
1.04528
1.00347
1.11497
1.11497
1.08709
1.03134
1.05922
1.11497
1.17071
1.19859
1.1289
1.11497
1.03134
1.04528
1.03134
1.03134
0.989532
1.01741
1.04528
0.989532
0.919847
