0.928985
1.00233
1.02677
1.02677
1.11234
1.13678
1.07567
1.06344
1.00233
0.941208
1.00233
0.904538
0.928985
0.855644
0.867867
0.880091
0.880091
0.904538
0.965655
0.928985
0.953432
1.00233
1.01455
1.02677
0.990102
0.965655
0.990102
0.990102
0.977879
0.965655
0.941208
0.990102
0.977879
0.977879
0.990102
0.977879
0.990102
0.977879
1.07567
1.13678
1.14901
1.17345
1.12456
1.16123
1.12456
1.05122
1.039
0.977879
0.990102
1.01455
1.01455
0.977879
0.953432
0.892314
0.818973
0.80675
0.80675
0.745632
0.733409
0.831197
0.867867
0.892314
0.892314
0.867867
0.855644
0.880091
0.916761
0.977879
1.01455
1.12456
1.06344
1.17345
1.17345
1.22235
1.16123
1.10011
1.02677
1.02677
1.10011
1.11234
1.12456
1.14901
1.29569
1.28347
1.23457
1.14901
1.1979
1.14901
1.13678
1.10011
1.05122
1.01455
1.039
1.01455
1.039
0.953432
0.916761
0.855644
0.818973
0.80675
0.782303
0.80675
0.782303
0.757856
0.831197
0.84342
0.916761
0.916761
0.953432
0.965655
0.904538
0.880091
0.831197
0.928985
0.928985
0.916761
0.941208
0.928985
0.977879
0.965655
0.928985
0.941208
0.916761
0.892314
0.953432
0.928985
0.880091
0.880091
0.904538
0.880091
0.892314
0.892314
0.928985
0.855644
0.892314
0.84342
0.965655
1.05122
1.039
1.10011
1.08789
1.10011
1.07567
1.05122
0.990102
0.867867
0.818973
0.818973
0.818973
0.880091
0.867867
0.916761
0.953432
0.916761
1.00233
1.02677
1.02677
1.039
1.01455
0.941208
0.916761
0.953432
0.941208
0.928985
0.990102
0.977879
1.06344
1.039
1.00233
0.990102
1.02677
0.990102
1.01455
0.928985
0.904538
0.965655
0.977879
0.953432
0.965655
0.928985
0.916761
0.941208
0.941208
0.892314
0.977879
0.977879
1.02677
1.07567
1.02677
1.039
0.928985
0.916761
0.904538
0.84342
0.904538
0.831197
0.80675
0.831197
0.80675
0.794526
0.757856
0.818973
0.84342
0.782303
0.757856
0.770079
0.80675
0.818973
0.84342
0.892314
0.904538
0.904538
0.892314
0.818973
0.867867
0.928985
0.904538
0.953432
0.904538
0.867867
0.831197
0.80675
0.782303
0.745632
0.745632
0.770079
0.782303
0.757856
0.721185
0.672292
0.721185
0.757856
0.623398
0.708962
0.733409
0.794526
0.770079
0.757856
0.818973
0.855644
0.782303
0.880091
0.880091
0.880091
0.892314
0.916761
0.990102
1.00233
1.02677
0.977879
1.00233
0.990102
0.990102
0.880091
0.831197
0.80675
0.818973
0.892314
0.80675
0.880091
0.892314
0.904538
0.953432
0.965655
0.990102
1.00233
0.928985
0.855644
0.855644
0.892314
0.892314
0.867867
0.855644
0.84342
0.84342
0.916761
0.904538
0.928985
0.941208
0.928985
0.916761
0.941208
0.965655
0.892314
0.892314
0.916761
0.941208
0.953432
0.904538
0.953432
0.916761
0.941208
0.990102
0.928985
0.904538
0.855644
0.831197
0.794526
0.708962
0.721185
0.757856
0.831197
0.928985
0.928985
0.904538
0.990102
1.06344
1.00233
1.039
0.990102
0.990102
0.953432
1.00233
0.953432
0.855644
0.84342
0.831197
0.953432
0.977879
1.01455
1.05122
1.039
1.039
0.990102
0.941208
0.953432
0.916761
0.892314
0.904538
0.880091
0.916761
0.867867
0.855644
0.928985
0.916761
0.941208
1.05122
1.05122
1.10011
1.13678
1.05122
1.12456
1.07567
1.12456
1.07567
1.02677
0.953432
1.01455
1.10011
1.12456
1.039
1.01455
1.05122
1.039
1.13678
1.11234
1.13678
1.13678
1.07567
1.12456
1.07567
1.10011
1.08789
1.13678
1.06344
0.965655
0.965655
1.02677
0.990102
1.00233
0.953432
0.990102
1.039
1.07567
1.10011
1.08789
1.10011
1.039
1.00233
0.965655
0.953432
1.00233
0.953432
1.039
1.14901
1.17345
1.07567
1.12456
1.039
1.01455
1.00233
0.916761
0.916761
0.941208
0.867867
0.855644
0.880091
0.990102
0.953432
0.965655
0.941208
1.02677
1.00233
0.990102
1.02677
0.977879
0.904538
0.916761
0.855644
0.84342
0.855644
0.818973
0.916761
0.928985
0.977879
0.990102
0.990102
0.965655
0.977879
0.928985
0.941208
0.941208
0.990102
0.990102
1.00233
1.00233
0.990102
0.990102
0.965655
1.00233
0.990102
0.916761
0.941208
1.039
1.01455
0.977879
0.904538
0.904538
0.892314
0.867867
0.928985
0.941208
0.965655
0.928985
0.867867
0.855644
0.84342
0.892314
0.904538
0.904538
0.953432
0.904538
0.965655
0.977879
0.892314
0.916761
0.880091
0.831197
0.84342
0.880091
0.953432
0.904538
0.892314
0.904538
0.892314
0.855644
0.80675
0.84342
0.782303
0.818973
0.892314
0.831197
0.80675
0.84342
0.831197
0.916761
0.928985
0.928985
0.928985
0.916761
0.953432
0.941208
0.880091
0.892314
0.904538
0.916761
0.892314
0.904538
0.916761
0.904538
0.941208
0.953432
0.990102
1.01455
1.05122
1.06344
1.039
1.07567
1.12456
1.00233
1.02677
1.039
1.07567
1.05122
1.07567
1.10011
1.11234
1.13678
1.14901
1.039
1.07567
1.08789
1.12456
1.14901
1.14901
1.16123
1.23457
1.2468
1.25902
1.1979
1.17345
1.14901
1.10011
1.00233
0.928985
1.00233
1.05122
1.07567
1.08789
1.00233
0.953432
0.928985
0.965655
1.00233
0.953432
0.965655
1.00233
1.01455
0.990102
0.977879
0.965655
0.990102
1.00233
0.965655
0.916761
0.965655
1.05122
1.10011
1.08789
1.08789
1.10011
1.10011
1.16123
1.1979
1.1979
1.14901
1.039
1.039
1.07567
0.977879
0.941208
0.990102
0.953432
0.904538
0.855644
0.880091
0.84342
0.880091
0.904538
0.892314
0.990102
0.904538
0.941208
0.990102
0.965655
0.953432
0.904538
0.855644
0.953432
0.904538
0.904538
0.904538
0.965655
1.01455
1.02677
1.07567
1.10011
1.10011
1.14901
1.05122
1.01455
0.941208
0.867867
0.965655
1.01455
1.01455
1.01455
1.01455
1.06344
1.02677
1.02677
1.02677
0.977879
0.953432
1.00233
0.990102
1.039
1.039
0.916761
1.02677
0.941208
0.831197
0.892314
0.855644
0.892314
0.904538
0.928985
1.02677
0.977879
0.965655
0.941208
1.01455
1.00233
0.965655
0.977879
0.953432
0.880091
0.904538
0.867867
0.928985
0.941208
0.904538
0.941208
0.928985
0.880091
0.770079
0.80675
0.80675
0.80675
0.757856
0.782303
0.782303
0.855644
0.916761
0.904538
0.953432
0.953432
0.941208
0.990102
0.977879
0.977879
0.977879
1.01455
1.00233
1.039
1.08789
1.05122
1.00233
1.06344
1.08789
1.08789
1.07567
1.06344
1.11234
1.07567
1.10011
1.08789
1.10011
1.07567
0.953432
0.904538
1.01455
0.965655
1.039
1.05122
1.06344
1.07567
1.07567
1.07567
0.953432
1.00233
1.00233
1.00233
0.965655
1.00233
0.977879
0.953432
0.892314
0.904538
0.916761
0.916761
0.880091
0.904538
0.916761
0.867867
0.818973
0.818973
0.708962
0.831197
0.928985
0.965655
1.01455
1.07567
1.07567
1.10011
1.08789
1.05122
1.00233
0.977879
1.039
1.00233
0.990102
1.02677
1.039
1.00233
1.06344
1.01455
1.01455
1.01455
0.965655
0.977879
1.01455
1.01455
1.11234
1.14901
1.22235
1.21012
1.22235
1.22235
1.2468
1.22235
1.16123
1.11234
1.01455
0.990102
0.953432
0.941208
1.01455
1.06344
1.1979
1.29569
1.33236
1.30791
1.29569
1.27124
1.22235
1.16123
1.13678
1.18568
1.14901
1.18568
1.1979
1.1979
1.18568
1.17345
1.2468
1.2468
1.27124
1.32014
1.4057
1.30791
1.29569
1.29569
1.22235
1.1979
1.11234
1.01455
1.02677
0.965655
1.01455
1.06344
1.12456
1.10011
1.07567
1.06344
1.12456
1.16123
1.12456
1.06344
1.06344
1.13678
1.12456
1.12456
1.10011
1.10011
1.08789
1.07567
1.00233
1.039
1.00233
1.00233
1.02677
1.02677
1.039
1.14901
1.07567
1.05122
1.08789
0.990102
1.01455
1.02677
1.06344
1.11234
1.00233
1.01455
1.01455
0.990102
0.953432
1.00233
0.990102
1.01455
1.05122
0.990102
0.941208
0.880091
0.892314
1.00233
1.039
1.05122
1.11234
1.08789
1.10011
1.10011
1.039
0.916761
0.941208
0.977879
1.00233
1.02677
1.06344
0.977879
1.00233
0.965655
0.941208
1.00233
1.00233
0.965655
0.941208
0.941208
0.953432
0.928985
0.916761
0.953432
0.965655
0.965655
0.990102
0.990102
1.00233
0.941208
1.02677
0.977879
0.880091
0.916761
0.892314
0.80675
0.867867
0.941208
0.941208
0.916761
0.941208
0.977879
0.928985
0.953432
0.953432
0.928985
0.941208
0.977879
0.928985
0.880091
0.904538
0.916761
0.916761
0.928985
0.941208
1.01455
0.977879
0.953432
0.953432
0.941208
0.928985
0.880091
0.892314
0.941208
0.941208
0.916761
1.01455
1.05122
1.07567
1.039
1.05122
0.990102
0.990102
0.990102
1.039
0.990102
0.928985
0.904538
0.928985
0.965655
0.953432
1.05122
1.12456
1.13678
1.00233
0.990102
0.977879
0.928985
0.953432
0.867867
0.916761
0.880091
0.928985
0.941208
0.916761
0.965655
0.941208
0.965655
0.916761
0.977879
0.977879
0.916761
0.928985
0.953432
0.990102
0.990102
0.916761
0.916761
0.916761
0.941208
0.953432
0.904538
0.904538
0.928985
0.916761
0.965655
0.990102
0.977879
0.953432
0.990102
1.01455
1.06344
1.039
1.06344
1.08789
1.039
1.01455
0.953432
1.039
1.00233
1.00233
0.928985
0.904538
0.916761
0.916761
0.965655
0.953432
0.928985
0.867867
0.794526
0.84342
0.880091
0.880091
0.880091
0.941208
0.941208
0.941208
0.904538
0.880091
0.880091
0.867867
0.867867
0.831197
0.831197
0.904538
0.855644
0.831197
0.80675
0.855644
0.892314
0.953432
0.941208
0.916761
0.904538
0.904538
0.904538
0.892314
0.965655
1.01455
0.953432
0.904538
0.965655
0.977879
0.941208
0.990102
1.08789
1.039
0.990102
1.02677
0.953432
1.00233
0.977879
0.953432
1.02677
0.941208
0.904538
0.904538
0.916761
0.904538
0.990102
1.039
1.05122
1.12456
1.18568
1.11234
1.08789
1.039
1.00233
0.867867
0.831197
0.794526
0.745632
0.794526
0.941208
0.928985
0.941208
0.880091
0.855644
0.855644
0.953432
0.916761
0.84342
0.818973
0.880091
0.892314
0.855644
0.928985
0.855644
0.880091
0.965655
0.965655
0.977879
1.00233
0.977879
0.953432
0.941208
0.892314
0.855644
0.84342
0.855644
0.892314
0.953432
1.06344
1.05122
1.05122
1.039
1.00233
1.039
1.08789
1.10011
1.08789
1.02677
1.00233
0.965655
0.953432
0.953432
0.977879
0.977879
0.990102
0.990102
1.06344
1.11234
1.10011
1.14901
1.11234
1.13678
1.16123
1.17345
1.1979
1.28347
1.28347
1.23457
1.17345
1.10011
1.06344
1.039
1.00233
0.941208
0.941208
0.977879
0.916761
0.928985
0.892314
0.916761
0.928985
0.977879
1.00233
0.953432
0.965655
0.977879
0.990102
0.990102
1.00233
0.953432
1.01455
0.977879
1.02677
0.990102
0.953432
0.990102
1.00233
0.941208
1.06344
1.11234
1.16123
1.14901
1.10011
1.08789
1.02677
0.990102
0.977879
0.941208
0.916761
0.867867
0.867867
0.916761
0.892314
0.990102
1.00233
1.039
1.06344
1.10011
1.08789
1.11234
1.1979
1.18568
1.08789
1.039
1.02677
1.05122
1.12456
1.07567
1.12456
1.12456
1.12456
1.039
1.06344
1.05122
1.06344
1.08789
1.16123
1.1979
1.29569
1.29569
1.32014
1.16123
1.14901
1.25902
1.1979
1.14901
1.16123
1.08789
1.17345
1.14901
1.06344
1.11234
1.12456
1.13678
1.18568
1.1979
1.12456
1.13678
1.07567
1.10011
1.10011
1.16123
1.14901
1.02677
1.11234
1.13678
1.05122
1.00233
1.00233
1.039
1.11234
1.11234
1.1979
1.2468
1.22235
1.18568
1.18568
1.08789
1.11234
1.06344
1.07567
0.990102
0.990102
0.904538
0.880091
0.831197
0.818973
0.867867
0.928985
0.831197
0.794526
0.794526
0.794526
0.80675
0.867867
0.880091
0.892314
0.953432
0.965655
0.904538
0.892314
0.80675
0.867867
0.916761
0.928985
0.953432
0.928985
0.928985
0.904538
0.904538
0.904538
0.831197
0.928985
0.953432
0.892314
0.916761
0.904538
0.928985
0.904538
0.953432
1.00233
1.039
1.05122
0.953432
0.990102
1.02677
1.05122
1.06344
1.01455
1.00233
0.904538
0.84342
0.953432
1.05122
1.17345
1.13678
1.08789
1.12456
1.06344
1.06344
0.977879
1.01455
0.990102
0.977879
0.867867
0.867867
0.916761
1.00233
0.977879
0.941208
0.916761
0.928985
0.867867
0.855644
0.770079
0.757856
0.782303
0.782303
0.782303
0.880091
0.880091
0.928985
0.953432
0.977879
0.965655
0.941208
0.941208
0.892314
0.941208
0.990102
0.965655
0.977879
0.941208
0.965655
1.00233
1.02677
1.00233
1.039
1.01455
1.06344
1.10011
1.17345
1.18568
1.14901
1.11234
1.02677
0.953432
0.953432
1.01455
0.977879
0.990102
0.941208
0.880091
0.916761
0.880091
0.880091
0.990102
0.892314
0.880091
0.953432
0.880091
0.880091
0.867867
0.818973
0.782303
0.80675
0.80675
0.794526
0.80675
0.84342
0.818973
0.867867
1.01455
1.02677
1.039
1.039
1.00233
1.07567
1.1979
1.14901
1.25902
1.22235
1.30791
1.38125
1.35681
1.32014
1.34458
1.22235
1.23457
1.13678
1.13678
1.14901
1.07567
1.16123
1.07567
1.039
1.08789
1.05122
1.08789
1.11234
1.12456
1.16123
1.12456
1.06344
0.977879
0.965655
0.941208
1.01455
0.904538
0.941208
0.904538
0.977879
0.953432
0.904538
0.892314
0.892314
0.904538
0.904538
0.867867
0.990102
1.05122
1.08789
1.07567
1.06344
1.12456
1.08789
1.08789
1.10011
1.06344
1.039
1.01455
1.10011
1.12456
1.06344
1.08789
1.13678
1.16123
1.22235
1.21012
1.18568
1.16123
1.17345
1.2468
1.23457
1.21012
1.21012
1.2468
1.25902
1.22235
1.21012
1.12456
1.08789
1.06344
1.08789
1.10011
1.07567
1.10011
1.16123
1.14901
1.12456
1.06344
1.00233
0.928985
0.904538
0.941208
0.990102
1.02677
1.01455
0.977879
1.01455
0.904538
0.916761
0.80675
0.757856
0.794526
0.831197
0.84342
0.892314
0.977879
0.916761
0.953432
1.02677
0.953432
0.904538
0.916761
0.867867
0.794526
0.818973
0.892314
0.953432
1.06344
1.039
1.00233
1.00233
1.00233
1.02677
0.941208
0.953432
0.965655
1.02677
1.05122
1.10011
1.06344
1.039
1.07567
1.01455
0.977879
1.039
1.039
1.11234
1.11234
1.12456
1.08789
1.06344
1.10011
1.06344
1.02677
1.08789
1.10011
1.11234
1.08789
1.13678
1.16123
1.11234
1.11234
1.07567
1.10011
1.039
1.06344
1.10011
1.039
1.01455
1.039
0.953432
0.904538
0.941208
0.867867
0.904538
1.05122
1.039
1.039
1.05122
1.00233
0.965655
0.928985
0.990102
0.965655
0.990102
0.965655
1.02677
1.05122
1.02677
1.02677
1.039
1.05122
1.02677
1.02677
1.00233
1.00233
0.953432
0.965655
0.977879
1.01455
0.965655
1.039
0.977879
1.00233
1.02677
0.990102
1.039
1.16123
1.16123
1.14901
1.14901
1.10011
1.07567
1.06344
1.08789
1.13678
1.21012
1.29569
1.2468
1.16123
1.17345
1.08789
1.07567
1.06344
1.13678
1.17345
1.07567
1.01455
1.00233
1.02677
0.990102
1.01455
0.990102
0.977879
0.977879
0.977879
0.904538
0.916761
0.941208
0.977879
0.977879
0.965655
1.06344
1.02677
0.928985
1.05122
1.039
0.977879
1.00233
1.039
1.00233
1.00233
1.05122
1.08789
1.10011
1.10011
1.1979
1.2468
1.1979
1.16123
1.11234
1.12456
1.02677
0.941208
0.941208
0.916761
0.904538
0.965655
1.07567
1.12456
1.2468
1.27124
1.1979
1.23457
1.21012
1.25902
1.21012
1.17345
1.13678
1.06344
1.11234
1.18568
1.18568
1.1979
1.18568
1.16123
1.21012
1.18568
1.12456
1.12456
1.14901
1.13678
1.07567
1.10011
1.06344
1.12456
1.13678
1.16123
1.11234
1.16123
1.11234
1.05122
1.039
1.00233
1.02677
1.02677
1.02677
1.06344
1.02677
1.10011
1.12456
1.12456
1.08789
1.17345
1.16123
1.1979
1.23457
1.23457
1.18568
1.22235
1.23457
1.23457
1.22235
1.16123
1.12456
1.01455
1.00233
0.928985
0.941208
0.904538
0.990102
0.990102
1.02677
1.02677
0.965655
0.916761
0.855644
0.84342
0.880091
0.941208
1.00233
0.990102
0.965655
0.916761
0.928985
0.904538
0.855644
0.904538
0.977879
1.02677
0.977879
0.953432
0.953432
0.990102
1.05122
1.12456
1.10011
1.14901
1.2468
1.21012
1.23457
1.17345
1.10011
1.02677
1.02677
1.06344
1.06344
1.039
1.039
1.039
1.05122
1.1979
1.14901
1.10011
1.11234
1.06344
1.10011
1.10011
1.13678
1.17345
1.1979
1.18568
1.22235
1.17345
1.14901
1.07567
1.05122
1.06344
1.00233
1.039
1.06344
0.941208
1.02677
0.990102
0.990102
0.904538
0.84342
0.84342
0.892314
0.916761
0.916761
0.928985
0.965655
0.965655
0.990102
1.00233
1.02677
1.08789
1.13678
1.17345
1.10011
1.07567
1.07567
0.953432
0.941208
1.01455
1.01455
0.977879
0.953432
0.953432
0.953432
1.01455
1.08789
1.01455
0.953432
0.977879
0.977879
0.965655
1.039
0.990102
0.941208
0.867867
0.818973
0.80675
0.855644
0.84342
0.941208
1.02677
0.990102
1.02677
1.07567
1.07567
1.06344
0.941208
0.977879
1.05122
1.11234
1.02677
1.01455
1.05122
1.00233
1.02677
1.14901
1.10011
1.12456
1.13678
1.16123
1.18568
1.12456
1.14901
1.14901
1.2468
1.21012
1.2468
1.1979
1.14901
1.12456
1.11234
1.08789
1.05122
1.039
1.07567
1.10011
1.06344
1.05122
1.06344
1.07567
1.11234
1.17345
1.14901
1.10011
1.16123
1.12456
1.13678
1.05122
0.941208
0.977879
1.00233
0.953432
1.00233
1.039
0.977879
1.01455
1.02677
1.05122
1.00233
0.977879
1.02677
0.977879
0.880091
0.916761
0.953432
0.916761
0.941208
0.916761
0.892314
0.904538
0.904538
0.904538
0.904538
0.941208
1.00233
0.928985
0.977879
0.965655
0.977879
0.928985
0.904538
0.965655
0.965655
0.953432
0.977879
0.928985
1.00233
1.06344
0.990102
0.953432
0.941208
0.990102
0.965655
0.867867
0.831197
0.855644
0.916761
0.953432
0.990102
1.05122
1.05122
1.06344
1.10011
1.07567
1.039
1.13678
1.06344
0.990102
1.02677
1.00233
1.00233
1.08789
1.17345
1.21012
1.18568
1.13678
1.12456
1.05122
1.02677
1.06344
0.990102
0.977879
1.039
1.039
1.039
1.10011
1.12456
1.07567
1.13678
1.05122
1.05122
1.11234
1.11234
1.13678
1.10011
1.11234
1.14901
1.14901
1.16123
1.08789
1.07567
1.08789
1.10011
1.12456
1.10011
1.05122
1.06344
1.02677
1.01455
1.039
0.916761
0.928985
0.977879
0.941208
0.892314
0.941208
0.941208
1.02677
1.06344
1.18568
1.17345
1.18568
1.12456
1.05122
0.965655
0.953432
0.977879
1.01455
0.916761
0.941208
0.916761
0.928985
0.928985
0.892314
0.867867
0.941208
0.904538
0.880091
0.880091
0.928985
0.941208
0.990102
1.05122
1.06344
1.10011
1.10011
1.06344
1.13678
1.1979
1.17345
1.08789
1.10011
1.11234
1.21012
1.11234
1.14901
1.18568
1.16123
1.13678
1.07567
0.953432
0.953432
0.941208
0.892314
0.916761
0.904538
0.916761
0.953432
0.941208
0.892314
0.953432
0.928985
0.916761
0.904538
0.928985
0.916761
0.904538
0.928985
0.990102
0.990102
0.965655
0.990102
1.02677
1.039
0.990102
0.965655
0.990102
0.990102
0.965655
1.01455
0.990102
0.965655
0.977879
1.02677
1.05122
1.01455
1.02677
1.07567
1.10011
1.12456
1.18568
1.22235
1.22235
1.22235
1.12456
1.16123
1.22235
1.18568
1.14901
1.13678
1.07567
1.00233
0.953432
0.953432
0.904538
1.01455
1.05122
1.06344
1.08789
1.00233
1.00233
0.941208
1.00233
0.953432
1.05122
1.07567
1.13678
1.14901
1.16123
1.13678
1.10011
1.11234
1.06344
1.02677
1.02677
1.08789
1.12456
1.13678
1.039
1.11234
1.12456
1.13678
1.10011
1.11234
1.10011
1.18568
1.13678
1.16123
1.13678
1.18568
1.12456
1.08789
1.23457
1.18568
1.16123
1.21012
1.25902
1.22235
1.18568
1.16123
1.14901
1.10011
1.08789
1.00233
0.953432
0.928985
0.916761
