1.01228
0.998021
0.969506
1.09782
1.11208
1.05505
1.11208
1.15485
1.16911
1.11208
1.1406
0.955249
0.983764
0.998021
1.01228
1.01228
0.969506
0.940992
0.940992
0.998021
1.01228
0.940992
0.940992
0.883962
0.898219
0.855447
0.940992
0.883962
0.926734
0.969506
0.969506
0.969506
0.969506
0.883962
0.926734
0.826932
0.826932
0.855447
0.883962
0.926734
1.05505
1.04079
0.969506
0.983764
0.940992
0.955249
1.01228
1.01228
0.998021
0.998021
1.09782
1.15485
1.15485
1.1406
1.12634
1.16911
1.05505
1.01228
0.926734
0.926734
0.955249
0.883962
0.912477
0.883962
0.855447
0.883962
0.869704
0.969506
1.04079
0.983764
1.04079
0.998021
0.955249
0.912477
0.926734
0.998021
0.940992
0.912477
0.926734
0.912477
0.826932
0.869704
0.798417
0.855447
0.841189
0.898219
0.841189
0.841189
0.898219
0.898219
0.869704
0.969506
0.998021
0.898219
0.898219
0.912477
0.912477
0.883962
0.912477
0.940992
0.869704
0.955249
0.955249
0.969506
0.912477
0.926734
0.969506
0.926734
0.798417
0.869704
0.841189
0.883962
0.826932
0.855447
0.841189
0.798417
0.883962
0.912477
0.883962
0.955249
0.955249
0.855447
0.855447
0.883962
0.883962
0.898219
0.912477
0.926734
0.898219
0.855447
0.826932
0.912477
0.898219
0.78416
0.855447
0.898219
0.869704
0.841189
0.855447
0.912477
0.983764
1.02654
0.926734
0.912477
0.841189
0.826932
0.869704
0.755645
0.741387
0.741387
0.769902
0.798417
0.869704
0.869704
0.798417
0.72713
0.741387
0.798417
0.826932
0.869704
0.926734
0.912477
0.883962
0.883962
0.940992
0.955249
0.883962
0.826932
0.841189
0.869704
0.798417
0.78416
0.78416
0.898219
0.912477
0.969506
1.11208
1.09782
0.983764
0.926734
0.898219
0.955249
0.969506
0.998021
1.01228
0.955249
1.01228
1.04079
1.01228
1.02654
0.940992
0.969506
0.969506
0.940992
0.912477
0.969506
1.01228
1.06931
1.06931
1.09782
1.02654
0.983764
0.926734
0.940992
0.869704
0.812674
0.741387
0.72713
0.641585
0.6701
0.712872
0.78416
0.812674
0.826932
0.926734
0.883962
0.940992
0.883962
0.869704
0.812674
0.755645
0.755645
0.826932
0.883962
0.898219
0.940992
0.898219
0.826932
0.841189
0.883962
0.869704
0.812674
0.798417
0.812674
0.869704
0.912477
0.883962
0.883962
0.869704
0.855447
0.869704
0.883962
0.826932
0.78416
0.769902
0.798417
0.72713
0.798417
0.883962
0.855447
0.869704
0.869704
0.898219
0.841189
0.855447
0.869704
0.912477
0.926734
0.955249
0.983764
0.883962
0.912477
0.940992
0.955249
0.926734
0.940992
0.926734
0.869704
0.869704
0.940992
0.955249
0.983764
0.969506
0.955249
0.940992
0.940992
0.955249
0.955249
0.898219
0.855447
0.869704
0.826932
0.855447
0.798417
0.72713
0.769902
0.812674
0.883962
0.841189
0.841189
0.926734
0.926734
0.869704
0.912477
0.826932
0.841189
0.855447
0.841189
0.883962
0.869704
0.969506
0.969506
0.898219
0.955249
0.926734
0.926734
0.955249
0.983764
0.955249
0.926734
0.940992
0.969506
0.940992
0.983764
0.912477
0.983764
0.912477
0.883962
0.940992
0.983764
0.940992
0.955249
0.940992
0.955249
1.04079
0.998021
0.926734
1.02654
0.969506
0.969506
0.983764
0.983764
0.855447
0.841189
0.841189
0.869704
0.898219
0.912477
0.912477
0.983764
0.940992
1.01228
1.09782
1.04079
0.998021
0.912477
0.912477
1.02654
1.01228
0.955249
0.940992
0.898219
0.855447
0.855447
0.912477
0.983764
1.02654
1.04079
1.09782
1.05505
1.01228
0.955249
0.940992
0.998021
1.04079
1.1406
1.1406
1.09782
1.02654
0.998021
1.01228
0.898219
0.926734
0.912477
0.955249
0.955249
0.869704
0.998021
1.05505
1.11208
1.25466
1.22614
1.11208
1.15485
1.2404
1.15485
1.19763
1.18337
1.2404
1.21188
1.09782
1.05505
1.04079
1.02654
1.01228
1.01228
1.02654
1.01228
1.04079
1.01228
0.926734
0.898219
0.826932
0.812674
0.841189
0.883962
0.955249
1.02654
1.04079
1.08357
0.998021
0.841189
0.912477
0.841189
0.883962
0.940992
0.912477
0.841189
0.78416
0.812674
0.826932
0.841189
0.841189
0.841189
0.869704
0.826932
0.72713
0.755645
0.78416
0.798417
0.812674
0.826932
0.869704
0.898219
0.898219
0.926734
0.883962
0.812674
0.812674
0.741387
0.684357
0.72713
0.798417
0.841189
0.741387
0.812674
0.940992
0.983764
1.06931
1.04079
0.969506
0.926734
0.983764
0.940992
0.926734
0.969506
0.969506
1.05505
0.969506
0.969506
0.998021
0.883962
0.940992
0.926734
0.983764
0.912477
0.841189
0.898219
0.869704
0.955249
0.998021
1.02654
0.998021
0.998021
1.06931
0.955249
0.869704
0.969506
0.998021
1.01228
0.940992
0.912477
0.883962
0.855447
0.798417
0.798417
0.755645
0.755645
0.72713
0.812674
0.841189
0.869704
0.869704
0.855447
0.869704
0.769902
0.812674
0.769902
0.769902
0.78416
0.826932
0.769902
0.78416
0.78416
0.72713
0.712872
0.698615
0.769902
0.72713
0.812674
0.841189
0.883962
0.869704
0.898219
0.883962
0.926734
0.998021
1.04079
0.998021
1.06931
1.06931
1.05505
1.08357
0.926734
0.969506
0.940992
0.969506
0.955249
0.955249
1.02654
1.06931
1.01228
1.02654
1.01228
0.940992
0.983764
0.883962
0.898219
0.898219
0.826932
0.798417
0.812674
0.841189
0.841189
0.855447
0.841189
0.898219
0.940992
0.898219
0.912477
0.926734
0.969506
0.969506
0.912477
0.926734
0.912477
1.02654
1.08357
1.06931
1.05505
1.04079
1.11208
1.11208
1.02654
1.04079
0.955249
0.955249
0.926734
0.940992
0.926734
0.955249
0.940992
0.998021
0.955249
0.998021
0.969506
1.01228
0.969506
0.969506
0.969506
0.983764
1.04079
1.1406
1.05505
0.955249
0.940992
1.04079
0.998021
1.02654
0.998021
0.869704
0.983764
1.02654
0.983764
1.02654
0.983764
0.969506
0.855447
0.855447
0.841189
0.798417
0.855447
0.926734
1.02654
1.09782
1.08357
1.04079
1.05505
0.983764
0.869704
0.841189
0.855447
0.826932
0.883962
0.826932
0.698615
0.755645
0.826932
0.755645
0.712872
0.812674
0.78416
0.812674
0.798417
0.798417
0.78416
0.812674
0.869704
0.855447
0.869704
0.869704
0.940992
0.983764
0.955249
0.955249
0.898219
0.855447
0.826932
0.826932
0.841189
0.898219
0.769902
0.855447
0.912477
0.940992
0.883962
0.869704
0.841189
0.826932
0.798417
0.812674
0.855447
0.869704
0.883962
0.912477
0.869704
0.955249
0.983764
0.926734
0.940992
0.998021
0.983764
1.05505
1.01228
1.01228
1.02654
0.969506
0.983764
0.983764
1.01228
0.926734
0.955249
0.883962
0.898219
0.855447
0.78416
0.78416
0.841189
0.869704
0.869704
0.926734
0.969506
0.883962
0.940992
0.983764
1.01228
0.969506
0.983764
0.869704
0.841189
0.812674
0.769902
0.883962
0.912477
0.898219
0.926734
0.898219
0.926734
0.912477
0.898219
0.898219
0.812674
0.826932
0.869704
0.869704
0.869704
0.826932
0.898219
0.883962
0.883962
0.926734
0.912477
0.883962
0.869704
0.855447
0.812674
0.769902
0.78416
0.883962
0.855447
0.812674
0.78416
0.869704
0.940992
0.940992
1.04079
1.02654
0.926734
1.02654
0.898219
0.969506
0.969506
1.05505
1.04079
0.998021
1.02654
0.940992
0.912477
0.998021
0.955249
0.912477
0.883962
0.898219
0.969506
0.969506
0.983764
0.983764
1.04079
0.998021
1.02654
0.955249
1.05505
1.11208
1.08357
1.16911
1.1406
1.16911
1.1406
1.11208
1.06931
1.06931
1.08357
1.02654
1.01228
0.998021
0.926734
0.983764
0.955249
0.955249
0.955249
0.912477
0.969506
0.926734
0.883962
0.869704
0.826932
0.912477
0.912477
0.969506
0.983764
0.955249
0.998021
0.969506
1.05505
1.02654
1.06931
1.12634
1.15485
1.18337
1.11208
1.08357
1.09782
0.969506
0.883962
0.855447
0.898219
0.912477
0.955249
0.998021
1.01228
0.983764
0.998021
0.912477
0.898219
0.955249
0.955249
0.940992
0.998021
0.955249
0.940992
0.955249
0.926734
0.940992
0.926734
0.883962
0.855447
0.983764
1.04079
1.06931
0.998021
0.926734
1.05505
1.05505
1.05505
1.1406
1.15485
1.11208
1.11208
1.09782
1.01228
1.04079
1.02654
1.04079
0.926734
0.869704
0.898219
0.969506
0.983764
0.983764
0.926734
0.855447
0.940992
0.940992
0.869704
0.826932
0.826932
0.883962
0.926734
0.955249
0.998021
1.02654
1.01228
0.969506
0.969506
0.869704
0.812674
0.769902
0.812674
0.78416
0.798417
0.841189
0.855447
0.855447
0.883962
0.883962
0.883962
0.826932
0.826932
0.841189
0.898219
0.940992
0.883962
0.926734
0.969506
1.01228
0.969506
0.998021
0.998021
0.926734
0.926734
1.05505
0.955249
0.998021
0.955249
0.883962
0.826932
0.912477
0.883962
0.955249
0.940992
0.955249
1.04079
1.02654
1.05505
1.11208
1.09782
1.1406
1.19763
1.08357
1.16911
1.18337
1.02654
1.01228
1.05505
1.01228
1.12634
1.09782
1.05505
1.11208
1.06931
1.15485
1.18337
1.25466
1.16911
1.09782
1.05505
1.11208
1.16911
1.19763
1.16911
1.22614
1.31169
1.26891
1.09782
1.11208
1.12634
1.11208
1.05505
1.05505
1.06931
1.05505
1.08357
1.08357
1.04079
1.09782
1.16911
1.2404
1.1406
1.12634
1.01228
0.998021
1.08357
1.09782
1.11208
1.1406
1.11208
1.1406
1.19763
1.16911
1.12634
1.12634
1.12634
1.11208
1.19763
1.22614
1.26891
1.2404
1.21188
1.2404
1.21188
1.1406
1.05505
0.998021
0.955249
1.04079
1.04079
1.05505
1.06931
1.05505
1.08357
1.04079
0.969506
0.955249
0.940992
0.955249
1.02654
1.06931
0.969506
1.06931
0.969506
0.955249
0.883962
0.883962
0.898219
0.940992
0.912477
0.912477
0.898219
0.898219
0.883962
0.898219
0.869704
0.955249
1.02654
1.02654
0.998021
0.955249
0.940992
0.969506
0.898219
0.869704
0.869704
0.826932
0.826932
0.883962
0.798417
0.78416
0.812674
0.841189
0.869704
0.998021
1.04079
1.08357
1.05505
1.02654
1.01228
0.983764
1.02654
1.04079
1.08357
1.02654
1.02654
0.983764
0.998021
1.02654
1.1406
1.12634
1.11208
1.22614
1.2404
1.25466
1.18337
1.18337
1.19763
1.16911
1.08357
1.02654
1.06931
1.01228
1.01228
1.02654
1.02654
1.06931
1.11208
1.09782
1.09782
0.998021
0.969506
1.04079
1.02654
1.02654
0.983764
0.955249
1.04079
1.05505
1.09782
1.08357
1.09782
1.11208
1.12634
1.05505
1.12634
1.11208
1.01228
0.940992
0.841189
0.798417
0.72713
0.812674
0.855447
0.898219
1.02654
1.04079
1.06931
1.05505
1.02654
1.09782
1.06931
1.09782
1.15485
1.12634
1.12634
1.05505
0.998021
0.998021
0.955249
0.883962
0.926734
0.940992
0.926734
0.955249
1.01228
1.01228
0.955249
0.983764
0.969506
0.926734
0.983764
0.983764
1.04079
1.01228
0.969506
1.04079
1.08357
1.1406
1.22614
1.15485
1.16911
1.26891
1.16911
1.16911
1.06931
0.983764
1.05505
1.12634
1.16911
1.19763
1.19763
1.12634
1.18337
1.09782
1.11208
1.06931
1.05505
1.1406
1.21188
1.2404
1.16911
1.06931
1.04079
0.998021
0.955249
0.940992
0.926734
1.02654
0.969506
0.940992
0.898219
0.983764
1.02654
1.05505
1.05505
1.04079
1.08357
1.1406
1.18337
1.15485
1.08357
1.02654
1.04079
1.04079
1.11208
1.11208
1.05505
0.998021
0.969506
0.883962
0.798417
0.826932
0.855447
0.898219
0.955249
0.869704
0.869704
0.869704
0.826932
0.883962
0.898219
0.898219
0.955249
0.955249
0.983764
1.06931
1.09782
1.12634
1.12634
1.19763
1.1406
1.15485
1.04079
1.01228
1.05505
0.969506
1.08357
1.02654
1.08357
1.09782
1.18337
1.19763
1.2404
1.29743
1.28317
1.3402
1.32594
1.3402
1.25466
1.22614
1.21188
1.21188
1.16911
1.11208
1.18337
1.15485
1.11208
1.02654
0.969506
0.940992
0.969506
1.08357
1.02654
1.05505
1.11208
1.11208
1.05505
1.05505
0.898219
0.869704
0.869704
0.855447
0.798417
0.78416
0.812674
0.798417
0.769902
0.741387
0.684357
0.712872
0.684357
0.869704
0.955249
0.940992
0.926734
0.926734
0.912477
0.955249
0.883962
0.898219
0.898219
0.898219
0.969506
0.898219
0.912477
0.955249
0.969506
0.940992
0.940992
0.940992
0.926734
0.955249
0.969506
0.998021
0.998021
0.983764
0.983764
0.969506
0.969506
1.05505
1.09782
1.11208
1.16911
1.11208
1.12634
1.02654
0.998021
0.955249
0.983764
0.998021
0.969506
0.983764
0.955249
0.898219
0.841189
0.926734
0.998021
0.998021
1.01228
0.955249
0.940992
0.969506
0.969506
1.01228
1.1406
1.2404
1.19763
1.22614
1.15485
1.15485
1.09782
1.05505
1.06931
1.08357
1.05505
1.02654
1.06931
1.11208
1.06931
1.2404
1.31169
1.3402
1.2404
1.2404
1.22614
1.16911
1.15485
1.19763
1.12634
1.12634
1.11208
1.12634
1.08357
1.06931
1.12634
1.12634
1.08357
1.08357
1.06931
1.08357
1.06931
1.06931
1.01228
1.01228
1.04079
1.08357
1.04079
1.04079
1.05505
1.04079
1.06931
1.12634
1.12634
1.12634
1.15485
1.18337
1.09782
1.09782
1.05505
1.01228
0.983764
0.983764
0.969506
0.983764
0.998021
1.06931
0.998021
0.969506
0.898219
0.955249
1.02654
1.02654
0.969506
1.02654
1.04079
1.05505
1.06931
1.06931
1.1406
1.12634
1.16911
1.09782
1.04079
0.926734
0.883962
0.855447
0.855447
0.898219
0.969506
0.983764
1.01228
1.04079
1.02654
0.998021
0.983764
0.912477
0.940992
0.955249
0.940992
0.955249
0.983764
0.940992
0.898219
0.955249
0.983764
0.983764
0.983764
1.06931
1.08357
1.08357
1.04079
1.01228
1.11208
1.02654
1.02654
1.09782
1.08357
1.08357
1.15485
1.16911
1.11208
1.1406
1.08357
1.09782
1.15485
1.08357
1.02654
1.04079
1.01228
1.05505
1.04079
1.05505
1.12634
1.15485
1.01228
0.855447
0.769902
0.712872
0.798417
0.798417
0.883962
0.926734
0.926734
0.969506
0.983764
0.983764
0.969506
0.869704
0.869704
0.926734
0.940992
0.926734
0.926734
0.955249
1.04079
1.01228
1.01228
1.05505
1.08357
1.1406
1.15485
1.12634
1.08357
1.06931
1.05505
1.05505
1.05505
1.04079
1.05505
1.01228
1.08357
1.05505
1.04079
1.1406
1.12634
1.09782
1.05505
1.12634
1.09782
1.06931
1.01228
1.04079
1.06931
0.983764
0.955249
0.940992
0.912477
0.869704
0.926734
0.983764
0.983764
0.955249
0.983764
0.969506
1.01228
1.06931
1.01228
1.01228
0.955249
0.940992
0.898219
0.940992
0.940992
0.898219
0.969506
0.926734
0.969506
0.998021
1.01228
1.02654
1.12634
1.08357
1.04079
1.01228
1.04079
1.02654
1.04079
1.05505
1.08357
1.09782
1.05505
1.04079
0.998021
0.955249
0.940992
0.926734
0.940992
0.940992
0.926734
0.940992
0.969506
0.912477
0.998021
1.05505
1.04079
1.01228
1.06931
1.08357
1.08357
0.969506
0.969506
0.940992
0.883962
0.812674
0.812674
0.812674
0.855447
0.940992
1.04079
1.09782
1.05505
1.09782
1.04079
0.969506
0.955249
0.955249
0.898219
0.841189
0.898219
0.883962
0.841189
0.912477
0.826932
0.898219
0.926734
0.955249
0.998021
0.998021
1.04079
1.09782
1.08357
0.955249
1.04079
1.11208
1.16911
1.12634
1.1406
1.12634
1.11208
1.01228
1.04079
1.02654
0.983764
1.09782
1.05505
1.09782
1.18337
1.11208
1.19763
1.15485
1.04079
1.01228
0.998021
1.05505
0.998021
0.983764
1.01228
1.08357
1.12634
1.05505
0.998021
0.998021
0.940992
0.869704
0.869704
0.869704
0.898219
0.912477
0.912477
0.969506
0.983764
0.841189
0.898219
0.926734
0.940992
0.998021
0.998021
0.898219
0.969506
0.940992
0.998021
0.955249
0.912477
0.955249
0.912477
0.883962
0.883962
0.826932
0.812674
0.826932
0.912477
0.841189
0.883962
0.898219
0.898219
0.855447
0.855447
0.940992
0.983764
0.969506
0.969506
0.926734
0.883962
0.883962
0.926734
0.912477
0.898219
0.898219
0.955249
0.998021
1.04079
1.06931
1.04079
1.02654
0.998021
0.898219
0.983764
0.926734
0.940992
0.855447
0.912477
0.926734
0.898219
0.826932
0.869704
0.912477
0.898219
0.926734
0.855447
0.869704
0.926734
1.05505
1.04079
1.09782
1.04079
1.02654
0.869704
0.78416
0.712872
0.655843
0.72713
0.741387
0.755645
0.769902
0.883962
0.983764
0.969506
0.926734
0.940992
0.926734
0.940992
0.883962
0.926734
0.912477
0.912477
0.912477
0.940992
0.998021
0.940992
0.998021
0.969506
0.983764
0.912477
0.926734
0.898219
0.969506
0.940992
0.883962
0.926734
0.998021
0.926734
0.969506
1.05505
1.01228
1.05505
1.06931
0.998021
0.969506
0.969506
0.940992
1.02654
1.02654
0.955249
0.983764
0.998021
0.998021
0.883962
0.940992
0.940992
0.983764
1.04079
1.02654
0.926734
1.05505
1.09782
1.12634
1.05505
1.01228
0.940992
0.912477
0.912477
0.883962
0.940992
0.955249
0.898219
0.798417
0.78416
0.826932
0.841189
0.855447
0.826932
0.841189
0.855447
0.78416
0.78416
0.826932
0.841189
0.940992
0.926734
0.983764
0.926734
0.983764
0.998021
0.969506
0.940992
0.955249
1.01228
1.09782
1.05505
1.05505
1.06931
1.01228
1.01228
1.01228
1.02654
1.01228
1.04079
0.969506
0.969506
0.969506
0.969506
0.926734
0.898219
0.898219
0.926734
0.898219
0.912477
0.912477
0.912477
0.912477
0.983764
1.04079
0.955249
0.955249
0.855447
0.855447
0.869704
0.926734
0.955249
0.912477
0.926734
0.912477
0.940992
0.883962
0.855447
0.898219
0.912477
0.955249
0.998021
0.912477
0.940992
1.01228
0.998021
1.04079
1.05505
1.1406
1.19763
1.22614
1.28317
1.15485
1.12634
1.16911
1.19763
1.16911
1.16911
0.912477
0.869704
0.869704
0.869704
0.883962
0.940992
0.940992
1.04079
1.05505
1.08357
1.04079
0.998021
0.912477
0.926734
0.898219
0.912477
0.898219
0.912477
0.926734
0.955249
0.969506
0.883962
0.826932
0.855447
0.869704
0.940992
0.955249
1.01228
1.04079
1.04079
0.983764
0.940992
1.05505
1.02654
1.04079
0.998021
0.983764
0.998021
0.926734
0.912477
0.912477
0.983764
1.02654
0.940992
0.926734
0.898219
0.883962
1.02654
0.983764
0.983764
0.969506
1.01228
1.02654
1.05505
1.12634
1.11208
1.19763
1.29743
1.29743
1.39723
1.42574
1.28317
1.25466
1.26891
1.35446
1.3402
1.3402
1.28317
1.36871
1.29743
1.25466
1.09782
1.15485
1.1406
1.19763
1.1406
1.09782
1.15485
1.15485
1.12634
1.11208
1.09782
1.11208
1.05505
1.05505
0.998021
1.02654
0.969506
1.02654
1.04079
1.06931
1.1406
1.11208
1.06931
1.09782
1.1406
1.22614
1.2404
1.19763
1.26891
1.35446
1.3402
1.29743
1.32594
1.35446
1.29743
1.28317
1.25466
1.31169
1.26891
1.18337
1.2404
1.18337
1.16911
1.06931
1.05505
1.02654
1.08357
1.04079
1.04079
0.998021
0.998021
1.02654
1.04079
0.983764
0.940992
0.983764
1.02654
1.04079
1.01228
1.04079
1.01228
1.01228
0.955249
1.01228
0.969506
0.912477
0.898219
0.869704
0.855447
0.841189
0.912477
0.912477
0.940992
0.912477
0.855447
0.855447
0.898219
0.883962
0.869704
0.883962
0.912477
0.898219
0.869704
0.898219
1.02654
1.01228
1.01228
0.940992
0.940992
0.841189
0.869704
0.883962
0.869704
0.912477
0.983764
0.940992
1.05505
1.08357
1.04079
1.08357
1.15485
1.11208
1.06931
0.955249
0.955249
0.955249
0.926734
0.955249
0.926734
0.998021
1.06931
1.18337
1.15485
1.1406
1.11208
1.05505
1.02654
1.06931
1.05505
1.12634
1.11208
1.09782
1.16911
1.09782
1.12634
1.11208
1.05505
0.998021
0.926734
0.926734
0.969506
0.983764
0.983764
0.998021
1.06931
1.05505
1.06931
1.02654
0.926734
0.926734
1.01228
0.983764
0.898219
0.926734
0.912477
0.898219
0.940992
0.912477
0.883962
0.898219
0.969506
0.940992
0.969506
0.998021
0.998021
0.983764
1.04079
1.01228
1.12634
1.1406
1.18337
1.19763
1.11208
1.04079
1.02654
1.08357
1.02654
0.983764
0.883962
0.841189
0.926734
0.998021
1.01228
1.08357
1.05505
1.04079
1.12634
1.08357
1.12634
1.1406
1.09782
1.11208
1.16911
1.19763
1.1406
1.12634
1.19763
