0.91856
0.91856
0.880286
0.880286
0.829255
0.905802
0.905802
0.842013
0.829255
0.854771
0.867529
0.905802
0.880286
0.982349
0.931318
0.956833
0.956833
0.867529
0.829255
0.854771
0.816498
0.739951
0.765466
0.790982
0.816498
0.842013
0.893044
0.893044
0.905802
0.905802
0.969591
1.03338
1.00786
0.944075
0.956833
0.905802
0.91856
0.790982
0.68892
0.739951
0.701678
0.752709
0.727193
0.765466
0.816498
0.842013
0.905802
0.880286
0.854771
0.905802
0.982349
0.995106
0.944075
0.944075
0.956833
0.931318
0.995106
1.00786
1.00786
1.0589
1.02062
0.931318
0.867529
0.91856
0.91856
0.956833
0.982349
0.995106
0.969591
1.07165
1.08441
1.09717
1.21199
1.19923
1.16096
1.1482
1.16096
1.04614
0.91856
0.944075
0.867529
0.829255
0.829255
0.816498
0.80374
0.752709
0.790982
0.956833
0.931318
1.02062
1.03338
0.995106
1.0589
1.08441
1.09717
1.02062
1.0589
0.969591
0.91856
0.956833
1.03338
1.04614
1.02062
0.944075
0.905802
0.931318
0.854771
0.867529
0.91856
0.944075
0.956833
0.931318
0.905802
0.905802
0.905802
0.91856
0.893044
0.880286
0.854771
0.854771
0.842013
0.867529
0.842013
0.80374
0.854771
0.91856
0.880286
0.880286
0.905802
0.944075
0.969591
1.08441
1.03338
1.08441
1.1482
1.12268
1.10993
1.10993
1.03338
1.02062
1.00786
1.0589
1.03338
1.00786
1.09717
1.03338
1.07165
1.02062
1.00786
1.02062
1.03338
1.00786
0.969591
0.91856
0.969591
1.03338
1.02062
1.10993
1.13544
1.13544
1.08441
1.0589
1.04614
0.969591
0.956833
0.982349
0.982349
0.969591
0.931318
0.867529
0.893044
0.842013
0.816498
0.80374
0.765466
0.816498
0.880286
0.893044
0.905802
0.893044
0.91856
0.91856
0.854771
0.854771
0.867529
0.829255
0.842013
0.80374
0.727193
0.727193
0.765466
0.739951
0.790982
0.829255
0.880286
0.854771
0.854771
0.790982
0.816498
0.880286
0.854771
0.893044
0.931318
0.905802
0.893044
0.905802
0.893044
0.905802
0.854771
0.931318
0.854771
0.880286
0.867529
0.91856
0.956833
1.00786
1.08441
1.08441
1.00786
0.944075
0.880286
0.867529
0.842013
0.893044
0.982349
0.982349
0.982349
1.02062
1.00786
0.969591
0.956833
1.00786
1.00786
0.995106
1.04614
1.04614
1.07165
1.08441
1.0589
1.00786
0.982349
0.880286
0.905802
0.91856
0.905802
0.893044
0.905802
0.893044
0.893044
1.02062
1.03338
1.08441
1.0589
1.04614
0.931318
1.02062
1.03338
1.04614
1.00786
1.00786
1.04614
1.00786
0.969591
0.956833
0.931318
0.905802
0.893044
0.956833
0.956833
0.931318
0.969591
0.995106
0.995106
0.982349
1.02062
0.995106
1.02062
1.07165
1.0589
1.00786
1.03338
0.956833
0.969591
0.944075
0.893044
0.893044
0.931318
0.842013
0.790982
0.765466
0.842013
0.829255
0.867529
0.816498
0.854771
0.880286
0.842013
0.867529
0.854771
0.91856
0.944075
0.931318
0.931318
0.905802
0.893044
0.893044
0.829255
0.829255
0.790982
0.80374
0.80374
0.80374
0.80374
0.854771
0.854771
0.816498
0.80374
0.765466
0.701678
0.663404
0.650646
0.676162
0.739951
0.752709
0.778224
0.739951
0.676162
0.68892
0.676162
0.676162
0.637889
0.625131
0.68892
0.637889
0.714435
0.816498
0.854771
0.893044
0.944075
0.944075
0.91856
0.944075
1.0589
1.0589
1.0589
1.07165
1.0589
0.995106
0.944075
0.956833
0.969591
0.931318
0.91856
0.91856
0.956833
0.931318
0.880286
0.829255
0.842013
0.816498
0.867529
0.956833
0.931318
0.956833
0.944075
1.02062
1.00786
0.969591
0.905802
0.956833
0.91856
0.893044
0.91856
0.956833
1.07165
1.07165
1.07165
0.982349
1.03338
1.02062
1.00786
1.0589
1.12268
1.07165
1.13544
1.10993
1.03338
0.982349
0.854771
0.893044
0.829255
0.842013
0.867529
0.931318
0.995106
1.03338
1.08441
1.08441
1.16096
1.16096
1.09717
1.0589
1.03338
1.04614
1.09717
1.12268
1.12268
1.17372
1.18647
1.12268
1.09717
1.09717
1.12268
1.17372
1.10993
1.00786
0.956833
0.982349
0.956833
0.91856
0.944075
0.995106
1.00786
0.982349
0.944075
0.969591
0.944075
0.893044
0.893044
0.91856
0.982349
0.956833
0.893044
0.91856
0.931318
0.969591
0.931318
1.03338
1.03338
1.08441
1.17372
1.22475
1.22475
1.17372
1.0589
0.969591
1.03338
1.04614
1.07165
1.12268
1.12268
1.09717
1.08441
1.07165
1.07165
1.08441
1.08441
1.16096
1.12268
1.09717
1.02062
1.00786
1.07165
1.07165
1.0589
1.02062
0.995106
0.982349
1.04614
1.02062
0.995106
1.00786
1.00786
1.00786
1.00786
0.995106
0.969591
0.982349
0.944075
0.956833
0.969591
1.07165
1.0589
1.0589
1.13544
1.17372
1.1482
1.0589
1.02062
1.0589
0.982349
0.91856
0.80374
0.765466
0.778224
0.790982
0.778224
0.842013
0.905802
0.880286
0.778224
0.765466
0.739951
0.765466
0.778224
0.778224
0.80374
0.816498
0.91856
0.91856
0.880286
0.816498
0.80374
0.765466
0.739951
0.739951
0.714435
0.739951
0.778224
0.778224
0.80374
0.842013
0.893044
0.931318
0.854771
0.842013
0.842013
0.91856
0.931318
0.880286
0.80374
0.727193
0.816498
0.790982
0.80374
0.778224
0.714435
0.765466
0.752709
0.752709
0.829255
0.816498
0.842013
0.893044
0.91856
0.995106
0.995106
1.02062
1.04614
1.02062
1.07165
0.969591
0.931318
0.931318
0.880286
0.944075
0.995106
0.969591
0.956833
1.02062
1.04614
1.02062
0.982349
0.944075
0.944075
0.944075
0.995106
0.956833
0.91856
0.982349
1.00786
1.02062
1.0589
1.07165
0.969591
0.931318
0.982349
0.995106
0.944075
1.02062
0.956833
1.02062
1.02062
1.00786
0.982349
0.944075
0.91856
1.00786
0.956833
0.931318
0.944075
0.880286
0.944075
0.905802
0.829255
0.893044
0.931318
1.02062
1.03338
0.956833
0.995106
0.982349
0.944075
0.931318
0.969591
0.982349
1.00786
0.944075
0.91856
0.982349
0.867529
0.842013
0.867529
0.829255
0.829255
0.816498
0.752709
0.727193
0.765466
0.752709
0.714435
0.714435
0.727193
0.765466
0.752709
0.765466
0.80374
0.829255
0.80374
0.905802
0.995106
1.02062
0.995106
1.04614
1.13544
1.16096
1.09717
1.08441
1.07165
1.19923
1.1482
1.0589
1.07165
1.04614
1.12268
1.0589
0.982349
0.982349
1.00786
0.944075
0.893044
0.893044
0.880286
0.905802
0.91856
0.956833
1.02062
1.03338
0.995106
0.982349
0.931318
0.880286
0.880286
0.905802
0.969591
1.00786
1.00786
0.995106
0.905802
0.867529
0.778224
0.739951
0.752709
0.790982
0.829255
0.905802
0.944075
0.931318
0.893044
0.931318
0.854771
0.829255
0.80374
0.790982
0.829255
0.829255
0.778224
0.80374
0.829255
0.905802
0.905802
1.03338
1.08441
1.04614
0.982349
1.07165
1.07165
1.04614
1.04614
1.04614
1.02062
0.995106
0.956833
0.956833
0.91856
0.944075
0.982349
0.956833
1.00786
0.995106
0.995106
1.02062
0.956833
0.969591
0.931318
0.969591
0.982349
0.956833
0.969591
0.982349
0.944075
0.944075
0.905802
0.91856
0.944075
0.969591
1.02062
1.07165
1.04614
0.995106
0.995106
0.969591
0.944075
0.944075
0.931318
0.893044
0.867529
0.867529
0.91856
0.867529
0.867529
0.714435
0.765466
0.752709
0.752709
0.867529
0.880286
0.982349
1.03338
1.12268
1.12268
1.10993
1.10993
1.08441
1.0589
0.956833
0.982349
1.08441
1.16096
1.12268
1.08441
1.04614
1.07165
1.04614
0.982349
0.995106
0.893044
0.816498
0.778224
0.816498
0.880286
0.867529
0.956833
0.995106
0.969591
0.905802
0.867529
0.842013
0.854771
0.790982
0.765466
0.790982
0.842013
0.816498
0.778224
0.829255
0.893044
0.91856
0.944075
0.982349
0.995106
1.04614
1.0589
1.09717
1.07165
1.09717
1.00786
0.944075
0.956833
0.91856
0.91856
0.905802
0.956833
0.91856
0.931318
0.956833
0.995106
1.0589
1.07165
1.10993
1.10993
1.12268
1.1482
1.22475
1.18647
1.03338
0.995106
0.995106
0.982349
1.00786
1.04614
1.07165
1.02062
1.08441
1.07165
1.12268
1.12268
1.07165
1.03338
1.09717
1.02062
1.0589
1.00786
1.12268
1.13544
1.10993
1.12268
1.13544
1.13544
1.10993
1.1482
1.09717
1.22475
1.25026
1.21199
1.21199
1.21199
1.13544
1.08441
1.0589
1.00786
1.03338
1.00786
0.982349
0.969591
1.08441
1.12268
1.13544
1.16096
1.10993
1.08441
1.04614
1.04614
1.07165
1.00786
1.02062
1.13544
1.10993
1.10993
1.07165
1.04614
1.02062
1.03338
1.12268
1.17372
1.08441
1.13544
1.13544
1.07165
0.982349
0.905802
0.982349
0.931318
0.944075
1.02062
1.00786
1.02062
1.02062
1.08441
1.00786
0.944075
0.956833
0.905802
0.931318
0.867529
0.765466
0.790982
0.778224
0.790982
0.829255
0.867529
0.854771
0.842013
0.854771
0.880286
0.905802
0.931318
0.982349
0.931318
0.893044
0.91856
0.893044
0.944075
1.00786
0.995106
0.995106
1.02062
1.07165
1.04614
1.04614
1.02062
1.00786
0.969591
0.956833
1.02062
1.13544
1.13544
1.0589
1.10993
1.10993
1.12268
1.10993
1.10993
1.09717
1.18647
1.1482
1.09717
1.02062
0.982349
1.00786
1.04614
1.00786
1.00786
0.956833
1.02062
0.969591
1.00786
0.956833
0.956833
0.982349
0.944075
0.91856
0.91856
0.982349
0.944075
0.91856
0.91856
0.91856
0.944075
0.982349
0.944075
0.956833
0.931318
0.931318
0.956833
1.00786
1.02062
1.07165
1.07165
0.982349
1.04614
0.995106
1.00786
1.0589
1.07165
1.0589
1.0589
1.03338
1.09717
1.07165
1.07165
1.12268
0.995106
0.880286
0.893044
0.829255
0.829255
0.80374
0.727193
0.739951
0.752709
0.778224
0.893044
0.905802
0.969591
0.956833
0.956833
0.995106
0.995106
0.956833
0.956833
0.982349
1.00786
1.02062
0.931318
0.91856
0.893044
0.854771
0.969591
0.944075
0.982349
0.91856
1.03338
1.04614
1.08441
1.04614
1.00786
0.969591
0.944075
1.04614
1.00786
1.04614
1.08441
1.09717
1.08441
1.02062
1.04614
1.0589
0.995106
1.04614
1.07165
1.00786
1.02062
0.956833
0.956833
0.829255
0.816498
0.880286
0.842013
0.893044
0.880286
0.893044
0.931318
0.956833
1.02062
1.02062
0.944075
0.982349
0.91856
0.880286
0.80374
0.778224
0.842013
0.905802
0.91856
0.956833
1.02062
1.03338
0.969591
0.995106
0.91856
0.956833
0.905802
0.969591
0.969591
0.944075
1.03338
0.969591
0.982349
1.02062
0.91856
0.956833
0.905802
0.842013
0.816498
0.842013
0.969591
1.07165
1.04614
0.982349
0.982349
1.02062
0.969591
0.982349
1.0589
1.16096
1.19923
1.18647
1.10993
1.10993
1.02062
1.00786
1.02062
1.0589
1.09717
1.16096
1.09717
1.19923
1.13544
1.13544
1.07165
1.0589
0.995106
1.07165
1.04614
1.10993
1.03338
0.995106
0.995106
1.03338
1.04614
1.0589
1.0589
1.12268
1.21199
1.19923
1.2375
1.13544
1.1482
1.18647
1.22475
1.27578
1.25026
1.19923
1.17372
1.2375
1.32681
1.28854
1.21199
1.17372
1.10993
1.1482
1.1482
1.19923
1.16096
1.12268
1.07165
0.931318
0.842013
0.829255
0.893044
0.931318
0.880286
0.969591
0.91856
0.956833
0.944075
0.829255
0.80374
0.80374
0.816498
0.790982
0.778224
0.816498
0.842013
0.880286
0.854771
0.905802
0.995106
1.00786
1.04614
1.04614
1.09717
1.0589
1.07165
1.08441
1.08441
1.02062
0.969591
0.944075
0.969591
0.893044
0.854771
0.778224
0.842013
0.790982
0.854771
0.829255
0.816498
0.944075
0.842013
0.91856
0.905802
1.04614
1.04614
1.0589
1.0589
1.0589
1.0589
1.02062
1.03338
0.995106
0.944075
0.969591
0.969591
1.03338
0.995106
0.995106
1.02062
1.04614
1.04614
1.03338
1.0589
0.995106
0.931318
0.91856
1.00786
0.982349
1.03338
1.04614
1.02062
1.0589
1.00786
0.969591
0.893044
0.80374
0.854771
0.905802
0.944075
0.905802
0.893044
0.867529
0.91856
0.905802
0.91856
0.956833
0.893044
0.905802
0.931318
0.931318
0.880286
0.956833
0.995106
0.982349
0.854771
0.842013
0.893044
0.893044
0.91856
0.880286
0.893044
0.867529
0.880286
0.842013
0.829255
0.816498
0.727193
0.816498
0.867529
0.905802
0.931318
0.982349
0.956833
0.956833
0.893044
0.905802
0.944075
0.931318
0.931318
0.790982
0.778224
0.842013
0.816498
0.842013
0.854771
0.867529
0.829255
0.880286
0.80374
0.80374
0.842013
0.893044
0.893044
0.905802
0.982349
1.04614
1.02062
1.0589
1.00786
0.969591
0.944075
0.842013
0.854771
0.842013
0.829255
0.790982
0.790982
0.80374
0.893044
0.969591
0.995106
0.982349
1.03338
0.995106
1.00786
1.00786
0.944075
0.944075
0.956833
0.931318
0.931318
0.893044
0.842013
0.854771
0.816498
0.854771
0.842013
0.842013
0.816498
0.854771
0.956833
0.995106
1.07165
1.13544
1.25026
1.21199
1.12268
1.13544
1.13544
1.04614
1.03338
1.0589
1.03338
1.03338
1.12268
1.18647
1.12268
1.10993
1.13544
1.03338
0.995106
1.03338
1.03338
1.03338
1.0589
0.982349
1.00786
0.982349
0.995106
1.00786
0.995106
0.995106
0.944075
0.956833
1.00786
0.944075
0.931318
0.91856
0.956833
1.00786
0.944075
0.956833
1.03338
1.08441
1.13544
1.1482
1.0589
1.02062
1.02062
1.03338
0.956833
0.956833
1.00786
0.982349
0.91856
0.893044
0.880286
0.816498
0.854771
0.905802
0.867529
0.893044
0.944075
0.931318
0.905802
0.91856
0.893044
0.91856
0.956833
0.944075
0.905802
0.893044
0.867529
0.931318
0.956833
0.931318
0.969591
0.969591
0.969591
0.91856
0.944075
0.969591
1.04614
1.09717
1.07165
1.07165
0.995106
1.03338
0.969591
0.880286
0.880286
0.91856
0.91856
0.944075
0.956833
0.893044
0.867529
0.893044
0.880286
0.893044
0.893044
0.91856
0.956833
0.880286
0.91856
0.969591
0.956833
0.893044
0.80374
0.816498
0.867529
0.880286
0.880286
0.931318
0.944075
0.995106
1.04614
0.956833
0.931318
0.969591
0.91856
0.969591
0.91856
0.842013
0.842013
0.842013
0.880286
0.880286
0.842013
0.80374
0.867529
0.893044
0.880286
0.931318
0.944075
0.931318
0.829255
0.829255
0.867529
0.829255
0.765466
0.816498
0.944075
0.931318
0.982349
1.0589
1.03338
1.07165
1.1482
1.0589
1.07165
1.00786
0.969591
0.956833
1.02062
1.04614
1.02062
1.04614
0.956833
0.982349
1.03338
0.982349
0.956833
0.944075
0.982349
0.944075
0.931318
0.91856
0.982349
0.931318
1.00786
0.944075
0.995106
1.02062
1.09717
1.07165
1.07165
1.04614
1.12268
1.12268
1.09717
1.1482
1.19923
1.18647
1.22475
1.19923
1.25026
1.22475
1.2375
1.27578
1.22475
1.2375
1.17372
1.17372
1.17372
1.1482
1.08441
1.04614
1.08441
1.08441
1.08441
1.0589
1.04614
1.04614
1.04614
1.04614
1.00786
1.00786
0.969591
1.03338
1.00786
1.08441
1.12268
1.13544
1.10993
1.07165
0.995106
1.0589
1.04614
1.07165
1.02062
0.931318
0.905802
0.905802
0.91856
0.893044
0.956833
0.982349
0.893044
0.995106
1.0589
0.995106
0.944075
0.982349
0.982349
0.969591
0.995106
0.969591
0.931318
0.956833
0.91856
0.91856
0.969591
0.944075
0.969591
0.867529
0.905802
0.944075
0.91856
1.00786
0.995106
1.03338
1.03338
0.956833
0.944075
0.931318
0.944075
0.944075
0.91856
0.956833
0.905802
0.956833
0.944075
0.931318
0.956833
0.931318
0.91856
0.880286
0.905802
0.931318
0.91856
0.931318
0.931318
1.00786
1.10993
1.03338
1.04614
1.10993
1.08441
1.07165
1.07165
1.08441
1.17372
1.18647
1.16096
1.16096
1.1482
1.1482
1.17372
1.0589
1.10993
1.12268
1.13544
1.18647
1.19923
1.17372
0.982349
1.0589
1.10993
1.13544
1.16096
1.1482
1.0589
1.08441
1.00786
1.00786
1.09717
1.17372
1.22475
1.25026
1.27578
1.28854
1.31405
1.30129
1.22475
1.26302
1.17372
1.18647
1.13544
1.19923
1.2375
1.12268
1.09717
1.0589
1.04614
1.08441
1.02062
1.0589
1.07165
1.07165
1.10993
1.12268
1.16096
1.1482
1.19923
1.22475
1.17372
1.10993
1.09717
1.04614
1.16096
1.22475
1.16096
1.1482
1.09717
1.07165
1.10993
1.17372
1.17372
1.19923
1.12268
1.10993
1.02062
1.04614
1.03338
0.982349
0.982349
1.09717
1.08441
1.09717
1.13544
1.1482
1.13544
1.09717
1.12268
1.19923
1.16096
1.10993
1.08441
1.02062
1.02062
0.982349
1.02062
1.02062
1.10993
1.16096
1.13544
1.12268
1.12268
1.0589
1.04614
1.02062
1.07165
1.03338
1.02062
0.969591
1.00786
1.03338
1.03338
1.00786
0.931318
0.931318
0.995106
1.04614
1.1482
1.13544
1.13544
1.17372
1.09717
1.16096
1.16096
1.18647
1.17372
1.10993
1.1482
1.04614
1.08441
1.10993
1.00786
1.04614
1.0589
0.995106
0.995106
0.982349
1.00786
0.995106
1.02062
1.03338
0.905802
0.829255
0.778224
0.752709
0.765466
0.778224
0.739951
0.752709
0.829255
0.739951
0.790982
0.880286
0.893044
0.854771
0.931318
0.905802
0.944075
0.969591
0.982349
0.91856
0.969591
0.880286
0.880286
0.867529
0.842013
0.867529
0.956833
0.995106
0.982349
1.02062
1.02062
0.995106
0.956833
0.931318
0.854771
0.842013
0.80374
0.80374
0.854771
0.91856
0.905802
0.944075
1.00786
0.995106
1.03338
0.982349
1.03338
1.0589
1.00786
0.995106
0.905802
1.02062
1.12268
1.22475
1.22475
1.19923
1.22475
1.22475
1.21199
1.07165
1.0589
0.995106
1.00786
1.0589
1.0589
1.03338
0.995106
0.944075
0.995106
0.982349
0.956833
0.969591
0.995106
1.07165
1.04614
1.04614
1.04614
1.04614
0.995106
1.07165
1.08441
1.09717
1.07165
1.12268
1.19923
1.17372
1.1482
1.12268
1.17372
1.17372
1.08441
1.0589
1.03338
1.04614
1.02062
1.02062
1.04614
0.995106
1.02062
0.956833
1.02062
1.03338
1.07165
1.03338
1.00786
1.00786
0.944075
0.956833
0.982349
0.982349
0.956833
0.982349
0.956833
0.995106
0.995106
1.04614
0.982349
0.956833
0.982349
1.0589
1.04614
1.07165
1.10993
1.26302
1.26302
1.26302
1.2375
1.25026
1.10993
1.0589
1.04614
0.982349
0.944075
0.931318
0.91856
1.04614
1.0589
1.03338
1.04614
1.07165
1.10993
1.02062
1.03338
1.1482
1.10993
1.10993
1.03338
1.09717
1.08441
1.08441
1.10993
1.07165
0.982349
0.982349
1.07165
1.00786
0.91856
1.02062
1.10993
1.09717
1.07165
1.03338
1.00786
0.969591
0.982349
0.944075
0.931318
0.91856
0.854771
0.842013
0.854771
0.893044
0.91856
1.02062
1.03338
1.07165
1.08441
1.08441
1.1482
1.10993
1.00786
0.956833
1.02062
1.03338
0.969591
0.969591
0.982349
1.03338
1.04614
1.00786
0.995106
0.905802
1.00786
1.04614
1.04614
0.995106
0.969591
0.995106
0.944075
0.905802
0.905802
0.893044
0.867529
0.931318
0.91856
0.880286
0.867529
0.80374
0.829255
0.854771
0.867529
0.931318
0.905802
0.867529
0.829255
0.880286
0.969591
0.982349
0.969591
1.02062
1.12268
1.08441
1.07165
1.03338
1.02062
0.944075
0.905802
0.91856
0.956833
0.995106
0.995106
0.982349
0.893044
0.880286
0.91856
0.931318
0.944075
0.931318
0.982349
0.995106
0.969591
0.944075
0.880286
0.842013
0.842013
0.893044
0.854771
0.969591
1.00786
1.03338
1.12268
1.03338
0.982349
0.956833
0.982349
0.982349
1.04614
1.03338
1.03338
1.04614
0.995106
0.91856
0.893044
0.842013
0.842013
0.778224
0.816498
0.829255
0.880286
0.931318
0.969591
0.944075
0.91856
0.854771
0.944075
1.00786
0.931318
0.880286
0.854771
0.790982
0.816498
0.854771
0.931318
0.905802
0.893044
0.982349
0.982349
0.969591
0.982349
0.982349
0.995106
0.956833
0.995106
0.905802
0.995106
1.02062
1.07165
1.08441
1.12268
1.07165
1.03338
0.995106
0.905802
0.880286
0.867529
0.842013
0.905802
0.931318
0.956833
1.0589
1.0589
1.08441
1.10993
0.982349
1.02062
1.09717
1.0589
0.969591
1.02062
1.07165
1.08441
1.07165
1.08441
1.19923
1.21199
1.12268
1.03338
0.995106
0.982349
1.02062
1.02062
1.04614
