1.00664
0.992052
0.977463
0.87534
0.904518
0.948285
0.962874
0.933696
1.00664
1.07959
1.13794
1.18171
1.15253
1.12335
1.13794
1.13794
1.15253
1.10876
1.07959
1.065
1.065
1.13794
1.13794
1.18171
1.12335
1.12335
1.00664
1.02123
0.962874
0.860751
0.904518
0.919107
0.846162
0.919107
0.933696
1.03582
1.02123
0.992052
0.933696
0.860751
0.802395
0.889929
0.977463
0.992052
1.10876
1.12335
1.12335
1.15253
1.12335
1.13794
1.10876
1.065
1.065
1.02123
1.02123
0.919107
0.962874
0.977463
0.962874
0.919107
0.904518
0.904518
0.948285
0.948285
0.948285
0.948285
0.962874
0.87534
0.87534
0.948285
0.889929
0.919107
0.919107
0.919107
0.977463
0.846162
0.831573
0.816984
0.87534
0.919107
1.02123
0.962874
0.933696
0.846162
0.787806
0.773217
0.787806
0.773217
0.773217
0.787806
0.816984
0.860751
0.816984
0.816984
0.860751
0.816984
0.846162
0.787806
0.802395
0.773217
0.87534
0.860751
0.87534
0.860751
0.933696
0.889929
0.889929
0.919107
1.09418
1.09418
1.12335
1.10876
1.07959
1.09418
1.15253
1.21089
1.1963
1.16712
1.10876
1.065
1.065
1.07959
1.07959
1.065
1.02123
1.02123
0.977463
0.948285
0.87534
0.904518
0.933696
0.860751
0.860751
0.87534
0.816984
0.802395
0.831573
0.787806
0.816984
0.831573
0.802395
0.816984
0.962874
0.992052
0.992052
0.992052
0.904518
0.962874
1.00664
0.977463
0.933696
0.933696
0.962874
0.962874
0.904518
0.933696
0.889929
0.889929
0.860751
0.831573
0.773217
0.787806
0.846162
0.919107
0.904518
0.860751
0.919107
0.846162
0.919107
0.933696
0.933696
1.05041
1.03582
1.00664
0.962874
0.977463
0.846162
0.860751
0.889929
0.962874
0.992052
1.02123
1.00664
0.962874
1.02123
1.00664
0.992052
0.933696
0.889929
0.846162
0.904518
0.919107
0.948285
0.948285
1.02123
0.992052
0.992052
0.977463
1.065
1.065
1.07959
1.16712
1.18171
1.16712
1.18171
1.16712
1.1963
1.16712
1.22548
1.24007
1.1963
1.16712
1.00664
0.992052
0.904518
0.889929
0.87534
0.87534
0.846162
0.831573
0.816984
0.846162
0.831573
0.714861
0.714861
0.656505
0.72945
0.831573
0.831573
0.816984
0.904518
0.919107
0.831573
0.816984
0.787806
0.816984
0.846162
0.802395
0.860751
0.831573
0.87534
0.787806
0.860751
0.846162
0.831573
0.87534
0.933696
0.889929
0.87534
0.860751
0.846162
0.919107
0.933696
0.948285
0.948285
0.977463
0.948285
0.919107
0.919107
0.846162
0.948285
0.933696
0.977463
0.977463
1.00664
0.992052
1.02123
1.03582
1.03582
0.948285
0.933696
0.846162
0.933696
0.948285
0.948285
0.919107
0.962874
0.977463
1.02123
1.03582
1.07959
1.10876
1.10876
1.09418
1.065
1.02123
1.065
0.977463
1.07959
1.02123
0.977463
0.992052
1.03582
1.00664
1.05041
1.07959
1.10876
1.07959
1.07959
0.992052
0.904518
0.962874
1.03582
0.992052
1.00664
1.02123
0.992052
1.02123
1.02123
1.07959
0.977463
1.00664
1.065
1.00664
1.05041
1.03582
1.065
1.065
0.977463
0.948285
0.948285
0.992052
1.065
1.00664
0.904518
0.860751
0.977463
0.889929
0.933696
0.904518
0.919107
0.87534
0.919107
0.904518
1.00664
1.00664
1.00664
0.948285
0.919107
0.889929
0.977463
0.977463
0.948285
1.02123
1.05041
1.07959
1.065
1.00664
1.03582
1.00664
1.00664
0.977463
1.02123
1.09418
1.065
1.12335
1.10876
1.09418
0.977463
1.02123
1.02123
1.05041
0.962874
0.889929
0.889929
0.860751
0.816984
0.933696
0.977463
1.00664
1.065
1.13794
1.13794
1.13794
1.1963
1.21089
1.28383
1.29842
1.31301
1.1963
1.09418
1.09418
1.15253
1.10876
1.03582
1.10876
1.07959
1.03582
1.03582
0.962874
0.962874
1.02123
1.05041
1.02123
1.00664
1.065
1.02123
1.00664
0.992052
1.05041
1.09418
1.10876
1.15253
1.13794
1.065
1.065
1.03582
1.00664
1.00664
0.962874
0.962874
1.10876
1.065
1.03582
0.992052
0.919107
0.919107
1.03582
1.09418
1.09418
1.03582
1.02123
0.948285
0.992052
0.933696
1.00664
1.10876
1.09418
1.065
1.10876
1.09418
1.13794
1.09418
1.07959
1.10876
1.065
1.02123
1.10876
1.15253
1.18171
1.21089
1.1963
1.13794
1.15253
1.1963
1.1963
1.12335
1.12335
1.065
1.13794
1.10876
1.09418
0.992052
1.05041
1.065
1.03582
1.00664
0.962874
0.962874
0.962874
0.904518
0.904518
0.904518
0.904518
0.831573
0.787806
0.933696
0.948285
0.919107
0.919107
0.933696
0.831573
0.787806
0.787806
0.831573
0.889929
0.904518
0.860751
0.802395
0.700272
0.744039
0.773217
0.72945
0.773217
0.787806
0.773217
0.802395
0.846162
0.860751
0.802395
0.802395
0.72945
0.773217
0.802395
0.802395
0.802395
0.802395
0.904518
0.933696
0.933696
0.87534
0.889929
0.889929
0.860751
0.889929
0.802395
0.787806
0.802395
0.846162
0.758628
0.802395
0.846162
0.816984
0.889929
0.889929
0.846162
0.714861
0.685683
0.773217
0.802395
0.816984
0.758628
0.714861
0.831573
0.802395
0.831573
0.816984
0.87534
0.816984
0.816984
0.846162
0.87534
0.919107
0.889929
0.933696
0.904518
0.962874
0.933696
0.919107
1.05041
1.13794
1.12335
1.09418
1.05041
1.065
0.992052
0.962874
0.919107
0.948285
0.992052
0.962874
0.904518
0.831573
0.87534
0.962874
1.00664
0.816984
0.802395
0.787806
0.846162
0.816984
0.816984
0.816984
0.816984
0.816984
0.919107
0.87534
0.846162
0.846162
0.889929
0.904518
0.992052
0.948285
0.933696
0.933696
0.977463
0.977463
0.977463
0.962874
0.904518
0.933696
0.948285
0.904518
0.904518
0.933696
0.977463
0.933696
0.977463
0.992052
1.00664
1.03582
0.948285
0.948285
1.00664
0.948285
0.977463
0.992052
1.10876
1.065
1.02123
1.03582
1.12335
1.03582
0.904518
0.889929
0.919107
0.889929
0.904518
0.919107
0.962874
0.933696
0.904518
0.933696
0.919107
0.919107
0.977463
0.977463
0.948285
0.860751
0.889929
0.846162
0.933696
0.919107
0.933696
0.992052
0.933696
0.889929
0.889929
0.948285
0.948285
0.919107
0.889929
0.860751
0.87534
0.860751
0.87534
0.889929
0.919107
0.962874
0.933696
0.87534
0.919107
0.846162
0.758628
0.671094
0.700272
0.671094
0.671094
0.802395
0.846162
0.831573
0.831573
0.860751
0.87534
0.802395
0.831573
0.816984
0.860751
0.962874
0.919107
0.904518
0.919107
0.846162
0.904518
0.904518
0.889929
0.816984
0.787806
0.72945
0.744039
0.846162
0.831573
0.919107
0.904518
0.889929
0.889929
0.860751
0.904518
0.904518
0.904518
0.889929
0.904518
0.977463
0.904518
0.860751
0.860751
0.87534
0.948285
1.02123
1.065
1.07959
1.05041
1.02123
0.992052
0.992052
1.05041
1.065
1.07959
1.03582
0.992052
0.962874
0.933696
0.992052
0.904518
0.816984
0.816984
0.860751
0.87534
0.87534
0.87534
0.889929
0.831573
0.889929
0.919107
0.933696
0.948285
0.933696
0.962874
0.962874
1.03582
1.065
1.065
1.05041
0.948285
0.919107
0.87534
0.846162
0.948285
1.00664
0.992052
0.933696
0.933696
0.904518
0.919107
0.977463
0.948285
0.992052
0.992052
1.00664
1.00664
1.05041
1.13794
1.16712
1.10876
1.18171
1.15253
1.10876
0.992052
1.02123
0.904518
0.933696
0.816984
0.787806
0.831573
0.758628
0.816984
0.773217
0.773217
0.758628
0.816984
0.846162
0.87534
0.904518
0.933696
0.904518
0.933696
0.904518
0.87534
0.831573
0.816984
0.846162
0.831573
0.889929
0.919107
0.933696
0.977463
0.933696
0.992052
0.904518
0.860751
0.860751
0.904518
0.977463
0.919107
0.933696
0.889929
0.889929
0.889929
0.87534
0.977463
0.962874
0.904518
0.977463
0.977463
1.02123
0.992052
0.933696
0.87534
0.860751
0.889929
0.904518
0.919107
0.992052
0.933696
0.831573
0.904518
0.831573
0.787806
0.744039
0.744039
0.758628
0.889929
0.933696
1.02123
1.09418
1.09418
1.065
0.992052
0.904518
0.919107
0.933696
0.933696
0.860751
0.816984
0.773217
0.744039
0.846162
0.831573
0.846162
0.889929
0.889929
0.889929
0.889929
0.948285
1.02123
1.05041
0.977463
1.00664
0.948285
1.00664
1.02123
1.02123
1.02123
1.12335
1.10876
1.13794
1.02123
1.02123
0.904518
0.87534
0.831573
0.816984
0.87534
0.919107
0.948285
0.962874
0.962874
0.948285
0.992052
0.977463
1.00664
1.03582
1.07959
1.09418
1.09418
1.02123
0.992052
0.977463
0.948285
0.933696
0.904518
0.962874
0.933696
0.904518
0.846162
0.933696
0.977463
0.904518
1.00664
1.09418
1.07959
1.09418
1.07959
1.15253
1.1963
1.16712
1.05041
0.992052
0.948285
0.992052
0.962874
0.962874
0.977463
1.065
1.03582
1.05041
1.00664
0.962874
1.07959
0.933696
0.904518
1.05041
1.00664
1.00664
1.00664
0.977463
1.00664
1.00664
0.962874
1.02123
1.02123
1.05041
1.07959
1.00664
1.05041
1.07959
1.065
1.00664
0.992052
1.07959
1.00664
0.962874
0.977463
0.992052
1.02123
1.02123
0.992052
1.00664
1.07959
1.15253
1.24007
1.16712
1.09418
1.07959
1.065
1.05041
0.977463
1.05041
1.05041
1.05041
1.02123
0.962874
0.948285
0.889929
0.889929
0.933696
0.919107
0.904518
0.87534
0.889929
0.904518
0.962874
1.03582
0.977463
0.889929
0.87534
0.948285
0.919107
0.933696
1.00664
1.13794
1.15253
1.22548
1.15253
1.09418
1.05041
1.02123
0.977463
0.977463
0.889929
0.948285
0.962874
0.919107
0.87534
0.831573
0.816984
0.933696
1.02123
1.02123
1.15253
1.1963
1.28383
1.22548
1.22548
1.21089
1.26924
1.18171
1.15253
1.09418
1.02123
0.948285
0.962874
0.860751
0.802395
0.773217
0.787806
0.802395
0.87534
0.904518
0.962874
0.919107
0.962874
0.992052
1.07959
1.065
1.13794
1.13794
1.10876
1.065
1.02123
0.962874
0.933696
0.889929
0.948285
1.02123
1.03582
1.03582
0.992052
1.00664
0.977463
1.03582
1.03582
1.07959
1.12335
1.13794
1.07959
0.977463
0.889929
0.889929
0.919107
0.831573
0.948285
0.948285
0.933696
0.948285
1.065
1.03582
1.02123
1.05041
1.065
1.09418
1.07959
0.992052
0.992052
0.977463
0.904518
0.904518
0.933696
0.904518
0.889929
0.846162
0.846162
0.889929
0.846162
0.846162
0.773217
0.787806
0.87534
0.87534
0.889929
0.904518
0.860751
0.846162
0.846162
0.962874
1.00664
1.05041
1.15253
1.10876
1.05041
0.904518
0.72945
0.802395
0.714861
0.787806
0.787806
0.787806
0.802395
0.802395
0.758628
0.846162
0.802395
0.831573
0.860751
0.992052
1.00664
1.03582
1.05041
1.05041
0.962874
0.919107
0.87534
0.846162
0.919107
0.816984
0.904518
0.948285
0.904518
0.860751
0.860751
0.87534
0.904518
0.816984
0.860751
0.846162
0.860751
0.919107
0.992052
0.992052
1.07959
1.16712
1.24007
1.29842
1.25465
1.16712
1.24007
1.18171
1.10876
1.09418
1.07959
1.13794
1.18171
1.15253
1.12335
1.02123
1.00664
0.992052
1.02123
0.992052
1.03582
1.065
1.05041
1.065
1.065
0.962874
0.992052
1.07959
1.13794
1.15253
1.13794
1.07959
1.065
1.05041
0.977463
0.962874
0.904518
0.948285
0.962874
0.992052
0.948285
0.992052
0.948285
0.933696
0.977463
0.933696
1.02123
1.13794
1.21089
1.18171
1.12335
1.05041
1.02123
1.07959
1.05041
0.977463
0.992052
0.977463
1.00664
1.02123
0.904518
0.889929
0.904518
0.87534
0.87534
0.919107
0.860751
0.846162
0.846162
0.860751
0.977463
1.00664
1.00664
1.00664
0.992052
1.05041
1.065
1.18171
1.16712
1.13794
1.10876
1.12335
1.13794
1.13794
1.16712
1.12335
1.10876
1.065
1.07959
1.02123
1.02123
1.065
1.03582
0.992052
0.977463
1.02123
1.03582
0.977463
1.02123
1.02123
0.992052
1.05041
0.977463
1.02123
1.00664
0.992052
1.05041
1.02123
1.07959
1.07959
1.1963
1.22548
1.12335
1.09418
1.18171
1.1963
1.22548
1.15253
1.24007
1.18171
1.16712
1.16712
1.16712
1.13794
1.12335
1.12335
1.10876
1.065
1.03582
1.10876
1.05041
1.065
1.07959
1.03582
1.065
1.13794
1.10876
1.10876
1.065
1.07959
1.00664
1.02123
1.02123
1.02123
0.977463
0.977463
0.992052
0.992052
0.948285
1.00664
0.933696
0.904518
0.860751
0.948285
0.948285
0.977463
0.889929
0.919107
0.977463
1.03582
1.03582
1.13794
1.16712
1.12335
1.07959
1.065
0.992052
1.00664
1.07959
1.065
1.03582
1.05041
0.933696
0.860751
0.948285
0.919107
0.992052
1.03582
1.03582
1.10876
1.15253
1.22548
1.25465
1.24007
1.24007
1.22548
1.18171
1.09418
1.00664
0.948285
1.065
1.00664
1.03582
1.05041
0.992052
0.962874
0.977463
1.02123
1.02123
1.09418
1.10876
1.12335
1.12335
1.10876
1.05041
0.977463
0.933696
0.919107
0.962874
1.02123
1.00664
1.05041
1.02123
1.02123
1.02123
1.05041
1.065
0.948285
1.00664
0.992052
0.948285
0.889929
0.919107
0.962874
1.09418
1.12335
1.12335
1.15253
1.15253
1.1963
1.10876
1.09418
1.09418
1.00664
1.05041
0.977463
0.962874
0.831573
0.758628
0.802395
0.787806
0.773217
0.758628
0.787806
0.816984
0.904518
0.87534
0.860751
0.816984
0.860751
0.889929
0.933696
0.977463
0.977463
1.02123
1.00664
1.00664
1.00664
0.948285
0.992052
1.03582
1.07959
1.12335
1.15253
1.16712
1.18171
1.22548
1.16712
1.12335
1.02123
1.05041
1.00664
0.977463
0.962874
1.00664
0.992052
1.02123
1.02123
0.992052
1.02123
0.846162
0.919107
0.904518
0.904518
0.831573
0.904518
0.846162
0.831573
0.889929
0.831573
0.787806
0.744039
0.787806
0.758628
0.831573
0.787806
0.816984
0.889929
0.831573
0.816984
0.744039
0.72945
0.758628
0.831573
0.889929
0.889929
0.87534
0.933696
0.919107
0.87534
0.933696
0.948285
0.962874
1.02123
1.05041
1.10876
1.15253
1.07959
1.065
1.03582
1.05041
1.05041
0.992052
0.992052
0.977463
0.919107
0.904518
0.816984
0.816984
0.846162
0.816984
0.889929
0.977463
0.977463
0.977463
0.977463
0.948285
1.00664
0.977463
0.962874
0.962874
0.87534
0.831573
0.802395
0.889929
0.802395
0.773217
0.802395
0.831573
0.773217
0.72945
0.816984
0.904518
0.87534
0.977463
1.05041
0.992052
0.919107
0.948285
0.962874
1.03582
1.00664
0.992052
0.87534
0.977463
0.977463
1.00664
1.03582
1.05041
1.065
1.07959
1.03582
1.07959
1.07959
1.03582
1.05041
0.977463
1.00664
1.03582
1.065
1.065
1.16712
1.13794
1.09418
1.09418
1.00664
1.05041
1.03582
0.992052
0.948285
0.904518
0.933696
0.933696
0.919107
0.904518
0.948285
0.919107
0.846162
0.846162
0.948285
0.948285
0.948285
0.992052
1.02123
1.02123
0.977463
0.977463
1.07959
0.977463
0.933696
0.977463
1.02123
0.977463
1.00664
0.933696
1.00664
0.889929
0.889929
0.87534
0.889929
0.889929
0.992052
0.992052
0.977463
0.962874
1.02123
0.977463
0.992052
1.065
1.07959
1.12335
1.07959
0.962874
0.977463
0.977463
0.948285
0.948285
0.948285
0.992052
1.065
1.09418
1.05041
1.10876
1.09418
1.00664
1.00664
0.962874
1.02123
0.992052
1.065
1.05041
0.962874
1.065
1.065
0.992052
1.065
0.992052
0.962874
0.992052
0.992052
1.065
1.05041
1.18171
1.13794
1.05041
1.00664
0.889929
0.904518
0.962874
0.977463
1.03582
1.00664
1.03582
1.09418
1.05041
1.12335
1.05041
1.02123
1.05041
1.09418
1.09418
1.05041
1.03582
0.992052
0.948285
0.992052
0.962874
0.962874
0.919107
0.948285
0.948285
0.977463
1.02123
1.00664
0.992052
1.00664
1.00664
0.977463
0.87534
0.933696
0.962874
0.992052
1.05041
1.15253
1.12335
1.07959
1.09418
1.065
1.03582
1.065
1.07959
1.05041
1.10876
1.12335
1.15253
1.10876
1.065
1.00664
0.962874
0.889929
0.962874
0.962874
0.933696
0.992052
0.992052
1.03582
1.00664
1.02123
0.977463
0.977463
1.03582
1.12335
0.933696
1.02123
1.07959
1.07959
1.10876
1.09418
1.02123
0.889929
0.933696
0.904518
0.889929
0.87534
0.919107
0.977463
1.00664
1.05041
1.065
1.00664
0.933696
0.962874
0.87534
0.787806
0.831573
0.904518
0.919107
0.948285
0.992052
1.00664
0.889929
0.919107
0.919107
0.919107
0.948285
0.87534
0.992052
0.933696
0.889929
0.904518
0.919107
0.87534
0.889929
0.904518
0.992052
1.03582
0.977463
0.933696
0.948285
0.962874
0.889929
0.860751
0.831573
0.904518
0.904518
0.977463
0.977463
1.02123
0.948285
0.977463
0.948285
1.05041
1.065
1.065
1.12335
1.16712
1.16712
1.15253
1.065
1.15253
1.21089
1.09418
1.03582
1.00664
1.02123
1.03582
1.065
1.02123
1.03582
0.904518
0.831573
0.87534
0.904518
1.02123
0.977463
0.933696
0.933696
0.87534
0.904518
0.977463
0.962874
1.00664
0.962874
0.933696
1.00664
1.02123
1.05041
1.05041
1.09418
1.03582
1.07959
1.09418
1.12335
1.07959
0.977463
0.87534
0.933696
0.933696
0.962874
0.933696
0.889929
0.860751
0.87534
0.87534
0.758628
0.744039
0.773217
0.860751
0.846162
0.846162
0.87534
0.87534
0.933696
0.992052
0.933696
1.00664
0.962874
0.992052
1.00664
0.977463
0.977463
0.992052
1.07959
1.03582
0.962874
0.904518
0.889929
0.948285
1.03582
1.03582
0.992052
0.992052
1.03582
1.09418
1.02123
1.02123
0.889929
0.992052
0.919107
0.933696
0.948285
0.889929
0.933696
0.904518
0.816984
0.816984
0.904518
1.00664
1.05041
1.00664
0.831573
0.846162
0.889929
0.992052
1.07959
1.12335
1.15253
1.12335
1.10876
1.09418
1.02123
1.00664
1.00664
1.02123
1.09418
1.10876
1.09418
1.03582
1.02123
1.05041
1.03582
1.02123
1.05041
1.07959
1.13794
1.18171
1.15253
1.15253
1.065
1.02123
1.02123
1.00664
0.992052
0.992052
1.03582
0.977463
0.933696
0.992052
1.02123
1.03582
1.03582
1.09418
1.12335
1.10876
0.977463
0.992052
0.992052
0.948285
0.948285
0.948285
0.87534
0.948285
0.933696
0.977463
0.919107
1.05041
1.07959
1.00664
1.03582
1.00664
0.948285
0.992052
1.00664
0.977463
1.09418
1.09418
1.05041
0.904518
0.933696
0.962874
0.992052
0.904518
0.919107
1.02123
1.10876
1.02123
1.00664
0.962874
1.02123
1.02123
1.00664
1.02123
1.02123
1.02123
1.09418
1.13794
1.15253
1.10876
1.1963
1.18171
1.1963
1.21089
1.18171
1.16712
1.07959
1.15253
1.12335
1.15253
1.13794
1.09418
1.13794
1.21089
1.13794
1.03582
1.05041
1.065
0.977463
0.933696
0.933696
0.919107
0.948285
0.977463
0.977463
1.00664
0.831573
0.948285
0.962874
1.065
1.09418
1.07959
1.03582
1.07959
1.09418
1.1963
1.1963
1.1963
1.12335
1.07959
1.05041
0.992052
0.992052
0.948285
0.919107
0.948285
0.992052
0.933696
0.992052
0.87534
0.889929
0.846162
0.846162
0.919107
0.889929
0.948285
0.992052
0.992052
0.992052
0.948285
0.962874
0.948285
0.948285
0.977463
0.948285
0.919107
0.904518
0.919107
0.992052
0.904518
0.802395
0.758628
0.773217
0.889929
0.87534
1.00664
1.03582
1.02123
0.977463
1.00664
1.02123
0.977463
0.962874
0.977463
0.962874
0.846162
0.87534
0.919107
0.992052
1.09418
1.12335
1.10876
1.12335
1.10876
1.05041
1.05041
0.962874
0.992052
0.919107
0.962874
0.977463
0.992052
1.065
1.09418
1.10876
1.12335
1.10876
1.12335
1.065
1.02123
1.00664
0.87534
0.904518
0.962874
0.977463
0.904518
0.919107
0.919107
0.816984
0.860751
0.831573
0.802395
0.802395
0.831573
0.992052
0.962874
0.904518
0.933696
0.948285
0.919107
0.904518
0.962874
0.948285
0.977463
1.05041
1.03582
0.992052
1.02123
0.87534
0.904518
0.904518
0.889929
0.860751
0.816984
0.787806
0.72945
0.744039
0.72945
0.787806
0.846162
0.933696
0.904518
0.962874
0.992052
1.05041
1.065
1.05041
0.992052
0.948285
0.992052
1.03582
0.948285
0.977463
0.977463
0.962874
0.992052
1.065
1.065
1.02123
0.962874
0.933696
0.948285
0.948285
