1.07081
1.05354
0.984459
1.019
0.984459
0.984459
1.019
1.10536
1.10536
1.12263
1.08809
1.15717
1.08809
1.08809
1.12263
1.08809
1.00173
0.898103
0.949916
1.019
1.07081
1.07081
1.07081
1.00173
0.86356
0.846289
0.86356
0.829018
0.846289
0.932645
1.019
1.07081
1.08809
1.12263
1.19171
1.22626
1.17444
1.15717
1.20898
1.10536
1.00173
1.07081
1.05354
1.10536
1.10536
1.1399
0.967187
0.949916
0.984459
0.898103
0.984459
0.949916
1.03627
1.07081
1.019
1.019
0.984459
0.984459
0.967187
0.915374
0.967187
0.949916
0.949916
0.949916
0.967187
1.00173
1.05354
1.08809
1.03627
1.05354
1.20898
1.22626
1.20898
1.12263
1.03627
1.10536
1.08809
1.10536
1.08809
1.07081
1.05354
1.00173
0.967187
0.880831
0.846289
0.86356
0.898103
0.949916
1.019
1.03627
1.00173
0.967187
1.019
0.949916
0.984459
1.019
1.05354
1.019
1.03627
1.05354
1.00173
1.08809
1.00173
1.07081
1.00173
1.12263
1.1399
1.15717
1.08809
1.12263
1.19171
1.22626
1.19171
1.20898
1.1399
1.10536
1.1399
1.15717
1.20898
1.12263
1.12263
1.1399
1.1399
1.19171
1.12263
1.15717
1.12263
1.10536
1.08809
1.1399
1.12263
1.22626
1.20898
1.19171
1.20898
1.19171
1.17444
1.17444
1.12263
1.2608
1.29534
1.34715
1.2608
1.2608
1.29534
1.24353
1.32988
1.08809
1.00173
0.932645
0.880831
0.949916
0.880831
0.880831
1.00173
1.019
1.15717
1.22626
1.19171
1.12263
1.08809
1.07081
1.00173
0.984459
1.019
1.019
1.10536
1.15717
1.20898
1.19171
1.1399
1.15717
1.08809
1.00173
1.019
0.949916
0.967187
0.967187
0.967187
0.915374
0.932645
0.86356
0.86356
0.811747
0.86356
0.829018
0.777204
0.742662
0.777204
0.690848
0.690848
0.690848
0.829018
0.846289
0.811747
0.794475
0.811747
0.898103
0.932645
1.019
0.984459
1.10536
1.22626
1.17444
1.19171
1.12263
1.00173
1.00173
1.00173
0.915374
0.967187
0.86356
0.880831
0.898103
0.967187
0.949916
0.86356
0.86356
0.86356
0.811747
0.777204
0.777204
0.690848
0.725391
0.742662
0.742662
0.777204
0.811747
0.708119
0.777204
0.86356
0.949916
0.984459
1.00173
1.12263
1.019
0.949916
0.86356
0.846289
0.794475
0.880831
0.880831
0.829018
0.880831
0.949916
0.86356
0.898103
0.86356
0.86356
0.932645
0.949916
1.019
1.05354
1.08809
1.07081
1.17444
1.20898
1.19171
1.22626
1.24353
1.20898
1.1399
1.31261
1.31261
1.3817
1.34715
1.36443
1.31261
1.32988
1.34715
1.22626
1.17444
1.15717
1.1399
1.10536
1.19171
1.08809
1.05354
1.07081
1.07081
1.17444
1.17444
1.10536
1.03627
1.10536
1.12263
1.1399
1.20898
1.1399
1.07081
1.03627
1.019
0.949916
0.880831
0.949916
0.949916
0.984459
1.05354
1.15717
1.2608
1.32988
1.29534
1.20898
1.12263
1.1399
1.1399
1.17444
1.08809
1.1399
1.07081
0.949916
1.03627
1.10536
1.03627
0.932645
0.915374
0.915374
1.00173
0.984459
1.08809
1.07081
1.019
1.00173
1.07081
1.03627
1.05354
0.898103
0.898103
0.880831
0.880831
0.932645
0.949916
1.00173
1.07081
1.05354
1.03627
0.967187
0.86356
0.794475
0.811747
0.86356
0.932645
0.86356
0.932645
1.03627
1.00173
1.019
0.984459
0.949916
1.019
1.03627
0.932645
0.915374
0.880831
0.86356
0.932645
0.880831
0.967187
1.00173
0.949916
0.949916
0.932645
0.915374
0.898103
0.811747
0.932645
1.019
1.019
1.07081
1.03627
1.019
0.967187
0.949916
0.932645
0.932645
0.880831
0.86356
0.898103
0.880831
0.846289
0.777204
0.846289
0.829018
0.880831
0.846289
0.829018
0.846289
0.846289
0.846289
0.880831
0.898103
0.932645
0.967187
0.949916
0.932645
0.915374
0.86356
0.846289
0.932645
0.984459
0.984459
1.07081
0.984459
0.967187
0.984459
0.984459
1.019
0.984459
0.967187
0.967187
0.932645
0.86356
0.949916
0.898103
0.898103
0.932645
1.07081
1.07081
1.10536
1.00173
0.949916
0.949916
0.932645
0.915374
1.05354
1.019
0.967187
1.03627
1.019
0.967187
1.019
1.07081
1.019
1.07081
1.08809
1.08809
1.019
1.07081
1.07081
1.15717
1.15717
1.15717
1.15717
1.17444
1.10536
1.19171
1.24353
1.20898
1.019
1.00173
0.86356
0.846289
0.880831
0.846289
0.949916
1.07081
1.019
0.967187
1.00173
0.967187
0.949916
1.019
1.10536
1.10536
1.19171
1.1399
1.19171
1.19171
1.17444
1.10536
1.05354
1.08809
1.08809
1.03627
1.00173
1.019
1.07081
0.984459
0.967187
0.984459
1.07081
1.12263
1.05354
1.05354
1.019
1.05354
1.07081
1.019
0.880831
0.777204
0.777204
0.794475
0.898103
0.86356
0.86356
0.967187
1.019
1.019
0.967187
0.949916
0.984459
0.949916
0.915374
0.880831
0.846289
0.777204
0.846289
0.759933
0.846289
0.932645
1.07081
1.08809
1.08809
1.07081
1.07081
1.03627
0.984459
0.967187
1.00173
1.019
1.03627
0.932645
0.880831
0.846289
0.898103
0.949916
0.915374
0.949916
0.932645
0.967187
0.898103
0.86356
0.846289
0.967187
1.07081
1.00173
1.00173
0.967187
1.03627
1.08809
1.019
1.05354
1.03627
1.019
1.019
0.984459
1.08809
1.12263
1.15717
1.15717
1.1399
1.15717
1.1399
1.17444
1.15717
1.10536
1.019
1.00173
0.967187
1.05354
1.00173
1.019
1.03627
0.984459
0.932645
0.949916
0.984459
1.019
1.10536
1.07081
1.00173
1.019
1.05354
0.967187
1.00173
0.967187
0.967187
0.880831
0.898103
0.967187
0.984459
0.984459
1.019
1.03627
1.05354
1.019
1.07081
1.00173
0.915374
0.811747
0.846289
0.777204
0.829018
0.794475
0.742662
0.690848
0.673577
0.708119
0.742662
0.777204
0.777204
0.846289
0.86356
0.794475
0.742662
0.777204
0.777204
0.777204
0.708119
0.708119
0.742662
0.725391
0.690848
0.829018
0.86356
0.949916
0.967187
0.967187
1.08809
1.05354
1.19171
1.22626
1.20898
1.19171
1.22626
1.1399
1.019
0.932645
0.967187
0.967187
0.932645
0.932645
0.86356
0.86356
0.932645
0.846289
0.898103
0.915374
0.967187
1.07081
1.10536
1.07081
1.08809
1.1399
1.1399
1.1399
1.08809
1.03627
1.08809
1.05354
0.949916
0.967187
0.984459
0.86356
0.846289
0.690848
0.759933
0.811747
0.898103
0.949916
0.967187
0.984459
0.984459
0.949916
1.03627
1.08809
1.08809
0.984459
1.00173
1.019
1.019
1.019
0.967187
0.949916
0.984459
1.03627
1.00173
1.07081
1.12263
1.019
1.00173
0.984459
1.08809
1.07081
1.03627
1.12263
1.24353
1.24353
1.34715
1.31261
1.22626
1.17444
1.1399
1.12263
1.15717
1.12263
1.05354
0.967187
0.967187
0.984459
0.915374
0.829018
0.811747
0.759933
0.794475
0.86356
0.915374
1.00173
0.984459
1.03627
1.10536
1.12263
1.10536
1.07081
1.10536
1.15717
1.20898
1.20898
1.20898
1.15717
1.24353
1.2608
1.29534
1.31261
1.2608
1.24353
1.22626
1.2608
1.22626
1.22626
1.15717
1.1399
1.08809
1.07081
0.984459
0.915374
0.829018
0.811747
0.759933
0.777204
0.777204
0.846289
0.915374
0.984459
1.08809
1.03627
0.949916
0.880831
0.915374
0.949916
0.949916
1.08809
1.03627
1.12263
1.05354
0.949916
0.86356
0.846289
0.811747
0.846289
0.949916
0.984459
0.984459
0.984459
1.019
1.019
0.967187
0.932645
0.949916
0.898103
0.86356
0.898103
0.949916
1.03627
0.949916
0.967187
0.915374
0.846289
0.811747
0.829018
0.898103
0.949916
0.932645
0.932645
0.880831
1.019
1.19171
1.2608
1.36443
1.39897
1.34715
1.34715
1.36443
1.32988
1.3817
1.3817
1.32988
1.29534
1.32988
1.2608
1.20898
1.1399
1.12263
1.10536
1.03627
1.08809
1.019
0.984459
0.915374
0.898103
0.846289
0.759933
0.759933
0.759933
0.811747
0.829018
0.829018
0.86356
0.794475
0.777204
0.794475
0.742662
0.742662
0.708119
0.742662
0.708119
0.759933
0.846289
0.811747
0.86356
0.932645
0.949916
0.915374
1.03627
1.019
1.03627
1.05354
0.984459
0.932645
0.880831
0.880831
0.915374
0.915374
0.967187
0.932645
0.915374
0.967187
0.932645
0.880831
0.846289
0.829018
0.967187
0.984459
0.984459
1.07081
1.1399
1.2608
1.32988
1.29534
1.2608
1.24353
1.19171
1.17444
1.17444
1.12263
1.10536
1.019
1.03627
1.03627
0.967187
0.984459
1.10536
1.08809
1.03627
0.984459
0.967187
1.10536
1.15717
1.10536
0.984459
1.019
0.949916
0.949916
0.949916
0.949916
0.967187
0.984459
0.967187
1.019
1.10536
1.12263
1.07081
1.019
0.984459
1.019
0.915374
1.00173
1.12263
1.15717
1.17444
1.10536
1.17444
1.15717
1.10536
1.08809
1.019
0.949916
0.984459
0.880831
1.00173
1.07081
1.08809
1.15717
1.08809
1.15717
1.07081
1.15717
1.1399
1.17444
1.15717
1.15717
1.08809
1.05354
1.00173
0.967187
0.949916
0.949916
1.03627
1.00173
0.984459
1.00173
1.05354
1.12263
1.1399
1.24353
1.15717
1.1399
1.10536
1.08809
1.15717
1.12263
1.1399
1.20898
1.17444
1.17444
1.2608
1.22626
1.15717
1.19171
1.19171
1.17444
1.10536
1.07081
1.07081
1.00173
1.10536
1.07081
1.019
1.00173
0.915374
0.880831
0.811747
0.777204
0.829018
0.777204
0.708119
0.777204
0.777204
0.829018
0.846289
0.846289
0.898103
0.949916
0.967187
0.949916
0.967187
0.932645
0.949916
0.829018
0.880831
0.794475
0.742662
0.759933
0.811747
0.880831
0.86356
0.915374
0.915374
0.898103
0.846289
0.949916
0.915374
0.898103
0.932645
0.932645
0.949916
0.967187
0.86356
0.86356
0.86356
0.932645
1.019
1.07081
1.03627
1.03627
1.00173
1.00173
0.86356
0.915374
0.915374
1.019
1.00173
1.07081
1.03627
1.00173
0.949916
1.00173
0.984459
0.984459
1.00173
0.949916
0.984459
1.10536
1.05354
1.019
1.03627
1.03627
1.00173
1.03627
1.019
0.984459
0.967187
0.915374
1.019
1.00173
1.019
1.00173
1.03627
0.932645
0.932645
0.898103
0.932645
0.915374
0.984459
0.949916
0.915374
0.777204
0.846289
0.846289
0.794475
0.811747
0.742662
0.759933
0.725391
0.759933
0.794475
0.811747
0.829018
0.898103
0.811747
0.846289
0.915374
0.86356
0.932645
1.00173
1.05354
1.03627
1.19171
1.20898
1.2608
1.29534
1.24353
1.24353
1.2608
1.24353
1.19171
1.15717
1.07081
1.10536
1.15717
1.12263
1.03627
1.08809
1.10536
1.07081
1.12263
1.17444
1.27807
1.31261
1.27807
1.20898
1.20898
1.05354
1.00173
1.05354
1.00173
1.00173
1.07081
1.00173
0.949916
0.967187
0.967187
1.10536
1.03627
1.10536
1.08809
1.08809
1.10536
1.1399
1.17444
1.15717
1.15717
1.17444
1.17444
1.08809
1.10536
1.07081
1.1399
1.07081
1.03627
1.03627
1.019
0.915374
0.949916
0.949916
0.880831
0.794475
0.794475
0.811747
0.829018
0.829018
0.794475
0.777204
0.86356
0.846289
1.019
1.07081
1.10536
1.07081
1.03627
1.00173
1.019
1.03627
1.05354
1.05354
1.019
1.03627
1.08809
1.05354
1.05354
1.05354
0.967187
0.932645
0.898103
0.880831
0.880831
0.846289
0.880831
0.829018
0.898103
0.915374
1.019
1.08809
1.08809
1.12263
1.08809
1.00173
1.019
0.967187
0.984459
0.984459
0.984459
0.984459
0.898103
0.880831
0.777204
0.811747
0.811747
0.846289
0.794475
0.829018
0.846289
0.880831
0.932645
0.984459
1.03627
1.10536
1.1399
1.17444
1.1399
1.1399
1.1399
1.17444
1.12263
1.1399
1.19171
1.10536
1.00173
0.967187
0.949916
0.86356
0.915374
0.829018
0.777204
0.86356
0.915374
0.86356
0.880831
0.949916
1.03627
1.08809
1.24353
1.2608
1.20898
1.2608
1.15717
1.17444
1.12263
1.03627
1.08809
1.12263
1.15717
1.10536
1.07081
1.05354
0.967187
1.03627
1.08809
1.07081
1.019
1.05354
0.915374
0.829018
0.794475
0.846289
0.932645
0.898103
0.984459
1.03627
1.12263
1.15717
1.1399
1.12263
1.05354
1.07081
1.15717
1.17444
1.08809
1.19171
1.08809
1.03627
0.984459
1.00173
1.019
0.984459
0.915374
1.00173
1.00173
0.915374
0.898103
0.932645
0.949916
0.880831
0.915374
0.915374
0.932645
0.949916
0.949916
1.00173
0.932645
0.915374
1.03627
0.984459
1.08809
1.12263
1.15717
1.15717
1.17444
1.03627
1.12263
1.1399
1.17444
1.22626
1.24353
1.2608
1.29534
1.24353
1.24353
1.17444
1.1399
1.17444
1.10536
1.1399
1.15717
1.1399
1.15717
1.10536
1.10536
1.08809
1.17444
1.17444
1.07081
1.019
1.08809
1.05354
1.019
1.00173
1.03627
0.932645
0.949916
0.880831
0.846289
0.811747
0.777204
0.898103
0.86356
0.898103
0.829018
0.794475
0.86356
0.86356
0.932645
0.898103
0.967187
1.019
1.1399
1.12263
1.08809
1.03627
1.07081
1.03627
1.07081
1.019
1.00173
0.984459
0.949916
0.932645
1.019
0.967187
0.967187
1.05354
1.07081
1.08809
1.17444
1.19171
1.12263
1.10536
1.08809
1.1399
1.22626
1.20898
1.22626
1.17444
1.07081
1.07081
0.915374
0.898103
0.949916
0.967187
1.00173
0.880831
0.794475
0.829018
0.86356
0.915374
0.86356
0.829018
0.811747
0.846289
0.777204
0.742662
0.794475
0.811747
0.898103
0.967187
0.984459
0.967187
0.949916
0.915374
0.811747
0.829018
0.829018
0.967187
1.019
1.12263
1.17444
1.19171
1.1399
1.12263
1.03627
1.03627
1.00173
1.08809
1.03627
1.12263
1.17444
1.19171
1.19171
1.20898
1.34715
1.31261
1.32988
1.27807
1.17444
1.15717
1.1399
1.10536
1.00173
0.915374
0.915374
0.932645
0.846289
0.86356
0.932645
0.967187
0.967187
0.984459
0.949916
1.03627
0.967187
1.00173
0.915374
0.984459
1.00173
1.03627
1.00173
1.03627
1.019
0.932645
0.932645
0.915374
0.932645
1.019
1.08809
1.03627
1.05354
1.08809
1.15717
1.10536
1.1399
1.17444
1.15717
1.10536
1.10536
1.12263
1.2608
1.22626
1.10536
1.19171
1.20898
1.15717
1.03627
0.932645
1.00173
1.03627
1.03627
1.10536
1.12263
1.08809
0.967187
0.880831
0.949916
0.915374
0.794475
0.742662
0.742662
0.656306
0.742662
0.708119
0.639035
0.587221
0.621763
0.673577
0.759933
0.742662
0.846289
0.794475
0.880831
1.019
1.03627
1.12263
1.05354
1.05354
1.07081
0.984459
1.12263
1.1399
1.08809
1.07081
1.03627
1.10536
1.10536
1.05354
1.019
1.03627
0.967187
1.03627
1.03627
1.07081
1.03627
1.03627
1.08809
1.05354
1.05354
1.00173
1.019
0.984459
0.984459
1.00173
0.984459
0.949916
0.949916
1.019
1.08809
1.10536
1.05354
1.05354
1.07081
1.1399
1.17444
1.15717
1.1399
1.07081
1.07081
1.03627
1.019
0.915374
0.932645
0.915374
0.984459
1.00173
0.949916
0.898103
0.932645
1.08809
1.17444
1.20898
1.15717
1.15717
1.07081
1.10536
1.15717
1.17444
1.1399
1.17444
1.22626
1.2608
1.17444
1.10536
1.07081
1.00173
1.05354
1.00173
0.915374
0.898103
0.846289
0.742662
0.759933
0.673577
0.708119
0.811747
0.829018
0.846289
0.880831
0.915374
0.794475
0.794475
0.759933
0.742662
0.673577
0.759933
0.777204
0.811747
0.794475
0.86356
0.915374
0.880831
0.86356
0.932645
0.932645
0.932645
0.984459
0.915374
0.932645
0.898103
0.777204
0.794475
0.794475
0.777204
0.898103
0.984459
1.08809
0.984459
0.984459
1.05354
1.05354
1.019
1.03627
1.00173
1.00173
0.898103
0.949916
1.019
0.984459
1.019
1.00173
1.019
1.07081
1.10536
1.1399
1.15717
1.1399
1.15717
1.1399
1.12263
1.10536
1.10536
1.10536
1.05354
1.17444
1.07081
1.19171
1.19171
1.15717
1.15717
1.1399
1.10536
1.07081
1.08809
1.00173
1.03627
1.05354
1.03627
0.984459
1.05354
0.967187
0.846289
0.880831
0.898103
0.898103
0.86356
0.846289
0.811747
0.880831
0.932645
0.880831
0.932645
0.932645
0.898103
0.898103
0.967187
0.967187
1.00173
0.984459
0.86356
0.967187
0.949916
0.984459
1.03627
0.949916
0.984459
0.932645
0.984459
0.932645
0.967187
0.932645
0.932645
1.019
1.08809
1.00173
1.07081
1.15717
1.19171
1.17444
1.22626
1.19171
1.15717
1.08809
1.00173
0.949916
0.915374
0.915374
0.915374
0.829018
0.759933
0.811747
0.829018
0.898103
0.932645
1.019
1.07081
1.00173
1.08809
1.03627
1.07081
1.12263
1.05354
0.984459
0.967187
0.846289
0.846289
0.898103
0.811747
0.846289
0.967187
0.984459
1.10536
1.1399
1.1399
1.20898
1.1399
1.22626
1.20898
1.10536
1.019
1.03627
1.00173
1.03627
1.00173
0.932645
0.898103
0.949916
1.03627
1.019
1.08809
1.10536
1.05354
1.03627
1.20898
1.15717
1.10536
1.15717
1.20898
1.17444
1.08809
1.10536
1.07081
1.19171
1.24353
1.07081
1.1399
1.07081
1.03627
1.00173
0.915374
0.932645
0.880831
0.880831
0.898103
0.86356
0.811747
0.898103
0.880831
0.880831
0.86356
0.880831
0.915374
0.949916
1.03627
1.05354
1.22626
1.17444
1.07081
1.10536
1.08809
0.984459
0.967187
1.03627
0.967187
0.984459
0.967187
0.984459
0.880831
0.898103
0.898103
0.932645
0.915374
0.984459
0.932645
0.967187
1.00173
1.08809
1.019
0.898103
0.725391
0.708119
0.673577
0.690848
0.656306
0.708119
0.742662
0.742662
0.846289
0.86356
0.846289
0.829018
0.846289
0.86356
0.967187
1.00173
0.984459
0.984459
1.00173
0.967187
1.07081
1.24353
1.15717
1.12263
1.10536
1.1399
1.1399
1.10536
1.15717
1.15717
1.17444
1.17444
1.17444
1.15717
1.15717
1.1399
1.08809
1.08809
1.07081
1.019
0.967187
0.829018
0.846289
0.880831
0.811747
0.742662
0.742662
0.673577
0.639035
0.742662
0.725391
0.777204
0.708119
0.690848
0.621763
0.742662
0.846289
0.898103
0.898103
0.967187
0.967187
1.019
1.00173
1.00173
0.984459
0.984459
0.932645
0.898103
1.00173
0.949916
1.00173
1.019
1.07081
1.00173
1.019
1.019
1.12263
1.03627
0.984459
0.967187
0.898103
0.932645
0.984459
0.949916
0.949916
0.967187
0.967187
0.898103
0.915374
0.915374
0.932645
0.949916
0.932645
0.949916
1.03627
1.00173
0.915374
0.915374
0.967187
0.984459
1.03627
1.00173
0.967187
0.898103
0.949916
0.949916
0.880831
1.019
0.932645
0.794475
0.829018
0.742662
0.725391
0.673577
0.690848
0.759933
0.829018
0.829018
0.794475
0.880831
0.898103
0.898103
0.898103
0.898103
0.880831
0.829018
0.949916
0.949916
1.07081
0.967187
1.08809
1.00173
1.00173
1.019
1.019
0.984459
1.019
0.915374
1.07081
1.05354
1.10536
1.07081
1.05354
1.08809
1.08809
1.05354
1.08809
1.1399
1.05354
1.08809
1.05354
1.15717
1.08809
1.10536
1.03627
1.07081
1.10536
1.07081
0.915374
0.932645
1.00173
1.03627
0.984459
1.019
0.967187
1.00173
0.949916
1.019
1.03627
1.019
1.00173
0.949916
0.880831
0.932645
0.949916
0.967187
1.10536
1.10536
1.07081
1.15717
1.19171
1.1399
1.12263
1.1399
1.00173
0.949916
0.846289
0.949916
0.898103
0.829018
0.811747
0.811747
0.777204
0.898103
1.00173
1.12263
1.10536
1.10536
1.15717
1.1399
1.03627
0.915374
0.967187
0.932645
0.880831
0.811747
0.777204
0.86356
0.846289
0.811747
0.777204
0.846289
0.846289
0.846289
0.86356
0.86356
0.811747
0.880831
0.86356
0.759933
0.777204
0.794475
0.829018
0.829018
0.915374
1.019
0.984459
0.984459
0.984459
0.915374
1.019
0.949916
1.00173
0.984459
1.00173
1.00173
0.932645
1.00173
1.07081
1.019
1.03627
1.1399
1.17444
1.12263
1.12263
1.12263
1.10536
1.1399
1.05354
0.967187
1.019
0.915374
0.932645
0.967187
0.967187
0.967187
1.07081
1.08809
1.19171
1.17444
1.10536
1.12263
1.17444
1.10536
1.019
0.949916
0.949916
0.846289
0.880831
0.898103
0.932645
0.880831
0.86356
0.86356
0.880831
0.846289
