1.15645
1.23106
1.23106
1.23106
1.2124
1.08184
1.06318
1.02588
0.913965
0.95127
1.04453
1.04453
1.10049
1.13779
1.13779
1.13779
1.02588
1.06318
1.02588
1.02588
1.13779
1.15645
1.15645
1.08184
1.10049
1.08184
1.10049
1.06318
1.06318
1.10049
1.04453
0.988575
1.02588
1.08184
1.04453
1.02588
1.04453
1.13779
1.1751
1.10049
1.10049
1.11914
1.10049
0.95127
0.95127
1.02588
0.988575
0.895313
0.87666
0.932617
0.895313
0.839356
0.839356
0.820703
0.802051
0.708789
0.783399
0.858008
0.858008
0.839356
0.913965
0.839356
0.913965
0.969922
0.969922
0.969922
0.969922
1.02588
1.04453
1.02588
0.913965
0.839356
0.87666
0.988575
0.913965
0.839356
0.839356
0.839356
0.913965
0.932617
0.913965
0.932617
0.87666
0.802051
0.820703
0.764746
0.802051
0.802051
0.820703
0.895313
0.95127
1.00723
1.00723
1.02588
0.932617
0.858008
0.87666
0.913965
0.913965
1.04453
1.04453
1.08184
1.15645
1.15645
1.23106
1.15645
1.13779
1.10049
1.08184
1.10049
0.969922
1.02588
0.988575
0.932617
0.988575
1.02588
0.895313
0.820703
0.820703
0.839356
0.802051
0.839356
0.932617
1.08184
1.13779
1.10049
1.13779
1.08184
1.11914
1.06318
1.11914
1.02588
0.95127
0.87666
0.932617
0.858008
0.839356
0.932617
0.95127
0.95127
0.988575
0.988575
1.06318
1.04453
1.04453
1.04453
1.00723
1.02588
0.988575
1.06318
1.10049
0.969922
0.95127
1.02588
1.04453
1.2124
1.19375
1.19375
1.11914
1.2124
1.10049
1.08184
1.00723
1.06318
0.969922
0.87666
0.802051
0.783399
0.764746
0.727442
0.727442
0.802051
0.820703
0.764746
0.671485
0.690137
0.690137
0.783399
0.802051
0.895313
0.913965
0.895313
0.95127
0.969922
0.969922
1.00723
1.08184
1.11914
1.19375
1.2124
1.1751
1.2124
1.26836
1.24971
1.15645
1.08184
1.10049
1.10049
1.15645
1.19375
1.2124
1.34297
1.30566
1.19375
1.10049
1.02588
1.04453
1.00723
1.02588
1.10049
1.10049
1.08184
1.08184
1.06318
1.04453
1.06318
1.02588
1.13779
1.11914
1.19375
1.13779
1.10049
1.13779
1.06318
1.11914
1.06318
1.13779
1.10049
1.11914
1.13779
1.19375
1.1751
1.1751
1.15645
1.02588
1.10049
1.00723
0.969922
0.839356
1.00723
1.04453
0.988575
0.913965
0.895313
0.858008
0.839356
0.87666
0.969922
1.06318
1.02588
1.04453
0.969922
1.02588
1.08184
0.969922
0.95127
0.969922
0.95127
1.02588
1.02588
0.932617
0.969922
1.06318
1.10049
1.10049
1.11914
1.19375
1.15645
1.04453
1.06318
0.988575
0.913965
0.969922
1.00723
1.02588
0.839356
0.858008
0.932617
0.913965
0.969922
1.02588
1.10049
1.08184
1.1751
1.23106
1.15645
1.28701
1.32432
1.23106
1.2124
1.19375
1.2124
1.2124
1.23106
1.1751
1.11914
1.04453
1.02588
1.06318
1.13779
1.19375
1.15645
1.10049
1.13779
1.15645
1.00723
1.00723
1.04453
1.02588
1.04453
1.04453
1.04453
1.00723
0.988575
1.02588
0.969922
0.969922
0.988575
1.08184
1.24971
1.2124
1.15645
1.1751
1.1751
1.11914
1.1751
1.08184
1.10049
1.19375
1.28701
1.24971
1.15645
0.988575
0.913965
0.858008
0.820703
0.858008
0.932617
0.988575
1.00723
1.00723
0.95127
0.932617
0.932617
0.95127
0.913965
0.913965
0.839356
0.895313
0.87666
0.820703
0.783399
0.87666
0.932617
0.95127
1.00723
1.06318
0.969922
0.895313
0.87666
1.00723
0.932617
0.95127
0.969922
0.988575
0.969922
0.95127
0.913965
0.932617
0.839356
0.895313
0.988575
1.02588
1.06318
0.988575
0.913965
0.969922
1.00723
1.00723
1.06318
0.969922
1.06318
1.13779
1.13779
1.08184
1.10049
1.13779
1.08184
1.04453
1.04453
1.13779
1.10049
1.08184
1.06318
1.06318
1.00723
1.02588
1.02588
0.95127
0.913965
1.00723
1.06318
1.10049
1.10049
1.15645
1.13779
1.10049
1.02588
0.988575
0.932617
0.932617
0.95127
0.895313
1.00723
0.932617
0.913965
0.913965
0.932617
0.969922
0.988575
0.969922
0.969922
0.87666
0.820703
0.746094
0.727442
0.727442
0.746094
0.802051
0.802051
0.820703
0.913965
1.06318
1.15645
1.11914
1.08184
1.04453
0.913965
0.87666
0.820703
0.913965
0.895313
0.969922
0.969922
0.969922
0.988575
1.02588
0.95127
0.87666
0.839356
0.839356
0.820703
0.764746
0.764746
0.746094
0.839356
0.783399
0.820703
0.746094
0.746094
0.820703
0.858008
0.820703
0.858008
0.932617
0.988575
0.932617
0.858008
0.839356
0.820703
0.820703
0.802051
0.764746
0.895313
0.87666
0.95127
1.00723
0.895313
0.895313
0.932617
0.95127
0.839356
0.858008
0.913965
0.969922
0.969922
0.969922
0.932617
0.969922
1.02588
1.02588
1.00723
1.00723
0.988575
0.913965
0.895313
0.895313
0.746094
0.820703
0.87666
0.858008
0.95127
1.02588
1.06318
1.02588
0.988575
0.988575
0.913965
0.746094
0.764746
0.764746
0.783399
0.87666
0.95127
1.02588
1.06318
1.02588
1.04453
0.988575
1.00723
1.00723
0.988575
1.00723
1.02588
0.95127
1.04453
1.02588
1.04453
1.00723
1.08184
1.04453
1.02588
1.02588
1.04453
1.00723
0.988575
0.988575
1.04453
1.02588
1.15645
1.11914
1.08184
1.08184
1.02588
1.04453
0.969922
1.04453
1.04453
1.02588
1.23106
1.1751
1.32432
1.30566
1.19375
1.11914
1.11914
1.15645
1.13779
0.969922
1.02588
1.00723
0.969922
0.932617
0.969922
0.87666
0.87666
0.858008
0.839356
0.858008
0.839356
0.820703
0.746094
0.783399
0.783399
0.802051
0.783399
0.858008
0.820703
0.932617
0.969922
1.02588
0.988575
0.932617
1.00723
0.988575
1.00723
0.95127
0.839356
0.858008
0.87666
0.969922
0.969922
0.95127
0.95127
1.04453
0.969922
0.95127
0.858008
0.87666
0.913965
0.932617
0.95127
0.895313
0.95127
1.04453
1.06318
1.10049
1.10049
1.04453
1.02588
1.10049
1.1751
1.1751
1.15645
1.10049
1.11914
1.10049
1.10049
1.08184
1.06318
1.10049
1.10049
1.23106
1.30566
1.26836
1.32432
1.28701
1.24971
1.26836
1.36162
1.26836
1.30566
1.28701
1.32432
1.28701
1.19375
1.24971
1.26836
1.19375
1.19375
1.26836
1.19375
1.2124
1.1751
1.08184
1.04453
1.08184
1.08184
1.13779
1.13779
1.11914
1.15645
1.1751
1.13779
1.26836
1.38027
1.32432
1.34297
1.28701
1.23106
1.15645
1.06318
0.988575
0.95127
0.95127
0.932617
0.87666
0.95127
0.95127
0.988575
1.04453
1.02588
0.988575
1.04453
1.06318
1.00723
1.02588
0.988575
0.95127
1.00723
1.10049
1.23106
1.1751
1.2124
1.15645
1.19375
1.13779
1.08184
1.08184
1.11914
1.02588
1.06318
1.11914
1.06318
1.11914
1.10049
1.06318
1.13779
1.10049
1.10049
1.08184
1.13779
1.10049
1.10049
1.11914
1.10049
1.15645
1.23106
1.1751
1.19375
1.2124
1.24971
1.24971
1.2124
1.11914
1.1751
1.04453
1.04453
1.04453
1.10049
1.00723
0.95127
0.95127
0.87666
0.932617
1.06318
1.15645
1.11914
1.04453
1.10049
1.04453
1.10049
1.06318
1.13779
1.08184
1.02588
1.04453
1.10049
1.15645
1.04453
1.02588
0.913965
0.932617
0.932617
0.87666
0.932617
0.858008
0.764746
0.727442
0.746094
0.802051
0.802051
0.820703
0.895313
0.913965
0.913965
0.87666
0.764746
0.764746
0.820703
0.820703
0.783399
0.839356
0.87666
0.895313
0.820703
0.858008
0.820703
0.95127
0.95127
0.95127
0.969922
1.06318
1.02588
1.02588
1.02588
0.95127
0.932617
0.969922
0.988575
0.95127
0.913965
0.95127
0.913965
1.02588
1.19375
1.1751
1.04453
0.988575
0.95127
0.858008
0.820703
0.727442
0.671485
0.652832
0.615528
0.578223
0.55957
0.652832
0.690137
0.783399
0.783399
0.671485
0.727442
0.858008
0.783399
0.746094
0.858008
0.87666
0.932617
0.932617
1.02588
1.02588
0.969922
1.04453
1.08184
1.02588
1.02588
1.02588
1.00723
1.06318
1.02588
1.06318
1.04453
1.10049
1.15645
1.08184
1.04453
1.08184
1.10049
1.1751
1.2124
1.15645
1.19375
1.15645
0.988575
1.04453
1.10049
1.10049
1.02588
1.04453
1.15645
1.08184
1.15645
1.1751
1.23106
1.15645
1.10049
1.06318
1.08184
1.04453
1.08184
1.11914
1.19375
1.2124
1.13779
1.1751
1.19375
1.08184
0.932617
0.932617
0.969922
0.95127
1.10049
1.10049
1.10049
1.10049
1.10049
1.06318
1.06318
1.08184
1.08184
1.10049
1.10049
1.04453
1.00723
0.969922
1.02588
0.932617
1.02588
1.02588
1.06318
1.06318
1.04453
1.02588
1.00723
1.02588
1.02588
1.02588
0.95127
0.932617
0.913965
0.820703
0.932617
1.08184
1.02588
1.04453
1.04453
1.08184
1.08184
1.15645
1.15645
1.00723
1.10049
1.08184
1.10049
1.08184
1.02588
0.988575
0.988575
1.04453
0.969922
1.02588
1.10049
1.10049
1.06318
1.06318
1.00723
1.06318
1.06318
1.04453
0.95127
0.988575
0.932617
1.00723
1.00723
1.02588
0.95127
0.913965
0.802051
0.820703
0.895313
0.895313
0.895313
0.913965
1.06318
1.02588
0.95127
0.969922
0.95127
0.895313
0.95127
0.895313
0.932617
1.08184
1.06318
1.06318
1.02588
1.06318
1.00723
0.969922
0.932617
1.02588
1.02588
0.969922
0.988575
0.95127
0.87666
0.746094
0.764746
0.727442
0.764746
0.858008
0.895313
0.95127
0.895313
0.913965
0.932617
1.00723
1.10049
1.11914
1.2124
1.23106
1.15645
1.19375
1.23106
1.11914
1.2124
1.2124
1.28701
1.39893
1.30566
1.23106
1.2124
1.26836
1.19375
1.19375
1.23106
1.15645
1.24971
1.24971
1.32432
1.32432
1.23106
1.2124
1.1751
1.11914
1.13779
1.04453
1.08184
1.06318
0.969922
0.95127
0.969922
1.02588
1.00723
0.932617
0.95127
0.969922
0.913965
0.913965
0.969922
1.06318
1.00723
0.95127
0.913965
0.87666
0.839356
0.802051
0.783399
0.802051
0.727442
0.783399
0.839356
0.87666
0.820703
0.764746
0.87666
0.932617
0.988575
1.08184
1.04453
1.04453
0.988575
0.988575
1.06318
1.10049
1.11914
1.1751
1.15645
1.08184
1.15645
1.15645
1.1751
1.10049
1.08184
1.10049
1.04453
0.969922
1.02588
0.988575
0.988575
0.913965
0.820703
0.932617
1.06318
1.04453
1.06318
1.06318
1.11914
1.1751
1.11914
1.02588
1.08184
1.11914
1.06318
1.11914
1.13779
1.11914
1.13779
1.13779
1.11914
1.06318
1.02588
1.00723
0.913965
0.820703
0.87666
0.913965
0.932617
1.00723
0.988575
0.913965
0.95127
0.87666
0.820703
0.802051
0.783399
0.95127
0.932617
0.895313
0.858008
0.783399
0.746094
0.708789
0.727442
0.652832
0.671485
0.652832
0.783399
0.839356
0.87666
0.858008
0.820703
1.00723
0.969922
0.932617
0.858008
0.95127
0.969922
0.858008
0.820703
0.932617
0.839356
0.839356
0.802051
0.839356
0.858008
0.895313
0.913965
0.913965
1.08184
1.10049
1.08184
1.06318
1.04453
0.895313
0.913965
0.839356
0.895313
0.839356
0.913965
1.00723
1.02588
0.988575
1.02588
1.10049
1.06318
1.08184
1.13779
1.02588
1.06318
1.00723
1.10049
1.04453
0.913965
0.87666
0.858008
0.839356
0.913965
0.932617
0.932617
1.02588
1.08184
1.13779
1.23106
1.2124
1.10049
1.02588
0.932617
1.08184
1.13779
1.10049
1.11914
1.1751
1.15645
1.13779
1.08184
0.988575
1.02588
0.969922
1.02588
1.06318
1.00723
0.988575
0.988575
0.858008
0.858008
0.802051
0.87666
0.895313
0.858008
0.87666
0.913965
0.932617
0.87666
0.839356
0.895313
0.87666
0.858008
0.858008
0.87666
0.858008
0.87666
0.858008
0.913965
1.04453
1.10049
1.15645
1.08184
1.11914
1.04453
1.02588
0.932617
0.95127
1.02588
1.11914
1.13779
1.1751
1.08184
1.00723
1.02588
0.988575
0.969922
1.02588
0.95127
0.932617
0.95127
0.988575
0.988575
1.04453
1.04453
1.04453
1.23106
1.28701
1.28701
1.2124
1.28701
1.19375
1.1751
1.10049
1.06318
1.11914
1.11914
1.04453
0.95127
0.895313
0.858008
0.858008
0.802051
0.87666
0.858008
0.820703
0.932617
0.932617
0.969922
0.969922
1.10049
1.02588
0.95127
0.87666
0.802051
0.746094
0.783399
0.87666
0.858008
0.95127
0.858008
0.913965
0.895313
0.988575
0.895313
0.932617
0.913965
0.969922
0.95127
0.988575
1.02588
1.06318
1.06318
1.2124
1.24971
1.19375
1.1751
1.19375
1.13779
1.10049
1.08184
0.95127
0.95127
0.932617
0.969922
0.969922
1.00723
0.969922
0.858008
0.802051
0.858008
0.969922
1.11914
1.02588
0.95127
1.00723
1.00723
1.02588
1.15645
1.06318
1.13779
1.15645
1.13779
1.10049
1.00723
0.988575
1.00723
1.00723
1.00723
0.988575
0.932617
0.969922
0.932617
1.02588
1.02588
1.02588
0.969922
0.988575
0.95127
0.913965
0.87666
0.913965
0.95127
0.95127
1.00723
0.988575
0.858008
0.895313
0.858008
0.988575
1.10049
1.10049
1.19375
1.15645
0.988575
0.95127
0.895313
0.932617
0.913965
0.839356
0.95127
0.988575
0.988575
0.969922
0.95127
0.913965
0.913965
0.969922
0.913965
0.969922
0.932617
0.95127
0.913965
0.895313
0.932617
1.02588
1.08184
1.00723
1.06318
0.988575
0.95127
0.988575
0.932617
1.02588
1.08184
1.11914
1.06318
1.00723
0.913965
0.839356
0.858008
0.895313
0.802051
0.746094
0.690137
0.690137
0.690137
0.671485
0.690137
0.671485
0.671485
0.63418
0.690137
0.783399
0.820703
0.858008
0.839356
0.839356
0.839356
0.988575
0.988575
1.08184
1.08184
1.10049
1.06318
1.04453
1.00723
1.02588
0.932617
0.858008
0.764746
0.802051
0.764746
0.746094
0.764746
0.746094
0.87666
0.895313
0.95127
0.969922
0.988575
0.95127
0.988575
0.988575
0.988575
1.00723
1.00723
0.988575
0.932617
0.932617
0.932617
0.87666
0.839356
0.839356
0.802051
0.839356
0.913965
0.87666
0.913965
0.858008
0.895313
0.969922
1.04453
1.02588
0.988575
0.969922
0.969922
0.988575
1.00723
0.988575
1.04453
1.04453
1.11914
1.10049
1.11914
1.06318
1.02588
0.988575
0.95127
0.969922
0.988575
0.969922
0.988575
1.02588
1.10049
1.2124
1.13779
1.11914
1.13779
1.08184
1.06318
0.988575
0.913965
0.913965
0.858008
0.858008
0.913965
0.95127
1.00723
0.95127
1.08184
1.08184
1.11914
1.08184
1.02588
0.969922
0.87666
0.839356
0.708789
0.708789
0.783399
0.764746
0.802051
0.895313
0.913965
0.969922
1.04453
1.04453
1.02588
1.08184
1.11914
1.04453
1.11914
1.10049
1.04453
1.08184
1.08184
1.02588
1.00723
0.988575
1.04453
0.988575
0.988575
0.988575
0.95127
1.00723
0.95127
0.988575
0.969922
0.95127
0.858008
0.764746
0.820703
0.839356
0.802051
0.858008
0.895313
0.913965
1.02588
0.988575
0.95127
0.858008
0.969922
0.969922
1.00723
1.08184
1.08184
1.06318
1.02588
0.969922
0.95127
0.913965
0.895313
0.969922
0.95127
1.00723
0.969922
0.969922
1.00723
0.988575
0.969922
0.932617
0.913965
0.932617
0.988575
0.913965
0.895313
0.95127
0.932617
0.839356
0.895313
0.932617
1.00723
1.04453
1.11914
1.13779
1.13779
1.08184
1.06318
0.988575
1.00723
1.02588
1.06318
1.04453
1.08184
1.04453
1.00723
0.932617
0.839356
0.895313
0.839356
0.87666
0.802051
0.783399
0.802051
0.87666
0.87666
0.858008
0.820703
0.932617
1.10049
1.04453
1.08184
1.10049
1.00723
1.02588
0.913965
0.87666
0.988575
1.10049
1.11914
1.11914
1.02588
1.06318
1.06318
1.06318
1.04453
1.02588
0.932617
0.87666
0.764746
0.783399
0.858008
0.95127
0.913965
0.95127
0.95127
0.87666
0.913965
0.913965
0.839356
0.913965
0.913965
0.913965
0.988575
0.895313
0.87666
0.913965
0.802051
0.690137
0.746094
0.652832
0.727442
0.802051
0.839356
0.839356
0.858008
0.87666
0.820703
0.820703
0.839356
0.783399
0.820703
0.727442
0.746094
0.802051
0.95127
0.87666
0.895313
0.969922
0.932617
0.932617
0.87666
0.820703
0.87666
0.839356
0.746094
0.652832
0.671485
0.727442
0.746094
0.783399
0.895313
0.913965
1.00723
1.10049
1.11914
1.19375
1.2124
1.11914
0.969922
0.969922
0.87666
0.895313
0.839356
0.839356
0.87666
0.87666
0.839356
0.839356
0.783399
0.802051
0.802051
0.727442
0.727442
0.820703
0.820703
0.932617
0.969922
0.95127
0.913965
0.839356
0.708789
0.652832
0.671485
0.690137
0.690137
0.764746
0.783399
0.671485
0.615528
0.578223
0.522266
0.652832
0.671485
0.727442
0.858008
0.87666
0.988575
0.969922
0.95127
1.00723
1.08184
0.95127
1.00723
1.06318
1.15645
1.19375
1.15645
1.32432
1.30566
1.39893
1.36162
1.41758
1.34297
1.28701
1.2124
1.15645
1.11914
1.02588
1.00723
1.04453
1.08184
1.11914
1.11914
1.06318
1.10049
1.15645
1.1751
1.2124
1.11914
1.06318
1.08184
1.10049
1.19375
1.2124
1.10049
1.00723
1.11914
1.11914
1.13779
1.15645
1.26836
1.34297
1.30566
1.41758
1.30566
1.28701
1.36162
1.30566
1.23106
1.08184
1.02588
1.08184
1.10049
1.08184
1.13779
1.13779
1.15645
1.19375
1.24971
1.24971
1.11914
1.13779
1.08184
1.10049
1.15645
1.19375
1.13779
1.23106
1.10049
1.08184
1.04453
0.988575
0.87666
0.783399
0.746094
0.764746
0.727442
0.708789
0.764746
0.802051
0.87666
1.00723
1.06318
1.08184
1.00723
0.95127
0.895313
0.895313
0.95127
0.95127
0.969922
0.87666
0.87666
0.87666
0.988575
0.988575
1.02588
1.02588
1.10049
1.19375
1.15645
1.13779
1.15645
1.04453
0.988575
0.913965
0.895313
0.95127
1.10049
1.10049
0.969922
1.02588
0.913965
1.00723
0.988575
1.04453
0.969922
1.02588
1.08184
1.06318
1.04453
1.02588
1.06318
1.1751
1.19375
1.1751
1.30566
1.28701
1.19375
1.19375
1.19375
1.11914
1.04453
1.10049
1.15645
1.2124
1.2124
1.15645
1.19375
1.08184
1.13779
1.10049
1.06318
1.08184
1.13779
1.08184
1.04453
1.06318
1.02588
1.02588
1.02588
1.06318
1.04453
1.00723
1.02588
0.95127
0.969922
0.969922
0.932617
0.988575
0.932617
0.932617
0.932617
0.969922
0.969922
0.87666
0.969922
1.02588
1.11914
1.08184
1.13779
1.02588
1.02588
1.06318
1.04453
0.969922
0.969922
1.00723
1.02588
0.988575
0.969922
1.02588
1.06318
1.10049
1.19375
1.2124
1.19375
1.2124
1.23106
1.06318
1.10049
1.13779
1.06318
1.04453
1.06318
1.08184
1.06318
1.04453
1.11914
1.1751
1.06318
1.06318
1.02588
1.02588
1.10049
1.10049
1.10049
1.11914
1.13779
1.00723
0.95127
0.969922
0.969922
0.913965
0.913965
1.06318
1.04453
1.13779
1.15645
1.1751
1.11914
1.10049
1.10049
1.11914
1.15645
1.2124
1.11914
1.11914
1.08184
1.10049
1.04453
0.988575
1.00723
1.00723
1.04453
1.10049
1.08184
1.10049
1.10049
1.10049
1.06318
1.00723
1.06318
1.00723
0.932617
0.839356
0.802051
0.87666
0.87666
0.87666
0.988575
0.969922
1.00723
1.00723
0.95127
0.895313
0.895313
0.932617
0.932617
0.988575
1.00723
1.10049
1.10049
1.06318
1.00723
1.04453
1.04453
0.969922
0.988575
0.913965
0.95127
0.988575
0.969922
1.10049
1.13779
1.13779
1.06318
1.02588
0.988575
1.00723
1.00723
0.913965
0.820703
0.913965
0.932617
0.969922
1.00723
1.00723
1.00723
1.02588
0.988575
0.988575
0.932617
0.988575
0.895313
0.802051
0.858008
0.820703
0.783399
0.820703
0.95127
1.00723
1.08184
1.02588
1.08184
0.988575
0.95127
0.932617
0.932617
0.932617
1.00723
0.988575
1.02588
1.02588
0.988575
1.00723
0.988575
1.08184
1.02588
0.932617
0.87666
0.783399
0.727442
0.671485
0.727442
0.746094
0.820703
0.858008
0.746094
0.783399
0.820703
0.895313
0.95127
0.87666
0.87666
0.858008
1.00723
1.00723
0.988575
1.02588
1.08184
0.95127
0.932617
0.913965
0.95127
1.00723
1.10049
1.11914
1.08184
1.15645
1.1751
1.1751
1.11914
1.13779
1.08184
1.02588
1.06318
1.08184
1.10049
1.02588
1.08184
