1.08464
1.11751
1.0189
0.920301
0.920301
0.870999
0.986037
0.936735
0.887433
0.936735
1.00247
0.969603
0.953169
1.08464
1.13394
1.13394
1.15038
1.16681
1.16681
1.11751
1.15038
1.13394
1.11751
1.06821
1.11751
1.06821
1.13394
1.23255
1.18324
1.19968
1.08464
1.08464
1.03534
0.986037
0.903867
0.854565
0.920301
0.903867
0.920301
0.969603
0.953169
0.936735
0.953169
0.920301
0.78883
0.821697
0.838131
0.838131
0.870999
0.887433
0.78883
0.936735
0.969603
0.936735
1.0189
1.0189
0.986037
1.00247
0.969603
1.05177
1.03534
1.03534
1.15038
1.16681
1.15038
1.15038
1.03534
1.03534
1.03534
0.986037
1.00247
1.10107
1.00247
1.08464
1.06821
1.05177
1.11751
1.06821
0.969603
0.920301
0.953169
0.887433
0.903867
0.903867
0.805264
0.805264
0.772396
0.739528
0.838131
0.838131
0.986037
0.920301
0.838131
0.887433
0.920301
1.0189
0.969603
0.936735
0.887433
0.854565
0.920301
0.854565
0.838131
0.772396
0.772396
0.755962
0.772396
0.838131
0.78883
0.870999
0.903867
1.00247
1.03534
1.08464
1.15038
1.08464
1.05177
1.06821
0.986037
0.903867
0.870999
0.755962
0.673792
0.755962
0.739528
0.805264
0.805264
0.854565
0.838131
0.805264
0.755962
0.739528
0.78883
0.70666
0.739528
0.870999
0.920301
1.03534
1.03534
1.05177
0.936735
0.986037
0.887433
0.903867
0.821697
0.870999
0.772396
0.755962
0.739528
0.805264
0.838131
0.854565
0.854565
0.870999
0.870999
0.953169
0.986037
0.936735
0.936735
0.838131
0.854565
0.805264
0.920301
0.936735
0.870999
0.805264
0.723094
0.854565
0.887433
0.887433
0.936735
0.969603
1.0189
1.03534
0.920301
0.986037
0.986037
0.903867
0.936735
0.920301
0.936735
0.936735
0.969603
0.986037
0.903867
0.953169
0.953169
0.903867
0.920301
0.854565
0.920301
0.903867
0.903867
0.854565
0.887433
0.805264
0.772396
0.640924
0.640924
0.608056
0.62449
0.640924
0.591622
0.690226
0.78883
0.887433
0.920301
0.986037
1.03534
0.936735
0.887433
0.870999
0.920301
0.838131
0.821697
0.870999
0.870999
0.953169
1.08464
1.10107
1.13394
1.11751
1.16681
1.21611
1.16681
1.05177
1.0189
0.969603
0.854565
0.903867
0.870999
0.903867
0.920301
0.870999
0.870999
0.903867
1.0189
0.953169
1.00247
0.870999
0.821697
0.920301
0.854565
0.870999
0.838131
0.870999
0.936735
0.903867
0.936735
0.936735
0.838131
0.838131
0.903867
0.838131
0.887433
0.920301
0.953169
0.920301
0.870999
0.854565
0.887433
0.854565
0.920301
0.870999
0.838131
0.936735
0.887433
0.936735
1.0189
1.00247
1.0189
1.03534
0.986037
1.03534
1.0189
1.00247
0.969603
0.953169
0.936735
0.986037
1.03534
1.03534
0.969603
0.854565
0.903867
0.887433
0.953169
1.00247
1.00247
0.936735
1.00247
1.05177
1.03534
1.06821
1.06821
1.08464
1.00247
1.0189
1.00247
0.969603
1.00247
1.00247
1.00247
0.986037
0.969603
0.903867
0.953169
0.953169
1.0189
1.03534
1.00247
1.00247
1.00247
0.986037
0.953169
0.936735
0.870999
0.870999
0.739528
0.854565
0.903867
0.870999
0.903867
0.969603
0.936735
0.854565
0.920301
0.969603
0.969603
0.903867
0.969603
0.920301
0.838131
0.870999
0.838131
0.755962
0.821697
0.903867
0.870999
0.903867
1.00247
1.0189
0.936735
0.986037
0.953169
0.969603
0.887433
0.838131
0.838131
0.739528
0.78883
0.838131
0.838131
0.854565
0.805264
0.78883
0.755962
0.772396
0.821697
0.838131
0.821697
0.805264
0.772396
0.772396
0.673792
0.739528
0.821697
0.887433
0.920301
0.920301
1.0189
1.06821
1.08464
1.0189
0.969603
0.986037
1.00247
1.00247
0.953169
0.854565
0.887433
0.969603
0.953169
0.936735
0.953169
0.986037
1.08464
1.10107
1.06821
1.0189
0.986037
1.11751
1.15038
1.06821
0.986037
0.986037
0.920301
1.00247
0.986037
1.00247
0.887433
0.838131
0.772396
0.70666
0.78883
0.755962
0.821697
0.821697
0.821697
0.772396
0.755962
0.673792
0.70666
0.838131
0.739528
0.805264
0.805264
0.821697
0.821697
0.854565
0.870999
0.920301
1.0189
1.00247
1.13394
1.13394
1.15038
1.18324
1.03534
1.00247
1.06821
1.13394
1.11751
1.11751
1.11751
1.03534
0.986037
0.903867
0.78883
0.805264
0.805264
0.838131
0.805264
0.870999
0.887433
0.887433
0.870999
0.838131
0.78883
0.739528
0.723094
0.70666
0.739528
0.739528
0.805264
0.821697
0.969603
0.969603
0.953169
0.903867
0.887433
0.936735
0.920301
0.936735
0.920301
0.903867
0.887433
0.887433
0.920301
0.903867
0.887433
0.870999
0.821697
0.838131
0.887433
0.838131
0.903867
0.821697
0.838131
0.78883
0.887433
0.887433
0.870999
0.870999
0.936735
0.986037
1.00247
1.03534
1.05177
1.10107
1.15038
1.13394
1.11751
1.06821
0.986037
0.953169
1.00247
1.00247
1.00247
1.03534
1.06821
1.08464
1.11751
1.13394
1.10107
1.08464
0.920301
0.920301
0.854565
0.903867
0.821697
0.772396
0.772396
0.870999
0.920301
0.969603
0.969603
0.936735
0.969603
1.0189
1.06821
1.0189
0.969603
1.05177
0.986037
0.969603
0.969603
1.0189
1.00247
0.986037
0.920301
0.870999
0.854565
0.821697
0.805264
0.953169
0.986037
1.00247
1.0189
1.11751
1.05177
1.10107
1.16681
1.18324
1.21611
1.03534
1.08464
1.13394
1.18324
1.16681
1.11751
1.16681
1.16681
1.16681
1.06821
1.13394
1.10107
1.08464
1.05177
1.05177
0.953169
0.969603
0.936735
1.00247
1.00247
0.920301
1.0189
1.00247
0.986037
0.920301
1.00247
0.969603
0.969603
0.953169
1.00247
1.06821
1.08464
1.05177
0.986037
1.00247
1.05177
1.0189
0.969603
0.936735
1.00247
1.03534
1.08464
1.08464
1.10107
1.05177
1.10107
1.13394
1.03534
1.05177
1.10107
1.0189
0.953169
0.936735
0.969603
1.00247
1.03534
1.00247
0.986037
1.00247
1.0189
1.03534
0.903867
0.986037
0.920301
0.920301
0.887433
0.969603
0.920301
1.00247
1.03534
1.0189
1.00247
0.953169
0.986037
0.953169
0.969603
0.903867
0.936735
0.920301
0.903867
0.887433
0.936735
0.887433
0.755962
0.821697
0.920301
0.920301
0.969603
0.986037
1.0189
0.969603
0.936735
0.953169
0.920301
0.870999
0.854565
0.903867
0.870999
0.805264
0.838131
0.903867
0.969603
1.00247
1.08464
1.13394
1.15038
1.16681
1.19968
1.15038
1.11751
1.23255
1.23255
1.19968
1.16681
1.13394
1.03534
1.00247
1.03534
0.986037
0.969603
0.969603
0.969603
0.953169
0.903867
0.854565
0.854565
0.838131
0.838131
0.854565
0.887433
0.772396
0.805264
0.854565
0.821697
0.887433
1.0189
0.969603
0.936735
0.969603
0.986037
0.903867
0.854565
0.887433
0.920301
0.903867
0.920301
0.887433
0.887433
0.854565
0.953169
0.969603
1.0189
1.0189
0.969603
0.953169
0.986037
0.969603
0.887433
0.854565
0.821697
0.870999
0.870999
0.821697
0.903867
0.969603
1.05177
1.13394
1.10107
1.13394
1.11751
1.00247
0.903867
0.821697
0.838131
0.887433
0.805264
0.821697
0.723094
0.690226
0.690226
0.723094
0.772396
0.739528
0.772396
0.772396
0.723094
0.739528
0.690226
0.723094
0.772396
0.78883
0.821697
0.805264
0.805264
0.821697
0.870999
1.0189
0.953169
0.953169
1.0189
0.953169
0.986037
0.969603
0.903867
0.986037
0.986037
0.969603
0.986037
1.0189
0.936735
0.936735
1.00247
1.05177
1.00247
0.936735
0.870999
0.936735
0.969603
0.986037
1.10107
1.0189
0.903867
0.838131
0.887433
0.854565
0.805264
0.821697
0.920301
0.920301
0.887433
0.920301
0.903867
0.854565
0.887433
0.772396
0.723094
0.755962
0.755962
0.70666
0.70666
0.70666
0.673792
0.657358
0.723094
0.821697
0.854565
0.854565
0.854565
0.772396
0.70666
0.690226
0.640924
0.70666
0.755962
0.805264
0.805264
0.772396
0.70666
0.690226
0.673792
0.755962
0.805264
0.903867
0.887433
0.920301
1.0189
1.0189
0.986037
0.920301
0.953169
0.854565
0.887433
0.821697
0.805264
0.870999
0.986037
1.00247
1.06821
1.06821
1.05177
1.06821
0.986037
0.953169
0.953169
0.920301
0.953169
0.969603
1.05177
1.05177
1.0189
1.0189
1.03534
1.05177
1.06821
1.05177
1.13394
1.10107
1.19968
1.16681
1.11751
1.11751
1.03534
0.986037
0.920301
0.986037
0.986037
0.986037
0.953169
0.854565
0.838131
0.755962
0.805264
0.821697
0.870999
0.887433
0.986037
0.903867
0.903867
0.903867
0.903867
0.78883
0.805264
0.870999
0.838131
0.920301
0.936735
0.936735
0.920301
0.920301
0.969603
0.936735
0.936735
0.920301
1.08464
1.08464
1.08464
1.06821
1.08464
1.15038
1.18324
1.21611
1.15038
1.19968
1.06821
1.16681
1.11751
1.13394
1.15038
1.06821
0.986037
1.10107
1.10107
1.06821
1.08464
1.08464
1.13394
1.18324
1.06821
1.05177
1.08464
1.21611
1.28185
1.26541
1.24898
1.19968
1.23255
1.10107
1.10107
1.16681
1.16681
1.16681
1.16681
1.15038
1.05177
1.06821
1.06821
1.06821
1.03534
0.953169
0.969603
0.953169
0.953169
1.06821
1.06821
0.986037
0.986037
0.936735
0.953169
0.936735
0.870999
0.887433
0.887433
0.953169
1.00247
1.0189
1.06821
1.08464
1.00247
1.06821
1.10107
1.06821
1.03534
1.0189
1.03534
1.03534
1.03534
1.00247
0.986037
0.953169
0.953169
0.887433
0.887433
0.936735
0.953169
0.920301
0.838131
0.953169
0.78883
0.723094
0.690226
0.739528
0.673792
0.673792
0.739528
0.805264
0.821697
0.870999
0.903867
0.936735
0.953169
0.953169
0.887433
0.936735
0.838131
0.805264
0.755962
0.821697
0.78883
0.755962
0.772396
0.755962
0.78883
0.887433
0.887433
0.920301
0.986037
1.00247
1.06821
0.986037
0.969603
0.969603
0.903867
0.887433
0.936735
0.887433
0.920301
0.854565
0.887433
0.953169
0.887433
0.887433
0.838131
0.854565
0.78883
0.78883
0.821697
0.854565
0.920301
0.920301
0.903867
0.838131
0.772396
0.78883
0.805264
0.838131
0.969603
0.920301
0.969603
1.06821
1.0189
1.03534
0.936735
0.920301
0.986037
0.920301
0.936735
0.903867
0.887433
0.854565
0.772396
0.854565
0.936735
1.0189
1.10107
1.03534
1.05177
1.08464
1.13394
1.16681
1.16681
1.13394
1.08464
1.11751
1.11751
1.06821
1.13394
1.16681
1.15038
1.15038
1.03534
1.0189
0.986037
0.969603
1.03534
1.10107
1.05177
1.05177
1.10107
1.06821
1.08464
1.03534
1.00247
0.936735
0.920301
0.936735
1.00247
1.11751
1.03534
1.00247
0.936735
1.06821
1.10107
1.19968
1.15038
1.18324
1.08464
1.06821
1.10107
1.05177
1.03534
1.08464
1.08464
1.06821
1.03534
1.0189
1.0189
0.969603
0.953169
0.936735
0.887433
0.821697
0.870999
0.936735
1.00247
1.03534
1.00247
1.00247
1.10107
1.16681
1.13394
1.08464
1.06821
1.08464
1.00247
1.00247
0.986037
0.986037
1.03534
1.00247
1.05177
1.11751
1.10107
1.10107
1.06821
1.03534
1.0189
1.05177
1.06821
1.13394
1.05177
0.986037
0.920301
0.920301
0.969603
0.936735
0.936735
1.03534
1.0189
0.986037
1.03534
1.05177
1.11751
1.16681
1.19968
1.26541
1.19968
1.08464
1.03534
0.920301
0.920301
0.920301
0.870999
0.838131
0.821697
0.903867
0.870999
0.78883
0.772396
0.723094
0.78883
0.854565
0.969603
0.986037
1.00247
0.953169
0.903867
0.821697
0.854565
0.854565
0.838131
0.920301
0.986037
1.0189
0.986037
0.903867
0.903867
0.903867
0.936735
1.00247
0.986037
1.03534
1.05177
1.0189
1.05177
1.11751
1.13394
1.10107
1.05177
1.0189
0.887433
0.887433
0.78883
0.887433
0.821697
0.838131
0.821697
0.78883
0.887433
0.936735
0.870999
0.854565
0.887433
0.887433
1.00247
0.936735
0.903867
0.986037
1.03534
1.11751
1.18324
1.13394
1.11751
1.06821
1.06821
1.08464
0.953169
1.00247
0.953169
0.953169
0.953169
0.920301
0.887433
0.838131
0.920301
0.936735
1.08464
1.08464
1.11751
1.08464
1.08464
1.11751
1.24898
1.16681
1.16681
1.26541
1.28185
1.26541
1.21611
1.24898
1.13394
1.16681
1.08464
1.11751
1.11751
1.16681
1.03534
1.08464
1.06821
0.969603
0.953169
1.00247
0.986037
1.03534
1.03534
1.00247
0.986037
0.936735
0.887433
0.903867
0.936735
0.969603
0.936735
1.0189
1.10107
1.10107
1.16681
1.18324
1.11751
1.11751
1.13394
1.16681
1.05177
0.969603
1.00247
1.00247
1.08464
1.00247
0.986037
0.969603
1.05177
1.08464
1.0189
1.00247
0.953169
0.903867
0.920301
0.969603
1.10107
1.05177
0.986037
1.03534
0.953169
1.00247
0.986037
0.920301
0.903867
0.821697
0.903867
0.870999
0.969603
0.936735
0.953169
0.953169
0.969603
0.936735
0.936735
0.920301
0.969603
0.903867
0.986037
0.986037
1.03534
1.13394
1.19968
1.13394
1.11751
1.23255
1.23255
1.28185
1.24898
1.23255
1.19968
1.13394
1.06821
1.03534
0.936735
0.920301
0.870999
0.838131
0.854565
0.903867
0.854565
0.903867
0.920301
0.986037
1.0189
1.05177
1.05177
1.05177
1.08464
1.10107
1.13394
1.15038
1.08464
1.10107
1.05177
1.05177
1.10107
0.953169
0.887433
0.920301
0.986037
1.06821
1.10107
1.15038
1.21611
1.11751
1.15038
1.18324
1.21611
1.05177
1.06821
1.06821
1.10107
1.06821
1.06821
1.15038
1.15038
1.19968
1.10107
1.06821
0.986037
0.986037
0.986037
0.969603
1.10107
1.03534
0.969603
0.953169
0.920301
0.986037
0.920301
0.870999
0.920301
0.903867
0.920301
0.870999
0.903867
0.838131
0.887433
0.903867
0.903867
0.887433
0.838131
0.772396
0.805264
0.690226
0.657358
0.608056
0.608056
0.673792
0.723094
0.723094
0.887433
0.936735
0.969603
0.986037
0.969603
0.969603
1.10107
1.00247
1.00247
0.887433
0.870999
0.838131
0.805264
0.739528
0.78883
0.821697
0.78883
0.887433
0.969603
1.05177
1.15038
1.18324
1.11751
1.28185
1.24898
1.21611
1.0189
1.10107
1.11751
1.06821
1.13394
1.10107
1.06821
1.10107
1.05177
1.15038
1.11751
1.23255
1.10107
0.953169
0.936735
0.920301
0.953169
0.969603
0.969603
1.0189
0.920301
0.953169
0.936735
0.887433
0.821697
0.805264
0.854565
0.920301
0.969603
0.887433
0.870999
0.920301
0.986037
0.986037
1.06821
1.05177
0.986037
1.00247
1.00247
1.05177
1.16681
1.21611
1.28185
1.21611
1.24898
1.33115
1.33115
1.24898
1.18324
1.15038
1.15038
1.11751
1.05177
1.03534
1.08464
1.0189
0.969603
0.936735
0.821697
0.805264
0.870999
0.969603
0.887433
0.953169
0.936735
1.00247
0.986037
1.0189
0.920301
0.936735
0.887433
0.854565
0.821697
0.920301
0.936735
1.00247
1.06821
1.00247
1.10107
1.10107
1.08464
1.15038
1.06821
1.05177
1.08464
1.08464
1.06821
1.00247
1.0189
1.0189
1.08464
1.00247
0.887433
0.903867
0.903867
0.903867
0.969603
1.0189
0.953169
0.953169
0.887433
0.838131
0.887433
0.870999
0.805264
0.838131
0.870999
0.870999
0.903867
0.887433
0.870999
0.854565
0.953169
1.00247
0.969603
0.953169
0.953169
0.953169
0.986037
0.953169
0.953169
0.969603
0.870999
0.805264
0.887433
0.920301
1.03534
1.05177
1.00247
0.986037
1.03534
0.986037
0.920301
0.920301
0.936735
0.920301
0.936735
0.986037
1.0189
1.05177
1.05177
1.0189
1.0189
0.870999
0.838131
0.903867
0.887433
0.887433
0.903867
0.986037
1.05177
1.10107
1.03534
1.00247
1.05177
1.10107
1.06821
1.08464
1.0189
0.986037
0.920301
0.920301
0.903867
0.887433
1.0189
1.06821
1.0189
1.10107
1.16681
1.24898
1.24898
1.24898
1.29828
1.21611
1.11751
1.05177
0.969603
0.920301
0.870999
0.870999
0.903867
0.953169
1.00247
1.0189
1.08464
1.00247
0.953169
0.854565
0.870999
0.986037
0.903867
0.903867
0.887433
0.920301
0.969603
0.838131
0.805264
0.887433
0.903867
0.854565
0.870999
0.920301
1.03534
0.986037
1.00247
1.00247
1.00247
1.03534
1.0189
1.05177
1.06821
1.03534
1.10107
1.11751
1.18324
1.19968
1.23255
1.19968
1.23255
1.23255
1.19968
1.18324
1.16681
1.18324
1.16681
1.05177
1.08464
1.05177
0.969603
1.03534
1.06821
1.06821
1.05177
1.05177
1.00247
0.903867
0.870999
0.870999
0.821697
0.854565
0.838131
0.903867
0.920301
0.953169
0.903867
1.0189
0.887433
0.953169
1.00247
1.06821
1.08464
1.18324
1.10107
1.10107
1.10107
1.03534
1.06821
1.15038
1.19968
1.11751
1.16681
1.11751
1.03534
1.05177
1.05177
1.05177
1.11751
1.16681
1.15038
1.19968
1.21611
1.28185
1.23255
1.11751
1.06821
1.06821
1.03534
1.03534
1.00247
0.969603
0.920301
0.936735
0.903867
0.78883
0.838131
0.903867
1.00247
0.986037
1.00247
1.0189
1.0189
0.969603
1.0189
1.00247
1.06821
1.15038
1.13394
1.06821
1.00247
1.08464
1.05177
1.18324
1.16681
1.18324
1.16681
1.16681
1.05177
1.08464
1.05177
1.03534
1.00247
1.00247
1.00247
1.11751
1.05177
1.10107
1.05177
1.0189
1.08464
1.19968
1.24898
1.18324
1.03534
1.0189
1.13394
1.00247
1.00247
0.953169
0.887433
0.920301
0.936735
0.903867
0.838131
0.887433
0.887433
1.00247
0.870999
0.953169
1.05177
0.953169
0.920301
0.969603
0.903867
0.969603
1.03534
1.06821
1.06821
1.00247
1.10107
1.15038
1.13394
1.24898
1.21611
1.19968
1.18324
1.21611
1.18324
1.11751
1.13394
1.10107
1.16681
1.16681
1.24898
1.19968
1.19968
1.28185
1.29828
1.28185
1.21611
1.16681
1.11751
1.08464
1.05177
0.969603
1.06821
0.986037
0.870999
0.821697
0.838131
0.838131
0.887433
0.920301
0.920301
0.870999
0.838131
0.953169
0.953169
1.08464
1.13394
1.08464
1.23255
1.23255
1.16681
1.18324
1.13394
0.969603
0.969603
1.00247
0.986037
1.03534
1.06821
1.0189
0.986037
1.06821
1.11751
1.10107
1.06821
1.05177
1.08464
1.08464
1.05177
1.05177
1.11751
1.0189
1.03534
1.0189
0.953169
0.920301
0.854565
0.854565
0.838131
0.870999
0.903867
0.887433
0.838131
0.772396
0.723094
0.690226
0.739528
0.755962
0.739528
0.755962
0.739528
0.854565
0.821697
0.870999
0.870999
0.772396
0.772396
0.805264
0.936735
0.903867
0.887433
0.920301
0.870999
0.870999
1.00247
1.08464
1.13394
1.08464
0.969603
0.887433
0.838131
0.903867
0.887433
0.986037
1.10107
1.03534
1.06821
1.06821
0.986037
1.0189
0.986037
1.05177
1.10107
1.08464
1.03534
1.03534
1.05177
1.06821
1.0189
0.986037
1.0189
1.0189
0.936735
0.953169
0.870999
0.870999
0.887433
0.903867
0.821697
0.821697
0.854565
0.821697
0.887433
0.821697
0.723094
0.838131
0.78883
0.870999
0.854565
0.887433
0.870999
0.936735
0.903867
0.854565
0.903867
0.854565
0.755962
0.772396
0.838131
0.772396
0.739528
0.755962
0.772396
0.821697
0.805264
0.78883
0.870999
0.854565
0.920301
0.986037
0.953169
1.0189
1.0189
1.00247
1.0189
0.887433
0.887433
0.870999
0.772396
0.854565
0.870999
0.953169
0.920301
0.903867
0.903867
0.887433
0.821697
0.887433
0.887433
0.887433
0.969603
0.953169
0.920301
0.920301
0.986037
1.03534
0.953169
0.870999
0.887433
1.00247
1.03534
1.00247
0.903867
0.920301
0.953169
0.920301
0.870999
0.887433
0.838131
0.920301
0.953169
1.0189
0.953169
1.0189
0.953169
0.920301
0.903867
0.936735
1.00247
1.08464
1.11751
1.13394
1.16681
1.23255
1.24898
1.33115
1.36402
1.31472
1.33115
1.28185
1.33115
1.24898
1.24898
1.29828
1.18324
1.13394
1.15038
1.08464
1.03534
1.03534
1.05177
1.0189
1.03534
1.05177
1.13394
1.16681
1.18324
1.21611
1.28185
1.31472
1.29828
1.26541
1.31472
1.29828
1.34758
1.33115
1.31472
1.36402
1.26541
1.24898
1.19968
1.13394
1.08464
1.06821
1.10107
1.15038
1.11751
1.19968
1.11751
1.13394
1.11751
1.05177
1.0189
1.0189
0.953169
0.870999
0.903867
0.953169
0.936735
0.920301
0.920301
0.936735
0.936735
0.953169
0.969603
0.969603
0.969603
0.953169
0.870999
0.887433
0.838131
0.887433
1.03534
1.03534
