0.867433
0.914321
0.867433
0.843989
0.902599
0.890877
0.879155
0.867433
0.879155
0.867433
0.808822
0.867433
0.843989
0.808822
0.832267
0.785378
0.785378
0.832267
0.843989
0.867433
0.949487
0.867433
0.879155
0.902599
0.914321
0.972931
1.0081
0.972931
1.06671
1.04326
1.09015
1.04326
1.05499
1.07843
1.04326
0.996375
0.902599
0.879155
0.902599
0.855711
0.879155
0.961209
0.867433
0.914321
0.914321
0.937765
1.03154
1.06671
1.03154
1.03154
0.984653
0.949487
0.961209
0.984653
0.937765
1.03154
1.09015
1.04326
1.07843
1.1136
1.07843
1.04326
0.949487
0.867433
0.867433
0.867433
0.867433
0.855711
0.867433
0.879155
0.914321
0.949487
0.972931
1.0081
0.984653
1.0081
1.0081
1.01982
0.972931
0.902599
0.926043
0.984653
0.937765
0.926043
1.0081
1.07843
1.07843
1.10187
1.01982
1.03154
1.07843
1.04326
1.10187
1.1136
1.14876
1.13704
1.13704
1.17221
1.16048
1.19565
1.09015
0.949487
0.914321
0.914321
1.0081
0.961209
1.03154
1.06671
1.10187
0.984653
0.972931
0.926043
0.914321
1.07843
1.05499
0.961209
0.949487
0.855711
0.843989
0.843989
0.843989
0.867433
0.890877
0.914321
0.879155
0.890877
0.926043
0.879155
0.937765
0.937765
0.902599
0.855711
0.832267
0.7971
0.715046
0.73849
0.703324
0.67988
0.67988
0.715046
0.761934
0.73849
0.691602
0.761934
0.726768
0.832267
0.914321
0.984653
0.914321
0.926043
0.890877
0.879155
0.902599
0.926043
0.890877
0.843989
0.867433
0.7971
0.73849
0.832267
0.879155
0.902599
0.890877
0.902599
0.855711
0.7971
0.820544
0.820544
0.773656
0.726768
0.73849
0.726768
0.73849
0.726768
0.7971
0.832267
0.843989
0.902599
0.879155
0.843989
0.843989
0.832267
0.926043
0.914321
0.902599
0.820544
0.867433
0.914321
0.902599
0.890877
0.926043
0.867433
0.879155
0.867433
0.879155
0.926043
0.937765
0.926043
0.937765
0.832267
0.867433
0.855711
0.7971
0.867433
0.7971
0.7971
0.73849
0.750212
0.715046
0.785378
0.890877
0.949487
0.879155
0.867433
0.867433
0.914321
0.855711
0.890877
0.902599
0.949487
1.0081
1.06671
1.12532
1.23082
1.25426
1.2777
1.31287
1.34804
1.33632
1.32459
1.21909
1.16048
1.20737
1.13704
1.23082
1.19565
1.13704
1.16048
1.13704
1.13704
1.07843
1.01982
0.972931
0.867433
0.914321
0.926043
0.949487
0.937765
0.972931
0.996375
0.961209
1.0081
1.06671
1.10187
1.01982
1.1136
1.12532
1.07843
1.03154
1.05499
1.05499
1.09015
1.09015
1.1136
1.10187
1.1136
1.06671
1.01982
0.996375
1.07843
1.04326
1.05499
1.0081
0.996375
0.937765
0.996375
1.04326
1.05499
0.996375
0.902599
0.914321
0.984653
1.0081
0.937765
0.926043
0.855711
0.785378
0.785378
0.785378
0.843989
0.855711
0.949487
0.914321
0.890877
0.937765
0.937765
0.890877
0.843989
0.867433
0.937765
0.984653
1.06671
1.07843
1.06671
1.06671
1.0081
1.0081
1.04326
1.0081
1.0081
0.972931
0.972931
0.890877
0.843989
0.926043
0.961209
0.902599
0.902599
0.867433
0.773656
0.7971
0.808822
0.7971
0.820544
0.7971
0.902599
0.902599
0.972931
0.996375
1.01982
1.06671
1.1136
1.10187
1.0081
1.04326
0.926043
0.890877
0.879155
0.937765
0.902599
0.867433
0.843989
0.820544
0.820544
0.832267
0.902599
0.972931
0.926043
0.890877
0.926043
0.949487
0.984653
0.972931
0.972931
0.972931
0.937765
0.914321
0.879155
0.937765
0.996375
0.984653
1.07843
1.1136
1.06671
1.07843
1.06671
1.14876
1.18393
1.07843
0.961209
0.949487
1.03154
1.10187
1.16048
1.2777
1.19565
1.17221
1.1136
1.05499
1.04326
1.03154
0.937765
0.914321
0.937765
0.820544
0.7971
0.879155
0.914321
0.914321
0.949487
0.879155
0.902599
0.879155
0.914321
0.914321
0.926043
1.0081
1.07843
1.1136
1.16048
1.09015
1.07843
1.06671
1.03154
1.01982
0.926043
0.832267
0.879155
0.926043
0.949487
0.996375
0.902599
0.879155
0.949487
0.961209
0.890877
0.843989
0.761934
0.785378
0.808822
0.773656
0.785378
0.773656
0.808822
0.867433
0.996375
1.04326
1.03154
1.01982
0.972931
0.902599
0.937765
0.914321
0.879155
0.843989
0.855711
0.926043
0.914321
0.949487
0.902599
0.949487
0.937765
0.855711
0.7971
0.750212
0.656436
0.691602
0.703324
0.750212
0.750212
0.726768
0.750212
0.726768
0.785378
0.808822
0.832267
0.890877
0.890877
0.926043
0.949487
0.961209
0.926043
0.879155
0.879155
0.867433
0.855711
0.820544
0.855711
0.855711
0.867433
0.843989
0.879155
0.902599
0.855711
0.855711
0.820544
0.832267
0.7971
0.808822
0.843989
0.926043
1.04326
1.03154
1.05499
1.09015
1.0081
1.0081
1.03154
1.05499
0.984653
0.996375
0.984653
0.984653
1.06671
1.05499
1.06671
1.05499
0.972931
0.949487
0.972931
0.984653
0.949487
0.949487
0.937765
1.0081
1.07843
1.04326
1.14876
1.16048
1.13704
1.1136
1.16048
1.21909
1.09015
0.996375
0.937765
0.972931
1.07843
1.04326
1.03154
1.06671
1.09015
1.1136
1.12532
1.10187
1.10187
1.07843
1.03154
1.03154
1.01982
0.984653
1.05499
1.01982
1.01982
0.949487
0.972931
0.996375
0.914321
0.902599
0.890877
0.855711
0.750212
0.750212
0.808822
0.843989
0.855711
0.855711
0.890877
0.914321
0.996375
0.937765
0.926043
0.890877
0.914321
0.914321
0.972931
0.984653
1.0081
1.03154
1.01982
1.01982
0.984653
0.984653
1.07843
1.01982
0.984653
0.972931
0.949487
0.949487
0.937765
0.972931
0.972931
0.996375
0.926043
0.972931
0.996375
1.01982
1.05499
0.996375
1.0081
0.949487
0.914321
0.902599
0.949487
0.937765
0.996375
0.961209
0.914321
0.914321
0.937765
0.949487
0.996375
1.04326
1.09015
1.05499
0.972931
1.0081
1.04326
1.0081
0.961209
0.949487
0.902599
0.867433
0.867433
0.914321
0.949487
0.961209
1.01982
1.05499
1.05499
1.04326
1.09015
1.07843
1.16048
1.18393
1.26598
1.19565
1.16048
1.1136
1.09015
1.01982
0.961209
0.949487
0.926043
0.890877
0.926043
0.902599
0.879155
0.867433
0.902599
0.949487
0.984653
1.04326
1.1136
1.1136
1.09015
1.1136
1.12532
1.03154
1.01982
1.03154
1.01982
1.03154
0.996375
1.03154
1.10187
1.1136
1.04326
1.01982
1.0081
0.926043
0.937765
0.984653
0.961209
0.961209
0.902599
0.949487
0.961209
1.01982
1.05499
1.04326
0.914321
0.914321
0.902599
0.914321
0.984653
0.926043
0.972931
1.05499
1.04326
1.06671
1.0081
1.03154
1.10187
1.06671
0.996375
1.0081
1.03154
1.01982
0.949487
0.914321
0.949487
0.879155
0.914321
0.902599
0.914321
0.949487
0.902599
0.867433
0.937765
1.03154
1.14876
1.14876
1.12532
1.10187
1.12532
1.09015
1.09015
1.10187
1.10187
1.05499
1.0081
1.0081
0.937765
0.972931
1.03154
1.10187
1.1136
1.09015
1.09015
0.961209
1.0081
0.949487
0.890877
0.902599
0.949487
0.972931
0.972931
0.972931
1.06671
1.12532
1.10187
1.13704
1.16048
1.14876
1.10187
1.06671
1.09015
1.07843
1.17221
1.10187
1.12532
1.14876
1.09015
1.06671
1.06671
1.09015
1.18393
1.17221
1.13704
1.14876
1.16048
1.1136
1.04326
1.01982
1.0081
1.01982
1.0081
1.05499
1.03154
1.04326
0.996375
1.0081
0.984653
1.05499
1.07843
1.09015
1.14876
1.05499
1.06671
1.0081
0.949487
0.914321
0.996375
0.996375
0.926043
0.937765
0.926043
0.961209
0.972931
1.06671
1.05499
1.09015
1.14876
1.18393
1.28943
1.26598
1.25426
1.30115
1.25426
1.26598
1.24254
1.19565
1.17221
1.10187
1.07843
1.0081
1.04326
0.984653
0.972931
1.03154
0.984653
0.972931
0.961209
0.949487
0.961209
1.01982
1.06671
1.0081
1.1136
1.09015
1.1136
1.12532
1.07843
1.13704
1.17221
1.24254
1.17221
1.18393
1.12532
1.20737
1.20737
1.17221
1.13704
1.09015
1.06671
0.984653
0.972931
1.07843
1.12532
1.07843
1.05499
1.06671
1.03154
1.03154
0.926043
0.902599
0.926043
0.961209
1.03154
1.03154
1.04326
1.01982
0.972931
1.0081
1.03154
1.04326
1.04326
1.09015
1.14876
1.1136
1.06671
1.03154
0.996375
1.04326
1.04326
1.06671
1.09015
0.961209
0.926043
0.949487
1.01982
1.04326
1.04326
1.05499
1.04326
1.09015
1.14876
0.996375
0.926043
0.972931
0.926043
0.914321
0.937765
0.937765
0.879155
0.961209
0.996375
1.04326
1.03154
1.06671
1.07843
1.09015
1.0081
1.01982
1.01982
0.996375
0.890877
0.926043
0.926043
0.972931
0.937765
0.926043
0.984653
1.01982
1.01982
1.01982
0.961209
0.902599
0.820544
0.855711
0.949487
0.926043
0.961209
0.972931
0.914321
0.902599
1.03154
0.961209
0.972931
0.926043
1.01982
1.07843
1.09015
1.13704
1.21909
1.16048
1.16048
1.21909
1.17221
1.13704
1.12532
1.06671
1.06671
0.996375
0.949487
0.949487
0.926043
0.972931
1.01982
1.0081
1.03154
1.0081
0.914321
0.961209
0.996375
1.16048
1.09015
1.12532
1.07843
1.01982
1.06671
1.07843
1.1136
1.09015
1.0081
1.01982
1.03154
0.984653
0.914321
0.984653
1.03154
1.04326
1.07843
1.09015
1.03154
1.03154
0.926043
1.0081
0.937765
0.996375
1.01982
1.04326
0.949487
0.867433
0.879155
0.855711
0.867433
0.843989
0.843989
0.820544
0.808822
0.832267
0.890877
0.879155
0.855711
0.855711
0.879155
0.867433
0.855711
0.937765
0.984653
1.04326
1.04326
1.03154
1.07843
1.10187
1.09015
1.01982
1.05499
1.09015
1.06671
1.04326
1.07843
1.05499
1.09015
1.05499
1.07843
0.972931
0.926043
0.996375
1.03154
0.984653
0.961209
0.972931
0.961209
1.04326
1.03154
0.961209
0.926043
0.984653
0.996375
1.01982
1.03154
1.01982
1.05499
1.07843
1.06671
1.06671
0.984653
0.961209
0.996375
0.926043
0.902599
0.902599
0.914321
0.867433
0.832267
0.914321
0.949487
0.902599
0.961209
0.972931
0.972931
0.961209
1.09015
1.0081
1.0081
1.01982
1.09015
1.06671
1.13704
1.10187
1.07843
1.0081
1.06671
1.07843
1.09015
1.03154
1.0081
1.04326
0.996375
0.926043
0.855711
0.785378
0.785378
0.7971
0.843989
0.890877
0.926043
0.890877
0.926043
0.996375
0.961209
0.961209
0.926043
0.972931
0.961209
0.949487
0.879155
0.820544
0.7971
0.726768
0.67988
0.773656
0.785378
0.761934
0.843989
0.843989
0.879155
0.914321
1.01982
1.04326
1.0081
0.972931
0.914321
0.843989
0.890877
0.926043
0.890877
0.914321
0.949487
0.855711
0.855711
0.902599
1.0081
0.972931
0.961209
0.914321
0.926043
0.914321
0.972931
0.996375
0.972931
1.0081
1.03154
1.01982
1.04326
1.10187
1.09015
1.04326
1.07843
1.03154
1.06671
1.05499
1.01982
1.0081
0.949487
1.0081
0.996375
1.01982
1.06671
1.10187
1.07843
1.13704
1.09015
1.12532
1.06671
1.12532
1.13704
1.16048
1.12532
1.10187
1.07843
1.01982
0.972931
0.972931
1.07843
1.09015
1.13704
1.1136
1.09015
1.13704
1.16048
1.17221
1.24254
1.26598
1.26598
1.30115
1.25426
1.21909
1.23082
1.23082
1.14876
1.06671
0.984653
0.914321
0.914321
0.996375
0.984653
1.07843
1.07843
1.10187
1.10187
1.06671
1.05499
1.04326
1.06671
1.04326
0.972931
0.937765
0.867433
0.855711
0.890877
0.972931
0.961209
1.03154
1.10187
1.10187
1.07843
1.01982
1.09015
1.07843
1.04326
1.05499
0.961209
0.972931
1.0081
0.937765
0.972931
1.03154
1.06671
1.04326
1.0081
1.01982
1.0081
1.05499
1.13704
1.16048
1.14876
1.14876
1.13704
1.04326
1.06671
1.05499
1.03154
1.01982
0.972931
0.961209
1.0081
1.01982
1.0081
0.961209
0.914321
0.972931
0.972931
1.01982
1.03154
1.01982
0.972931
1.01982
1.01982
0.996375
1.05499
1.09015
1.06671
1.10187
1.06671
1.05499
1.07843
1.09015
1.12532
1.16048
1.17221
1.1136
1.03154
1.04326
1.04326
0.972931
0.937765
0.890877
0.890877
0.867433
0.808822
0.7971
0.808822
0.726768
0.726768
0.73849
0.773656
0.761934
0.773656
0.785378
0.750212
0.7971
0.832267
0.855711
0.867433
0.926043
0.949487
0.937765
0.961209
0.914321
0.902599
0.867433
0.773656
0.879155
0.972931
0.996375
1.03154
0.961209
0.879155
0.937765
0.961209
0.961209
0.961209
0.972931
1.0081
0.972931
0.961209
0.996375
1.03154
1.09015
1.09015
1.04326
1.03154
1.05499
1.0081
0.972931
1.0081
0.949487
0.961209
0.984653
1.01982
1.01982
1.0081
1.07843
1.04326
0.984653
0.937765
0.902599
0.902599
0.879155
0.832267
0.902599
0.855711
0.855711
0.890877
0.879155
0.914321
0.902599
0.914321
0.937765
0.949487
0.984653
1.06671
1.03154
1.09015
1.09015
1.07843
1.06671
1.03154
1.03154
1.0081
0.937765
0.972931
1.03154
1.09015
1.10187
1.1136
1.06671
0.949487
1.0081
0.972931
0.890877
0.832267
0.832267
0.832267
0.855711
0.867433
0.867433
0.879155
0.890877
0.867433
0.937765
0.855711
0.7971
0.761934
0.7971
0.7971
0.843989
0.902599
0.961209
0.914321
0.902599
0.961209
0.984653
0.972931
0.996375
1.09015
1.10187
1.03154
1.04326
1.05499
1.05499
1.05499
1.05499
1.01982
0.996375
0.996375
1.03154
1.04326
1.05499
1.06671
1.04326
1.0081
1.06671
1.03154
0.984653
0.961209
1.04326
1.06671
1.03154
1.12532
1.07843
0.961209
0.949487
0.961209
1.01982
1.06671
1.07843
1.03154
1.09015
1.06671
1.06671
1.12532
1.14876
1.14876
1.01982
0.961209
0.972931
0.984653
1.0081
1.07843
1.05499
1.0081
0.984653
1.01982
0.926043
0.926043
0.914321
0.879155
0.879155
0.855711
0.855711
0.937765
0.984653
0.984653
1.03154
1.06671
1.10187
1.1136
1.07843
0.984653
0.937765
0.914321
0.855711
0.832267
0.7971
0.879155
0.914321
0.855711
0.972931
0.961209
0.879155
0.855711
0.937765
0.914321
0.961209
0.984653
0.961209
0.984653
1.04326
1.09015
1.09015
1.03154
1.05499
1.09015
1.03154
0.961209
0.961209
0.926043
0.902599
0.937765
0.961209
0.984653
0.961209
0.972931
1.03154
1.04326
1.01982
1.0081
0.961209
0.926043
0.949487
1.0081
1.04326
0.926043
0.914321
0.926043
0.926043
0.902599
0.879155
0.867433
0.867433
0.832267
0.890877
0.890877
0.867433
0.879155
0.902599
0.949487
0.926043
0.937765
0.949487
0.949487
0.914321
0.867433
0.867433
0.785378
0.785378
0.879155
0.902599
0.961209
0.961209
0.972931
1.03154
1.03154
1.03154
0.984653
0.937765
0.926043
0.855711
0.808822
0.808822
0.843989
0.890877
0.890877
0.890877
0.890877
0.902599
0.926043
0.890877
0.902599
0.879155
0.820544
0.867433
0.949487
0.879155
0.890877
0.914321
0.902599
0.926043
0.914321
0.902599
0.926043
0.902599
0.879155
0.926043
0.914321
0.972931
1.01982
1.0081
1.07843
1.05499
1.03154
1.03154
1.0081
0.972931
0.961209
0.855711
0.785378
0.761934
0.879155
0.914321
0.972931
0.972931
0.961209
1.04326
1.01982
1.0081
1.05499
1.07843
1.05499
0.996375
1.0081
1.0081
0.984653
0.984653
0.949487
0.937765
0.890877
0.926043
0.961209
0.972931
0.972931
0.984653
0.937765
0.926043
0.937765
0.937765
0.984653
1.06671
1.12532
1.13704
1.1136
1.03154
1.01982
0.972931
0.996375
0.996375
1.01982
0.937765
0.972931
0.972931
1.0081
1.03154
1.05499
1.0081
1.06671
1.06671
1.1136
1.12532
1.1136
1.1136
1.12532
1.23082
1.20737
1.18393
1.17221
1.10187
0.949487
0.961209
0.996375
1.0081
0.984653
0.972931
0.890877
0.926043
1.0081
1.06671
1.10187
1.07843
1.12532
1.16048
1.10187
1.03154
1.04326
1.07843
1.09015
1.13704
1.12532
1.18393
1.21909
1.18393
1.17221
1.17221
1.09015
1.09015
1.07843
1.17221
1.19565
1.17221
1.12532
1.03154
1.05499
1.06671
1.07843
1.06671
1.13704
1.13704
1.14876
1.09015
1.05499
1.12532
1.03154
1.0081
0.996375
0.949487
0.879155
0.902599
0.879155
0.949487
1.03154
1.06671
1.06671
1.0081
0.984653
1.03154
1.06671
1.04326
1.07843
1.04326
0.996375
0.984653
0.996375
1.01982
0.984653
1.03154
0.984653
0.972931
0.949487
0.949487
0.902599
1.0081
1.0081
1.04326
0.984653
1.03154
1.10187
1.05499
1.03154
1.04326
0.996375
0.961209
0.961209
1.05499
1.03154
1.0081
0.996375
0.996375
1.03154
1.04326
1.10187
1.1136
1.20737
1.21909
1.19565
1.17221
1.14876
1.1136
1.01982
0.961209
0.961209
0.902599
0.879155
0.879155
0.914321
0.926043
0.961209
0.984653
0.926043
0.879155
0.808822
0.843989
0.820544
0.949487
0.996375
1.0081
1.0081
1.0081
1.06671
1.03154
1.03154
0.937765
0.996375
1.01982
0.926043
0.855711
0.926043
0.890877
0.902599
0.984653
0.961209
1.07843
1.09015
1.09015
1.13704
1.1136
1.13704
1.09015
1.09015
1.1136
1.16048
1.09015
1.07843
1.10187
1.10187
1.05499
1.05499
1.01982
1.03154
0.996375
0.961209
0.972931
0.996375
0.984653
1.04326
1.03154
0.972931
0.914321
0.937765
1.01982
1.10187
1.09015
1.06671
1.0081
0.996375
0.984653
1.06671
1.06671
1.04326
1.06671
1.04326
1.01982
1.09015
1.04326
1.03154
1.06671
1.06671
1.07843
0.972931
0.949487
0.972931
0.926043
0.961209
0.926043
0.832267
0.926043
0.972931
0.902599
0.890877
0.914321
0.926043
0.926043
1.03154
1.04326
0.996375
1.04326
1.03154
1.03154
0.984653
0.949487
0.926043
0.879155
0.914321
0.949487
0.961209
0.961209
0.937765
0.879155
0.832267
0.879155
0.972931
0.961209
0.996375
1.09015
1.1136
1.09015
1.13704
1.18393
1.12532
1.14876
1.13704
1.10187
1.05499
0.972931
0.972931
0.972931
1.04326
1.10187
1.06671
1.12532
1.12532
1.14876
1.06671
1.1136
1.09015
1.1136
1.01982
0.984653
0.890877
0.820544
0.890877
0.902599
0.926043
0.949487
0.961209
0.972931
0.972931
0.949487
1.0081
0.937765
0.937765
0.914321
0.926043
0.890877
0.855711
0.890877
0.972931
0.961209
1.0081
0.961209
0.926043
0.961209
0.937765
0.949487
0.855711
0.879155
0.855711
0.867433
0.867433
0.855711
0.855711
0.855711
0.937765
0.972931
1.06671
1.04326
1.04326
1.0081
1.06671
1.13704
1.10187
1.06671
1.0081
1.01982
1.03154
0.984653
1.0081
0.984653
0.996375
1.05499
1.0081
0.972931
1.0081
0.949487
0.926043
0.914321
0.890877
0.902599
0.890877
0.890877
0.867433
0.890877
0.914321
0.937765
0.996375
1.12532
1.16048
1.24254
1.24254
1.24254
1.19565
1.12532
1.10187
1.0081
1.01982
0.972931
1.0081
0.984653
0.937765
0.914321
0.879155
0.867433
0.949487
0.902599
0.914321
0.914321
0.890877
1.0081
1.01982
1.0081
1.07843
1.04326
0.972931
0.961209
0.972931
0.996375
1.01982
0.972931
0.961209
0.984653
0.890877
0.914321
0.867433
0.808822
0.879155
0.843989
0.843989
0.820544
0.843989
0.808822
0.855711
0.867433
0.867433
0.867433
0.949487
0.949487
0.902599
0.972931
0.937765
0.937765
0.949487
0.961209
1.0081
0.984653
0.961209
0.961209
0.961209
0.926043
0.879155
0.902599
0.879155
0.879155
0.949487
0.902599
0.879155
0.902599
0.902599
0.914321
0.984653
0.996375
0.984653
0.996375
0.914321
0.843989
0.890877
0.961209
0.984653
0.972931
0.972931
1.07843
1.17221
1.16048
1.12532
1.0081
1.13704
1.09015
1.1136
1.14876
1.14876
1.13704
1.1136
1.10187
1.04326
1.01982
0.996375
1.09015
1.16048
1.1136
1.03154
1.03154
1.06671
1.06671
1.13704
1.1136
1.19565
1.2777
1.35976
1.31287
1.28943
1.24254
1.14876
1.07843
1.14876
1.04326
0.996375
1.01982
1.1136
1.28943
1.31287
1.28943
1.28943
1.28943
1.16048
1.1136
1.03154
1.04326
1.09015
1.09015
1.12532
1.14876
1.07843
1.13704
1.09015
1.20737
1.18393
1.21909
1.20737
1.23082
1.16048
1.24254
1.17221
1.14876
1.17221
1.17221
1.09015
1.05499
1.0081
0.984653
0.972931
1.01982
0.926043
0.972931
0.972931
0.914321
0.855711
0.7971
0.785378
