0.993413
0.969476
0.981445
0.957507
0.897663
0.933569
0.969476
0.957507
0.993413
0.957507
0.9216
0.981445
0.993413
1.02932
1.02932
1.06523
1.05326
0.981445
0.957507
0.957507
0.969476
1.02932
1.05326
1.01735
1.05326
1.04129
1.02932
1.0772
1.01735
0.993413
1.00538
0.933569
0.945538
0.933569
0.909631
0.933569
0.969476
0.9216
0.885694
0.909631
0.849787
0.837818
0.945538
0.933569
1.00538
1.02932
0.981445
0.981445
1.02932
1.00538
1.01735
1.05326
1.02932
1.04129
1.06523
1.02932
1.01735
1.06523
1.05326
0.981445
0.981445
1.04129
1.04129
1.0772
1.1131
1.12507
1.10113
1.00538
0.957507
0.861756
0.885694
0.766005
0.766005
0.706161
0.766005
0.801912
0.873725
0.897663
0.9216
0.981445
0.993413
0.969476
0.837818
0.873725
0.933569
0.957507
0.9216
0.933569
0.993413
1.01735
1.04129
1.05326
0.969476
0.957507
0.873725
0.885694
0.909631
0.873725
0.897663
0.933569
0.981445
1.05326
1.10113
1.16098
1.05326
1.05326
0.981445
0.957507
0.897663
0.957507
0.957507
1.01735
1.00538
0.909631
0.861756
0.873725
0.897663
0.849787
0.801912
0.849787
0.873725
0.885694
0.933569
0.933569
0.897663
0.861756
0.837818
0.861756
0.861756
0.885694
0.837818
0.813881
0.801912
0.885694
0.933569
0.945538
0.873725
0.813881
0.813881
0.777974
0.766005
0.742068
0.766005
0.82585
0.9216
0.933569
0.909631
0.945538
0.933569
0.909631
0.969476
0.969476
0.969476
0.945538
0.873725
0.885694
0.861756
0.82585
0.837818
0.801912
0.754037
0.730099
0.754037
0.71813
0.71813
0.777974
0.789943
0.777974
0.909631
0.945538
0.909631
0.981445
0.969476
1.02932
1.00538
0.945538
0.981445
0.933569
0.945538
1.00538
1.05326
1.02932
0.957507
1.00538
0.957507
0.969476
0.957507
0.873725
0.861756
0.873725
0.9216
0.993413
0.969476
1.00538
0.945538
0.909631
0.849787
0.897663
0.9216
0.993413
1.00538
0.969476
1.00538
1.04129
1.10113
1.08916
1.12507
1.10113
1.1131
1.05326
0.981445
0.885694
0.909631
0.957507
0.957507
0.897663
0.957507
0.885694
0.933569
0.885694
0.9216
0.933569
0.945538
0.957507
0.933569
0.849787
0.849787
0.82585
0.82585
0.9216
0.981445
0.945538
0.981445
0.969476
0.945538
0.861756
0.897663
0.82585
0.766005
0.754037
0.813881
0.801912
0.861756
0.945538
0.933569
0.885694
0.789943
0.801912
0.754037
0.837818
0.909631
0.933569
0.945538
1.02932
1.1131
1.06523
1.06523
1.02932
1.12507
1.1131
1.10113
1.08916
1.06523
1.01735
1.05326
1.00538
1.04129
1.1131
1.12507
1.05326
1.0772
1.05326
1.08916
1.0772
1.08916
1.06523
1.0772
1.01735
1.06523
1.1131
1.12507
1.02932
0.981445
0.969476
0.909631
0.993413
1.00538
0.945538
0.945538
0.897663
0.933569
0.885694
0.849787
0.897663
0.885694
0.933569
1.00538
1.12507
1.18491
1.1131
1.10113
1.00538
0.933569
0.945538
0.969476
0.9216
0.9216
0.9216
0.897663
0.933569
0.957507
1.01735
1.0772
1.17295
1.22082
1.20885
1.23279
1.14901
1.10113
1.17295
1.08916
1.10113
1.08916
1.12507
1.12507
1.04129
1.06523
1.06523
1.01735
0.993413
1.01735
1.05326
1.0772
1.12507
1.08916
1.13704
1.08916
1.1131
1.05326
1.02932
1.12507
1.1131
1.17295
1.16098
1.17295
1.16098
1.10113
1.05326
1.04129
1.02932
1.10113
1.10113
1.08916
1.04129
0.981445
1.05326
1.05326
1.0772
1.10113
1.04129
1.05326
0.957507
0.981445
0.993413
1.00538
1.06523
1.02932
1.00538
1.02932
1.0772
1.12507
1.05326
0.993413
0.933569
0.873725
0.933569
0.837818
0.873725
0.885694
0.9216
0.909631
0.9216
0.945538
0.897663
0.909631
0.849787
0.933569
0.82585
0.849787
0.873725
0.969476
1.04129
1.0772
1.08916
1.13704
1.08916
1.01735
0.993413
1.00538
0.981445
0.957507
0.885694
0.933569
0.981445
0.957507
1.02932
1.06523
0.993413
0.981445
0.981445
0.897663
1.00538
0.945538
0.873725
0.837818
0.837818
0.849787
0.897663
0.885694
0.933569
0.957507
0.945538
0.933569
0.969476
0.873725
0.849787
0.885694
0.897663
0.909631
0.969476
1.05326
1.10113
1.04129
1.00538
0.993413
0.957507
0.969476
0.981445
0.933569
0.933569
0.909631
0.897663
0.897663
0.897663
0.981445
0.993413
0.993413
0.981445
0.909631
0.933569
0.957507
0.957507
0.897663
0.837818
0.861756
0.801912
0.789943
0.801912
0.766005
0.742068
0.71813
0.754037
0.82585
0.837818
0.897663
0.897663
0.933569
0.897663
0.909631
0.933569
0.909631
0.933569
0.993413
0.981445
0.981445
0.969476
0.957507
0.9216
0.9216
0.9216
0.873725
0.813881
0.909631
0.909631
0.9216
0.957507
0.969476
0.993413
1.01735
1.01735
1.00538
1.00538
0.981445
0.909631
0.969476
1.00538
0.993413
1.08916
1.02932
1.10113
1.10113
1.08916
1.08916
1.1131
1.00538
0.957507
0.981445
0.885694
0.813881
0.873725
0.897663
0.885694
0.813881
0.897663
0.945538
0.897663
0.933569
0.861756
0.933569
0.981445
1.02932
1.10113
1.13704
1.14901
1.23279
1.13704
1.06523
1.05326
1.01735
1.05326
1.06523
1.05326
1.00538
1.00538
1.02932
1.04129
0.969476
0.969476
0.993413
0.993413
0.993413
1.12507
1.16098
1.14901
1.17295
1.17295
1.0772
1.00538
0.993413
0.873725
0.873725
0.861756
0.885694
0.873725
0.837818
0.837818
0.873725
0.861756
0.873725
0.933569
0.969476
0.969476
1.01735
0.969476
1.01735
1.02932
1.05326
1.02932
1.00538
1.04129
0.981445
0.981445
0.981445
0.909631
0.909631
0.885694
0.897663
0.873725
0.885694
0.957507
0.993413
1.04129
1.01735
0.981445
0.993413
0.957507
0.993413
1.00538
0.957507
1.05326
1.12507
1.10113
1.12507
1.00538
0.993413
0.981445
0.969476
0.9216
0.897663
0.969476
0.969476
1.01735
1.05326
1.05326
0.993413
0.993413
1.02932
1.04129
1.06523
1.02932
1.01735
1.04129
1.02932
0.993413
0.969476
0.969476
0.981445
0.945538
0.945538
0.969476
1.02932
1.06523
1.0772
1.0772
1.08916
1.01735
1.12507
1.13704
1.10113
1.04129
0.993413
0.969476
0.9216
0.9216
0.957507
1.01735
0.969476
0.969476
1.02932
1.06523
1.0772
1.0772
1.04129
1.01735
1.00538
0.957507
0.969476
1.04129
1.05326
1.05326
1.1131
1.1131
1.08916
1.16098
1.13704
1.13704
1.12507
1.14901
1.0772
1.06523
1.08916
1.12507
1.1131
1.08916
1.10113
1.0772
1.16098
1.1131
1.16098
1.16098
1.12507
1.12507
1.12507
1.05326
1.05326
1.10113
1.02932
1.00538
0.945538
1.01735
1.01735
0.993413
1.01735
1.02932
0.993413
0.981445
1.01735
1.06523
1.10113
1.04129
1.02932
0.9216
0.957507
0.933569
0.909631
0.9216
0.957507
0.993413
0.885694
0.801912
0.837818
0.837818
0.861756
0.897663
0.897663
0.885694
0.849787
0.897663
0.897663
0.909631
1.05326
0.993413
0.981445
0.993413
1.00538
0.945538
0.969476
1.00538
1.01735
1.04129
1.01735
1.00538
1.02932
0.945538
1.01735
1.01735
1.0772
1.06523
1.10113
1.05326
1.1131
1.20885
1.17295
1.3046
1.3046
1.29263
1.28067
1.24476
1.20885
1.10113
1.04129
0.981445
0.993413
1.05326
1.01735
1.06523
1.13704
1.12507
1.08916
1.12507
1.13704
1.06523
1.08916
1.06523
1.0772
1.05326
1.06523
0.969476
0.933569
0.945538
1.04129
1.1131
1.0772
1.08916
1.1131
1.13704
1.18491
1.20885
1.24476
1.22082
1.13704
1.10113
1.13704
1.13704
1.13704
1.0772
1.04129
1.02932
1.08916
1.1131
1.04129
0.993413
1.05326
1.10113
1.18491
1.19688
1.20885
1.17295
1.17295
1.17295
1.1131
1.17295
1.14901
1.13704
1.06523
1.08916
1.10113
1.06523
1.10113
1.00538
1.01735
0.981445
0.993413
1.0772
1.00538
0.969476
0.873725
0.933569
0.909631
0.945538
0.885694
0.82585
0.9216
0.9216
1.00538
0.981445
0.9216
0.897663
0.849787
0.813881
0.873725
0.897663
0.945538
0.945538
0.969476
1.05326
1.06523
1.04129
1.01735
0.909631
0.945538
0.873725
0.885694
0.945538
0.933569
0.885694
0.885694
0.861756
0.861756
0.861756
0.933569
0.969476
0.933569
0.981445
0.9216
0.897663
0.873725
0.861756
0.957507
0.885694
0.885694
0.933569
0.945538
0.957507
0.969476
0.897663
0.849787
0.82585
0.909631
0.981445
0.9216
0.993413
0.957507
0.933569
0.969476
0.993413
0.9216
0.873725
0.861756
0.885694
0.885694
0.885694
0.873725
0.933569
0.813881
0.885694
0.933569
1.00538
0.993413
0.993413
1.02932
1.01735
0.9216
0.909631
0.957507
0.969476
0.945538
0.981445
1.04129
1.04129
1.08916
1.0772
1.0772
1.06523
1.1131
1.20885
1.23279
1.23279
1.16098
1.16098
1.12507
1.01735
0.945538
1.01735
1.02932
0.945538
1.04129
0.993413
0.945538
0.933569
0.969476
0.957507
0.969476
1.01735
1.0772
1.10113
1.0772
1.18491
1.10113
1.01735
1.00538
0.957507
0.945538
0.981445
0.945538
0.897663
0.813881
0.837818
0.789943
0.837818
0.9216
0.861756
0.861756
0.82585
0.82585
0.9216
0.9216
0.873725
0.849787
0.909631
0.82585
0.849787
0.873725
0.873725
0.861756
0.9216
0.945538
1.01735
1.01735
1.04129
1.05326
1.04129
1.00538
1.04129
1.01735
0.933569
1.00538
1.06523
1.10113
1.02932
0.993413
1.00538
0.957507
0.897663
0.885694
0.945538
0.981445
0.981445
1.00538
1.05326
0.993413
0.981445
0.9216
0.861756
0.849787
0.849787
0.813881
0.861756
0.82585
0.801912
0.789943
0.873725
0.9216
0.993413
1.05326
1.05326
1.04129
1.01735
1.08916
1.12507
1.05326
1.04129
1.08916
1.1131
1.0772
1.0772
1.05326
1.01735
1.06523
1.06523
1.01735
1.04129
0.981445
0.981445
1.00538
0.981445
0.969476
0.945538
0.873725
0.933569
0.981445
0.909631
0.849787
0.969476
0.933569
0.957507
0.981445
1.0772
1.05326
1.02932
1.1131
1.12507
1.00538
1.04129
1.02932
0.957507
0.969476
0.969476
0.945538
0.969476
1.00538
0.945538
0.945538
0.969476
1.0772
0.981445
0.993413
0.933569
0.909631
0.873725
0.837818
0.801912
0.897663
0.933569
1.06523
1.08916
1.12507
1.1131
1.05326
1.01735
1.02932
0.933569
0.909631
0.9216
0.9216
0.969476
0.933569
0.933569
0.945538
0.969476
1.05326
1.08916
1.12507
1.19688
1.17295
1.17295
1.19688
1.14901
1.1131
1.04129
0.993413
0.957507
0.957507
1.02932
1.00538
1.02932
1.04129
1.00538
0.945538
0.981445
0.957507
1.00538
1.06523
1.00538
1.00538
0.957507
1.00538
1.06523
1.05326
1.01735
1.06523
0.993413
0.933569
0.957507
0.873725
0.885694
0.861756
0.873725
0.873725
0.885694
0.897663
0.897663
0.945538
0.849787
0.909631
0.933569
0.969476
0.957507
0.969476
0.993413
1.04129
0.993413
0.957507
0.933569
0.969476
1.02932
1.01735
1.10113
1.12507
1.12507
1.12507
1.12507
1.22082
1.23279
1.28067
1.34051
1.2687
1.16098
1.16098
1.13704
1.14901
1.1131
1.06523
1.01735
0.981445
1.00538
1.0772
1.1131
1.08916
1.06523
1.10113
1.0772
1.02932
1.06523
1.19688
1.19688
1.2687
1.23279
1.18491
1.16098
1.10113
1.04129
1.01735
1.01735
1.1131
1.08916
1.05326
1.0772
1.1131
1.08916
1.14901
1.1131
1.12507
1.17295
1.13704
1.12507
1.08916
1.02932
1.01735
1.06523
1.16098
1.14901
1.12507
1.17295
1.13704
1.14901
1.14901
1.05326
1.08916
1.08916
1.12507
1.08916
1.0772
1.06523
1.04129
0.981445
0.981445
0.9216
0.909631
0.945538
1.01735
1.00538
1.06523
1.06523
1.0772
1.05326
1.08916
1.10113
1.08916
1.05326
1.01735
0.957507
1.05326
1.06523
0.993413
0.969476
0.909631
0.837818
0.861756
0.897663
0.873725
0.897663
0.945538
0.945538
0.957507
0.969476
1.00538
1.01735
0.993413
1.00538
0.945538
0.933569
0.957507
0.969476
1.0772
1.0772
1.06523
1.1131
1.14901
1.17295
1.19688
1.20885
1.12507
1.17295
1.13704
1.0772
1.18491
1.18491
1.1131
1.12507
1.10113
1.10113
1.06523
1.14901
1.13704
1.04129
0.945538
0.897663
0.897663
0.849787
0.813881
0.897663
0.933569
1.01735
0.981445
1.05326
1.02932
1.0772
1.08916
1.01735
0.993413
1.01735
0.981445
0.981445
0.957507
0.957507
0.969476
0.993413
1.00538
1.01735
1.00538
0.993413
0.945538
0.9216
1.00538
0.957507
0.933569
0.945538
0.993413
1.01735
1.05326
1.02932
0.993413
0.993413
1.00538
1.02932
1.00538
1.02932
1.00538
1.05326
1.04129
1.0772
1.06523
1.01735
0.945538
1.00538
1.05326
1.02932
1.05326
1.04129
1.05326
1.02932
1.04129
1.0772
1.04129
0.993413
0.933569
0.933569
0.945538
0.9216
0.957507
0.981445
0.945538
1.04129
1.04129
0.981445
1.00538
0.933569
0.837818
0.82585
0.82585
0.837818
0.82585
0.849787
0.909631
0.861756
0.873725
0.873725
0.9216
0.969476
0.945538
0.909631
0.969476
0.885694
0.873725
0.957507
1.01735
1.02932
1.00538
0.993413
1.10113
1.04129
1.06523
1.08916
1.10113
1.12507
1.0772
1.08916
1.12507
1.01735
1.02932
1.0772
1.00538
0.957507
0.933569
0.957507
0.993413
1.02932
1.05326
1.04129
0.969476
1.02932
0.981445
1.04129
1.00538
1.0772
1.05326
1.1131
1.12507
1.1131
1.16098
1.19688
1.17295
1.13704
1.1131
1.13704
1.12507
1.08916
1.05326
1.0772
1.0772
1.13704
1.05326
1.06523
1.12507
1.06523
1.1131
1.0772
1.06523
1.06523
1.02932
1.0772
1.0772
1.00538
1.00538
0.957507
0.981445
0.969476
0.993413
0.969476
0.969476
1.01735
1.02932
1.06523
1.04129
0.993413
0.981445
0.969476
0.873725
0.897663
0.849787
0.801912
0.789943
0.82585
0.873725
0.945538
0.993413
0.957507
0.945538
0.9216
0.9216
0.981445
0.9216
0.957507
1.02932
1.1131
1.12507
1.1131
1.06523
1.0772
1.05326
1.02932
1.06523
1.06523
1.00538
1.02932
1.01735
0.957507
1.01735
1.02932
1.02932
1.06523
1.01735
0.909631
0.957507
0.957507
1.00538
0.993413
0.969476
0.993413
0.993413
0.993413
0.957507
0.957507
0.933569
0.933569
1.00538
1.04129
1.05326
1.04129
1.00538
1.05326
0.957507
0.981445
0.945538
0.945538
0.945538
0.981445
0.969476
0.993413
0.909631
0.897663
0.909631
0.9216
0.861756
0.849787
0.849787
0.813881
0.885694
0.945538
0.993413
0.969476
0.945538
0.909631
0.885694
0.849787
0.873725
0.981445
0.945538
1.0772
1.06523
0.981445
1.04129
1.10113
1.06523
1.08916
1.00538
0.933569
0.933569
0.945538
0.945538
0.957507
0.945538
0.933569
0.957507
0.969476
0.981445
0.933569
0.933569
0.933569
0.957507
0.969476
0.957507
0.981445
1.00538
1.02932
1.13704
1.10113
1.1131
1.16098
1.12507
1.08916
1.06523
0.945538
1.02932
1.00538
0.957507
1.01735
1.06523
1.14901
1.23279
1.16098
1.1131
1.06523
1.16098
1.20885
1.14901
1.20885
1.12507
1.12507
1.16098
1.05326
1.02932
1.06523
1.08916
1.06523
1.1131
1.12507
1.12507
1.12507
1.0772
1.06523
1.05326
0.969476
0.957507
0.969476
0.969476
1.00538
0.969476
1.00538
1.01735
1.00538
1.02932
1.02932
1.06523
1.10113
1.17295
1.22082
1.22082
1.22082
1.18491
1.19688
1.18491
1.10113
1.16098
1.18491
1.22082
1.17295
1.2687
1.29263
1.28067
1.25673
1.28067
1.23279
1.19688
1.17295
1.02932
1.00538
0.981445
1.04129
1.1131
1.1131
1.12507
1.17295
1.18491
1.18491
1.20885
1.18491
1.19688
1.14901
1.10113
1.08916
1.02932
1.04129
1.05326
1.02932
1.02932
1.04129
1.01735
0.969476
0.957507
0.885694
0.861756
0.813881
0.897663
0.897663
0.945538
1.02932
1.04129
1.06523
1.04129
1.04129
1.05326
1.05326
1.12507
0.993413
1.00538
0.945538
0.945538
0.861756
0.873725
0.861756
0.897663
0.9216
0.873725
0.861756
0.801912
0.789943
0.861756
0.909631
0.885694
0.9216
0.9216
0.9216
0.873725
0.873725
0.885694
0.909631
0.909631
0.897663
0.933569
0.9216
0.981445
1.01735
0.993413
0.981445
0.969476
0.981445
0.981445
0.993413
1.00538
1.05326
1.06523
1.10113
1.04129
0.945538
1.00538
1.05326
1.05326
0.969476
0.993413
0.909631
0.9216
0.981445
0.945538
1.00538
0.981445
1.00538
1.08916
1.13704
1.1131
1.06523
1.1131
1.0772
1.01735
0.969476
1.01735
0.945538
0.909631
0.969476
1.01735
1.04129
1.06523
1.08916
1.12507
1.13704
1.05326
0.981445
0.933569
0.909631
0.909631
0.981445
1.00538
1.00538
1.00538
1.01735
0.873725
0.897663
0.82585
0.813881
0.849787
0.897663
0.957507
0.969476
0.993413
0.945538
0.981445
1.04129
1.05326
1.01735
1.0772
1.0772
1.02932
0.957507
0.885694
0.873725
0.945538
0.933569
0.897663
0.873725
0.981445
0.981445
0.909631
0.873725
0.861756
0.837818
0.885694
0.861756
0.837818
0.885694
0.957507
0.933569
0.933569
0.969476
0.885694
0.897663
0.957507
1.02932
1.04129
1.08916
1.06523
1.0772
1.01735
0.969476
0.945538
1.00538
1.05326
1.10113
1.1131
1.24476
1.22082
1.22082
1.18491
1.24476
1.28067
1.25673
1.2687
1.23279
1.12507
1.13704
1.02932
1.0772
1.10113
1.01735
1.12507
1.06523
1.01735
0.993413
0.969476
0.9216
0.945538
0.945538
0.9216
0.897663
0.909631
0.885694
0.909631
0.82585
0.801912
0.82585
0.82585
0.861756
0.897663
0.873725
0.897663
0.873725
0.897663
0.837818
0.885694
0.9216
0.993413
1.0772
1.06523
1.00538
0.945538
0.909631
0.897663
0.933569
0.981445
0.933569
0.897663
0.9216
0.933569
0.933569
0.969476
1.05326
1.1131
1.06523
1.05326
0.981445
0.933569
0.933569
0.933569
0.9216
0.873725
0.9216
0.885694
0.9216
1.00538
1.06523
1.06523
1.05326
1.10113
1.0772
1.04129
1.04129
0.969476
0.969476
0.957507
0.897663
0.885694
0.861756
0.909631
0.933569
0.957507
0.945538
0.981445
0.993413
0.969476
0.933569
0.933569
0.861756
0.885694
0.861756
0.82585
0.82585
0.849787
0.9216
0.897663
0.969476
1.01735
1.02932
1.04129
1.0772
1.02932
0.957507
0.897663
0.861756
0.897663
0.885694
0.945538
0.9216
0.873725
0.945538
0.9216
0.885694
0.885694
0.837818
0.813881
0.777974
0.813881
0.694192
0.742068
0.789943
0.801912
0.789943
0.837818
0.873725
0.885694
0.945538
0.945538
0.993413
1.02932
1.0772
1.02932
0.981445
0.957507
0.933569
0.837818
0.873725
0.789943
0.754037
0.754037
0.837818
0.885694
0.909631
0.957507
1.02932
1.02932
0.993413
0.945538
0.969476
0.945538
0.993413
1.01735
0.993413
1.1131
1.18491
1.18491
1.19688
1.10113
1.1131
1.13704
1.12507
1.20885
1.19688
1.22082
1.20885
1.18491
1.17295
1.18491
1.16098
1.06523
1.08916
1.01735
0.969476
1.00538
0.933569
0.933569
0.993413
0.981445
0.945538
1.06523
1.04129
0.981445
0.957507
0.9216
0.957507
0.933569
0.933569
0.909631
0.9216
0.933569
0.993413
0.969476
0.933569
0.981445
0.981445
0.993413
1.01735
1.01735
1.10113
1.12507
1.13704
1.13704
1.06523
1.05326
1.0772
1.14901
1.17295
1.16098
1.06523
1.02932
1.0772
0.993413
1.00538
0.981445
1.01735
0.969476
0.945538
0.861756
0.861756
0.777974
0.754037
0.754037
0.777974
0.9216
0.9216
0.969476
0.9216
0.861756
0.873725
0.885694
0.897663
0.897663
0.945538
0.9216
0.981445
0.945538
0.933569
0.981445
1.02932
1.02932
1.02932
1.10113
1.10113
1.13704
1.13704
1.01735
0.957507
0.9216
0.933569
1.01735
1.06523
1.14901
1.05326
1.13704
1.0772
1.04129
0.945538
0.82585
0.766005
0.801912
0.837818
0.933569
1.01735
1.12507
1.13704
1.1131
1.08916
1.06523
1.16098
1.16098
1.18491
1.14901
1.23279
1.14901
1.16098
1.1131
1.12507
1.06523
1.10113
0.933569
0.981445
0.969476
0.801912
0.789943
0.801912
0.813881
0.813881
0.837818
0.861756
0.789943
0.861756
0.897663
0.969476
1.04129
1.12507
1.12507
1.08916
