0.873556
0.899633
0.912671
0.925709
0.977862
0.938747
0.951785
0.9909
0.9909
0.9909
1.04305
0.9909
0.951785
0.951785
0.951785
0.951785
0.9909
1.04305
1.06913
1.06913
1.0952
1.1604
1.13432
1.08217
0.977862
1.01698
1.00394
1.03001
1.00394
0.977862
0.886594
0.886594
0.912671
0.886594
0.84748
0.84748
0.834442
0.912671
0.912671
0.938747
0.938747
0.951785
0.938747
0.886594
0.925709
0.912671
0.873556
0.912671
0.925709
0.925709
0.938747
0.938747
0.951785
0.951785
0.964823
0.964823
0.9909
1.03001
1.01698
1.03001
1.03001
1.0952
1.13432
1.14736
1.0952
1.03001
1.00394
1.04305
1.00394
0.964823
0.938747
0.938747
0.84748
0.873556
0.925709
0.951785
0.873556
0.951785
1.03001
0.912671
0.938747
0.9909
1.01698
1.04305
0.9909
1.04305
1.00394
0.912671
0.925709
0.912671
0.860518
0.886594
0.860518
0.886594
0.899633
0.9909
0.977862
1.00394
1.08217
1.01698
0.951785
0.899633
0.912671
0.964823
1.04305
1.06913
1.10824
1.12128
1.03001
0.977862
1.03001
1.03001
0.951785
1.00394
1.03001
0.925709
0.938747
0.9909
0.912671
0.886594
0.886594
0.912671
0.938747
0.938747
0.912671
0.860518
0.84748
0.873556
0.756213
0.795327
0.769251
0.769251
0.795327
0.782289
0.795327
0.730137
0.769251
0.834442
0.925709
0.964823
0.964823
0.951785
1.03001
1.06913
1.05609
1.05609
1.03001
1.03001
1.08217
0.977862
1.00394
1.00394
1.06913
1.14736
1.03001
1.06913
1.10824
1.0952
1.05609
0.977862
1.00394
0.964823
0.951785
1.12128
1.05609
1.13432
1.05609
1.06913
1.06913
1.06913
0.977862
0.9909
1.01698
1.03001
1.05609
0.9909
0.938747
0.899633
0.886594
0.886594
0.84748
0.769251
0.84748
0.938747
0.912671
0.964823
0.938747
1.00394
1.05609
0.977862
0.938747
0.925709
0.886594
0.886594
0.873556
0.84748
0.860518
0.860518
0.84748
0.873556
0.886594
0.925709
0.84748
0.873556
0.951785
0.938747
0.977862
0.9909
1.00394
0.938747
1.01698
1.01698
1.10824
1.12128
1.08217
1.0952
1.08217
1.05609
1.05609
1.01698
1.04305
1.12128
1.12128
1.05609
1.01698
0.938747
0.951785
0.951785
0.951785
1.06913
1.06913
1.03001
0.951785
0.899633
0.782289
0.769251
0.769251
0.769251
0.769251
0.756213
0.808366
0.912671
0.834442
0.834442
0.84748
0.84748
0.84748
0.834442
0.808366
0.795327
0.769251
0.769251
0.756213
0.821404
0.899633
0.821404
0.743175
0.743175
0.834442
0.873556
0.84748
0.925709
0.925709
0.9909
1.06913
1.08217
1.00394
1.00394
1.00394
1.00394
1.01698
0.951785
1.00394
0.9909
0.912671
0.925709
0.912671
0.886594
0.938747
0.938747
0.873556
0.938747
0.808366
0.782289
0.808366
0.873556
0.912671
0.951785
0.964823
0.977862
1.03001
1.10824
1.05609
1.08217
1.01698
0.964823
0.9909
0.912671
0.925709
0.925709
0.873556
0.84748
0.782289
0.795327
0.84748
0.834442
0.860518
0.886594
0.925709
0.912671
0.938747
0.977862
1.04305
0.9909
0.951785
0.951785
0.886594
0.951785
0.964823
1.03001
1.01698
0.964823
0.964823
0.912671
0.821404
0.834442
0.860518
0.886594
0.951785
0.964823
0.951785
0.938747
0.938747
0.938747
0.886594
0.808366
0.769251
0.730137
0.808366
0.873556
0.925709
0.925709
0.938747
0.977862
0.964823
1.01698
1.05609
1.12128
1.14736
1.1604
1.0952
0.9909
0.964823
1.06913
1.00394
0.977862
1.03001
1.04305
1.03001
0.899633
0.938747
0.899633
0.873556
0.886594
0.912671
0.873556
0.886594
0.886594
0.951785
1.03001
1.01698
1.00394
0.9909
0.951785
0.899633
0.873556
0.964823
0.964823
0.9909
0.951785
0.964823
0.977862
0.912671
0.9909
0.886594
0.821404
0.899633
0.899633
0.9909
1.04305
1.0952
1.08217
1.06913
1.04305
1.05609
1.04305
0.977862
0.977862
0.912671
0.912671
0.951785
0.964823
0.925709
0.886594
0.834442
0.769251
0.782289
0.717098
0.782289
0.873556
0.912671
0.964823
0.9909
0.964823
1.05609
1.04305
0.9909
1.03001
1.01698
1.03001
0.977862
0.84748
0.795327
0.84748
0.899633
0.873556
0.886594
0.925709
0.899633
0.899633
0.899633
0.951785
0.977862
0.977862
0.938747
0.925709
0.899633
0.834442
0.951785
0.964823
0.977862
0.912671
0.925709
1.01698
1.03001
1.05609
1.22559
1.23862
1.2647
1.23862
1.18647
1.18647
1.05609
1.06913
1.01698
1.03001
0.9909
1.04305
0.9909
1.08217
1.18647
1.25166
1.25166
1.22559
1.23862
1.19951
1.22559
1.22559
1.17343
1.1604
1.12128
1.00394
1.03001
0.9909
1.03001
1.01698
1.03001
1.00394
1.03001
1.01698
1.00394
0.912671
0.925709
0.9909
0.964823
0.964823
0.938747
0.964823
0.9909
0.912671
0.977862
1.08217
1.18647
1.22559
1.19951
1.18647
1.21255
1.18647
1.17343
1.17343
1.14736
1.19951
1.25166
1.22559
1.14736
1.06913
1.00394
0.964823
0.84748
0.821404
0.84748
0.860518
0.795327
0.821404
0.769251
0.821404
0.834442
0.782289
0.769251
0.821404
0.821404
0.795327
0.808366
0.795327
0.834442
0.821404
0.808366
0.743175
0.691022
0.717098
0.730137
0.743175
0.769251
0.821404
0.808366
0.821404
0.886594
0.899633
0.860518
0.912671
0.834442
0.886594
0.964823
0.9909
0.9909
1.04305
1.05609
0.9909
1.04305
1.04305
0.938747
1.04305
1.01698
0.977862
1.00394
1.03001
1.03001
1.04305
1.05609
1.00394
0.938747
0.977862
1.04305
1.00394
1.06913
1.01698
1.08217
1.13432
1.14736
1.08217
1.03001
1.00394
0.951785
0.912671
1.00394
1.0952
1.05609
1.01698
1.05609
1.00394
1.05609
1.0952
1.08217
1.0952
1.17343
1.13432
1.17343
1.05609
1.12128
1.01698
1.04305
1.03001
0.9909
1.00394
1.04305
1.01698
1.00394
0.925709
0.9909
0.9909
0.964823
0.9909
1.03001
1.03001
1.03001
0.9909
1.00394
1.05609
0.9909
0.9909
1.01698
0.9909
0.9909
0.925709
0.925709
0.951785
0.9909
1.00394
1.00394
0.977862
1.08217
1.0952
1.06913
1.13432
1.12128
1.14736
1.1604
1.14736
1.1604
1.04305
0.9909
1.03001
1.04305
1.04305
0.9909
0.951785
0.9909
0.977862
0.9909
0.925709
0.951785
1.01698
0.951785
0.964823
0.886594
0.951785
0.925709
0.860518
0.84748
0.873556
0.821404
0.860518
0.886594
0.899633
0.951785
0.977862
0.938747
0.912671
0.9909
0.9909
1.00394
0.977862
0.977862
0.925709
0.873556
0.899633
0.860518
0.873556
0.873556
0.860518
0.912671
0.925709
0.899633
0.912671
0.860518
0.84748
0.84748
0.821404
0.821404
0.795327
0.84748
0.886594
0.938747
0.964823
0.9909
0.938747
1.00394
0.964823
1.00394
1.03001
1.00394
0.899633
0.925709
0.9909
0.951785
0.925709
0.873556
0.782289
0.808366
0.795327
0.808366
0.821404
0.886594
0.938747
0.9909
1.05609
1.03001
1.05609
0.977862
1.04305
1.03001
1.05609
1.05609
1.03001
1.05609
0.9909
1.00394
0.964823
1.00394
1.03001
1.0952
1.05609
1.13432
1.06913
1.03001
1.00394
0.951785
0.964823
0.964823
1.01698
0.9909
0.964823
0.886594
0.873556
0.808366
0.834442
0.886594
0.912671
0.938747
1.04305
0.964823
1.01698
0.912671
0.873556
0.912671
0.886594
0.886594
0.808366
0.795327
0.769251
0.743175
0.795327
0.821404
0.860518
0.834442
0.860518
0.795327
0.756213
0.677984
0.795327
0.756213
0.84748
0.808366
0.84748
0.860518
0.886594
1.03001
1.0952
1.01698
0.951785
0.834442
0.795327
0.730137
0.70406
0.756213
0.717098
0.743175
0.808366
0.795327
0.925709
0.899633
0.938747
0.925709
0.977862
1.00394
0.964823
0.951785
0.951785
0.925709
0.899633
0.873556
0.873556
0.873556
0.84748
0.84748
0.821404
0.899633
1.00394
1.00394
1.06913
1.01698
1.01698
0.9909
1.08217
1.08217
1.13432
1.1604
1.12128
1.10824
1.12128
1.10824
1.04305
1.04305
0.977862
0.951785
1.0952
1.13432
1.12128
1.14736
1.06913
1.01698
1.0952
1.0952
1.0952
1.03001
0.977862
0.938747
0.912671
0.964823
0.951785
1.03001
1.01698
1.03001
1.03001
0.925709
1.00394
1.00394
1.03001
1.00394
1.04305
0.9909
1.01698
0.964823
1.01698
1.06913
1.05609
0.977862
1.0952
1.12128
1.0952
1.21255
1.1604
1.13432
1.18647
1.22559
1.14736
1.14736
1.17343
1.18647
1.21255
1.1604
1.13432
1.1604
1.0952
1.10824
1.12128
0.9909
0.977862
1.01698
0.9909
1.01698
1.00394
1.06913
0.9909
0.977862
1.00394
1.01698
1.06913
1.13432
1.14736
1.1604
1.14736
1.1604
1.10824
1.06913
1.03001
0.977862
0.886594
0.808366
0.808366
0.795327
0.756213
0.70406
0.677984
0.691022
0.743175
0.795327
0.821404
0.756213
0.743175
0.808366
0.782289
0.795327
0.834442
0.834442
0.912671
0.795327
0.873556
0.912671
0.873556
0.860518
0.873556
0.808366
0.795327
0.873556
0.873556
0.821404
0.84748
0.860518
0.821404
0.84748
0.84748
0.873556
0.873556
0.860518
0.873556
0.84748
0.899633
0.912671
0.886594
0.912671
0.951785
0.912671
0.925709
0.899633
0.925709
0.899633
0.951785
0.938747
1.00394
0.977862
1.08217
1.03001
1.06913
1.04305
1.08217
1.04305
1.05609
0.964823
0.951785
0.964823
0.938747
0.964823
0.9909
0.9909
1.01698
1.03001
0.977862
0.9909
0.977862
0.9909
1.01698
0.9909
1.01698
1.00394
0.951785
0.938747
0.938747
0.951785
0.9909
0.977862
1.00394
1.04305
1.04305
1.06913
1.05609
1.05609
1.03001
1.00394
1.05609
1.12128
1.13432
1.21255
1.27774
1.1604
1.21255
1.17343
1.2647
1.21255
1.1604
1.10824
1.03001
0.9909
0.925709
0.899633
0.886594
0.899633
0.951785
0.977862
0.9909
0.9909
0.899633
0.951785
0.964823
1.05609
1.03001
1.0952
1.18647
1.0952
1.04305
1.01698
1.01698
0.9909
0.951785
0.964823
0.9909
1.14736
1.19951
1.13432
1.0952
1.12128
1.04305
1.05609
1.03001
1.10824
1.10824
1.0952
1.05609
1.12128
1.04305
0.964823
0.938747
0.977862
0.977862
0.964823
1.05609
1.06913
1.1604
1.18647
1.08217
1.06913
1.00394
0.938747
0.9909
0.925709
0.925709
0.964823
1.00394
1.06913
1.14736
1.1604
1.22559
1.23862
1.17343
1.12128
1.06913
1.13432
1.03001
1.05609
1.01698
1.04305
1.0952
1.0952
1.0952
1.0952
1.06913
1.04305
1.0952
1.03001
0.9909
1.03001
1.03001
1.04305
1.00394
0.951785
0.938747
0.84748
0.782289
0.821404
0.834442
0.899633
0.964823
1.03001
1.08217
1.08217
1.08217
0.9909
1.04305
1.06913
1.06913
1.14736
1.18647
1.17343
1.1604
1.03001
0.964823
0.977862
0.964823
1.06913
1.05609
1.05609
1.05609
1.13432
1.0952
1.14736
1.01698
1.10824
1.08217
1.04305
0.9909
1.01698
1.00394
0.977862
0.964823
0.899633
0.951785
0.938747
1.04305
1.10824
1.10824
1.0952
0.964823
0.938747
1.00394
1.03001
0.886594
0.860518
0.925709
0.9909
0.951785
0.977862
0.912671
0.899633
0.860518
0.808366
0.808366
0.886594
0.951785
0.964823
0.886594
0.834442
0.84748
0.912671
0.873556
0.938747
0.964823
0.977862
1.08217
1.04305
1.0952
1.04305
1.13432
1.17343
1.17343
1.08217
0.9909
1.00394
0.951785
0.951785
0.9909
0.964823
0.964823
0.899633
0.912671
0.951785
0.951785
0.912671
0.964823
0.964823
0.964823
0.951785
0.9909
1.00394
0.9909
1.04305
1.00394
0.977862
0.964823
0.964823
0.9909
1.01698
0.977862
1.04305
0.951785
0.938747
0.9909
0.964823
0.951785
1.05609
1.05609
1.05609
1.1604
1.19951
1.17343
1.13432
1.1604
1.18647
1.0952
1.05609
0.9909
0.912671
0.938747
1.00394
0.9909
0.9909
1.03001
1.01698
0.964823
0.925709
0.886594
0.860518
0.873556
0.886594
0.951785
0.977862
1.06913
1.05609
1.05609
0.964823
0.938747
0.951785
0.951785
0.886594
0.899633
0.899633
0.873556
0.925709
0.938747
1.01698
1.03001
1.0952
1.05609
1.04305
0.964823
0.977862
0.977862
0.938747
0.899633
0.873556
0.834442
0.886594
0.84748
0.821404
0.873556
0.899633
0.899633
1.00394
0.964823
0.925709
0.977862
0.9909
0.925709
0.951785
0.964823
0.951785
0.912671
0.899633
0.84748
0.84748
0.951785
0.925709
0.873556
0.84748
0.860518
0.886594
0.886594
0.899633
0.873556
0.899633
0.938747
0.938747
0.925709
0.925709
0.925709
0.912671
0.834442
0.938747
0.912671
0.977862
0.912671
0.860518
0.951785
0.964823
0.977862
0.9909
0.938747
0.951785
0.84748
0.834442
0.873556
0.834442
0.873556
0.873556
0.84748
0.886594
0.912671
0.9909
0.964823
0.964823
0.951785
0.9909
1.00394
1.03001
1.06913
1.08217
1.04305
1.10824
1.06913
1.08217
1.05609
1.04305
0.9909
0.951785
0.873556
0.743175
0.769251
0.84748
0.886594
0.860518
0.899633
0.977862
0.9909
0.951785
0.951785
0.860518
0.899633
0.951785
0.951785
0.964823
1.03001
1.0952
1.00394
1.00394
0.9909
1.00394
0.9909
0.977862
0.938747
0.964823
0.925709
1.00394
0.9909
0.977862
0.951785
0.899633
0.951785
0.899633
0.938747
0.925709
0.873556
0.899633
0.860518
0.782289
0.769251
0.782289
0.769251
0.860518
0.873556
0.860518
0.899633
0.964823
1.01698
1.06913
1.06913
1.17343
1.14736
1.17343
1.22559
1.17343
1.0952
1.10824
1.0952
1.00394
1.00394
0.9909
1.01698
0.964823
0.977862
0.977862
1.00394
0.964823
0.938747
0.938747
0.925709
0.951785
0.925709
0.886594
0.84748
0.795327
0.912671
0.860518
0.886594
0.808366
0.756213
0.756213
0.730137
0.860518
0.795327
0.860518
0.912671
0.860518
0.873556
0.886594
0.84748
0.84748
0.834442
0.860518
0.84748
0.84748
0.873556
0.886594
0.84748
0.834442
0.873556
0.782289
0.808366
0.821404
0.873556
0.951785
0.886594
0.886594
0.951785
0.860518
0.756213
0.730137
0.70406
0.730137
0.769251
0.873556
0.821404
0.925709
0.977862
1.04305
1.08217
1.0952
1.10824
1.01698
0.964823
0.925709
0.9909
0.938747
0.899633
0.860518
0.795327
0.769251
0.821404
0.84748
0.886594
0.860518
0.873556
0.899633
0.886594
0.860518
0.860518
0.834442
0.821404
0.834442
0.795327
0.743175
0.782289
0.782289
0.834442
0.912671
0.938747
0.873556
0.899633
0.925709
0.899633
1.01698
0.977862
0.9909
1.00394
1.06913
1.04305
0.9909
1.04305
1.06913
1.13432
1.21255
1.19951
1.25166
1.25166
1.27774
1.30382
1.2647
1.22559
1.14736
1.21255
1.14736
1.12128
1.23862
1.19951
1.1604
1.1604
1.12128
1.10824
1.04305
1.05609
1.00394
0.912671
0.938747
0.951785
1.06913
1.08217
1.05609
1.10824
1.1604
1.1604
1.14736
1.13432
1.10824
1.14736
1.19951
1.22559
1.23862
1.29078
1.21255
1.30382
1.2647
1.14736
1.12128
0.9909
1.00394
1.00394
1.03001
1.06913
1.06913
0.964823
0.951785
0.925709
1.00394
0.938747
0.9909
0.964823
1.01698
0.951785
0.886594
0.925709
0.977862
0.977862
0.951785
1.01698
1.05609
1.12128
1.1604
1.10824
1.05609
1.13432
1.10824
1.03001
1.06913
1.04305
1.03001
1.00394
0.964823
0.977862
1.00394
0.977862
1.04305
1.00394
1.01698
0.9909
0.9909
0.84748
0.873556
0.912671
0.925709
0.899633
0.873556
0.84748
0.899633
0.951785
0.9909
0.964823
0.912671
0.912671
0.938747
0.964823
0.912671
0.873556
0.886594
0.84748
0.899633
0.808366
0.743175
0.84748
0.886594
0.912671
1.03001
1.00394
1.03001
0.964823
0.938747
0.951785
0.9909
0.964823
0.977862
1.05609
1.12128
1.14736
1.14736
1.18647
1.23862
1.0952
1.08217
1.06913
1.14736
1.08217
1.06913
0.951785
1.00394
0.912671
0.9909
0.899633
0.964823
0.9909
0.925709
0.834442
0.821404
0.873556
0.873556
0.834442
0.873556
0.873556
0.860518
0.899633
0.977862
1.00394
0.977862
1.03001
1.01698
1.10824
1.08217
1.18647
1.14736
1.10824
1.08217
1.08217
1.0952
1.08217
1.10824
1.10824
1.08217
1.08217
1.04305
1.06913
1.0952
1.14736
1.12128
1.06913
0.964823
0.938747
0.964823
0.964823
0.9909
0.925709
0.912671
0.886594
0.938747
0.925709
0.977862
0.977862
1.03001
1.06913
1.0952
1.0952
1.10824
1.08217
1.13432
1.0952
1.10824
1.14736
1.0952
1.1604
1.12128
1.06913
1.14736
1.13432
1.06913
1.08217
1.08217
1.12128
1.14736
1.12128
1.05609
1.00394
0.9909
1.04305
1.08217
1.1604
1.13432
1.1604
1.08217
1.05609
1.05609
1.06913
1.01698
0.964823
0.938747
0.977862
1.03001
1.04305
1.01698
0.977862
0.84748
0.912671
0.938747
0.964823
1.03001
1.08217
1.05609
1.00394
1.08217
1.14736
1.08217
1.08217
1.05609
1.08217
1.0952
1.06913
1.05609
1.04305
1.0952
1.08217
1.0952
1.08217
1.06913
1.05609
1.10824
1.13432
1.06913
1.08217
1.10824
1.06913
1.08217
1.06913
1.03001
1.01698
1.03001
1.00394
1.05609
1.05609
0.9909
1.01698
0.9909
0.9909
0.964823
0.951785
0.938747
0.925709
0.886594
0.912671
0.925709
0.938747
0.912671
0.873556
0.925709
0.925709
0.899633
0.951785
1.00394
1.01698
0.9909
1.01698
1.01698
1.05609
1.08217
1.04305
1.04305
1.00394
0.964823
0.925709
0.873556
0.899633
0.886594
0.912671
0.951785
0.925709
1.01698
0.977862
1.03001
0.9909
0.951785
1.00394
1.00394
1.04305
1.0952
1.1604
1.12128
1.18647
1.1604
1.17343
1.05609
1.01698
0.9909
1.03001
0.951785
0.977862
0.9909
0.964823
0.886594
0.860518
0.873556
0.860518
0.938747
0.821404
0.873556
0.899633
0.886594
0.912671
0.938747
0.886594
0.834442
0.834442
0.821404
0.873556
0.769251
0.808366
0.84748
0.84748
0.886594
0.951785
0.964823
0.951785
0.977862
0.964823
1.00394
1.03001
1.00394
1.03001
1.04305
0.9909
1.03001
1.01698
1.05609
1.14736
1.12128
1.12128
1.12128
1.0952
1.0952
1.17343
1.14736
1.1604
1.23862
1.2647
1.22559
1.21255
1.18647
1.1604
1.1604
1.06913
1.08217
1.10824
0.9909
0.938747
0.977862
0.912671
0.938747
0.977862
1.01698
1.04305
1.08217
0.9909
1.00394
1.03001
1.01698
1.01698
0.977862
1.00394
0.977862
0.84748
0.821404
0.899633
0.938747
0.9909
1.01698
1.03001
1.01698
1.00394
1.03001
1.01698
0.9909
1.00394
1.03001
1.05609
0.977862
0.9909
1.08217
1.06913
1.12128
1.19951
1.21255
1.17343
1.17343
1.0952
1.12128
1.04305
1.04305
1.13432
1.17343
1.12128
1.17343
1.12128
1.08217
1.10824
1.00394
0.938747
0.964823
0.964823
0.964823
0.977862
1.00394
1.00394
1.01698
0.977862
0.925709
0.925709
1.00394
1.06913
0.964823
1.03001
1.01698
1.00394
1.03001
0.951785
0.977862
1.01698
1.00394
1.03001
1.13432
1.06913
1.0952
1.08217
1.05609
1.06913
1.12128
1.14736
1.14736
1.03001
0.9909
1.01698
1.05609
1.13432
1.06913
1.10824
1.05609
1.00394
0.899633
0.873556
0.938747
0.977862
1.06913
1.10824
1.13432
1.0952
1.03001
0.977862
1.04305
1.06913
1.05609
1.10824
1.10824
1.13432
1.08217
1.06913
1.03001
1.05609
1.04305
1.06913
1.12128
1.1604
1.19951
1.19951
1.25166
1.22559
1.0952
0.977862
0.925709
0.938747
0.9909
1.01698
1.01698
1.08217
1.08217
1.05609
1.08217
1.0952
1.10824
1.05609
1.03001
0.977862
0.977862
1.04305
1.04305
1.03001
0.9909
0.9909
0.951785
0.912671
0.925709
0.951785
0.951785
1.01698
1.05609
1.0952
1.10824
1.0952
1.05609
1.04305
1.04305
1.03001
0.9909
1.01698
1.04305
1.08217
1.05609
0.977862
0.9909
1.13432
1.1604
1.14736
1.08217
1.00394
0.977862
0.925709
0.873556
0.899633
0.886594
0.899633
0.912671
0.925709
1.00394
0.9909
0.951785
0.951785
0.834442
0.756213
0.769251
0.743175
0.730137
0.84748
0.84748
0.834442
0.886594
0.821404
0.821404
0.808366
0.769251
0.834442
0.899633
0.834442
0.834442
0.886594
0.964823
1.04305
0.938747
0.912671
0.977862
1.01698
