0.955664
0.910868
0.9258
1.03033
0.940732
0.940732
0.851139
0.895935
0.776477
0.776477
0.761545
0.821274
0.806342
0.806342
0.836206
0.79141
0.79141
0.836206
0.910868
0.910868
0.955664
0.955664
0.970597
0.955664
0.836206
0.806342
0.910868
0.895935
0.970597
1.03033
1.04526
1.00046
1.06019
1.00046
1.00046
1.00046
1.00046
1.07512
1.10499
1.11992
1.16472
1.10499
1.10499
1.07512
0.985529
0.940732
0.910868
0.910868
0.895935
0.866071
0.881003
0.910868
0.9258
0.895935
0.866071
0.985529
1.01539
1.00046
1.07512
1.09005
1.04526
1.13485
1.04526
1.01539
1.07512
1.03033
1.09005
1.03033
0.955664
0.955664
1.00046
0.985529
1.06019
1.07512
1.01539
1.03033
1.04526
1.10499
1.09005
1.04526
0.940732
1.03033
1.01539
1.07512
1.10499
1.04526
1.10499
1.07512
1.11992
1.04526
1.03033
0.9258
0.940732
0.910868
0.866071
0.895935
0.836206
0.9258
0.895935
0.910868
0.851139
0.836206
0.910868
0.895935
0.895935
0.970597
1.00046
0.970597
0.970597
0.985529
0.955664
0.955664
0.985529
1.03033
1.01539
1.04526
1.03033
1.01539
1.04526
0.955664
0.970597
1.06019
1.07512
1.13485
1.11992
1.09005
1.13485
1.17965
1.22444
1.16472
1.19458
1.19458
1.19458
1.14978
1.17965
1.10499
1.07512
1.07512
1.03033
0.970597
0.910868
0.9258
0.910868
0.851139
0.910868
0.866071
0.955664
0.985529
1.07512
1.11992
1.07512
1.04526
0.985529
1.00046
1.00046
0.985529
1.04526
1.01539
1.00046
0.970597
0.9258
0.881003
0.881003
0.79141
0.836206
0.821274
0.851139
0.910868
0.881003
0.955664
1.03033
0.940732
0.9258
0.985529
1.01539
1.06019
1.07512
1.07512
1.11992
1.07512
1.07512
1.03033
0.955664
0.940732
0.910868
0.955664
0.940732
0.970597
1.00046
1.04526
1.00046
0.955664
0.940732
0.9258
0.851139
0.9258
0.955664
0.940732
0.940732
0.895935
0.881003
0.881003
0.970597
1.01539
1.00046
1.06019
1.03033
1.01539
1.04526
1.00046
1.03033
1.03033
1.10499
1.03033
1.03033
1.07512
0.955664
0.955664
1.04526
1.07512
1.10499
1.04526
1.04526
1.06019
1.07512
1.07512
1.06019
0.940732
0.940732
0.910868
0.895935
0.895935
0.955664
1.01539
1.03033
1.03033
1.00046
1.00046
0.9258
1.01539
0.940732
0.940732
1.00046
1.03033
1.09005
1.07512
1.10499
1.06019
1.09005
1.13485
1.11992
1.06019
1.04526
0.970597
0.985529
0.940732
0.9258
0.940732
0.940732
0.970597
0.985529
1.07512
1.00046
0.9258
0.866071
0.851139
0.851139
0.836206
0.836206
0.851139
0.806342
0.851139
0.746613
0.761545
0.79141
0.851139
0.821274
0.821274
0.761545
0.746613
0.642087
0.657019
0.657019
0.716748
0.79141
0.836206
0.761545
0.866071
0.79141
0.881003
0.79141
0.836206
0.821274
0.836206
0.836206
0.79141
0.895935
0.866071
0.866071
0.910868
0.955664
0.940732
0.940732
0.970597
0.9258
0.955664
1.01539
1.00046
0.970597
0.970597
1.04526
1.04526
0.985529
1.03033
0.940732
0.851139
0.79141
0.910868
0.985529
0.985529
0.955664
0.9258
0.895935
0.955664
0.955664
1.04526
1.04526
1.07512
1.09005
1.09005
1.07512
1.06019
1.09005
1.14978
1.07512
1.10499
1.06019
1.04526
1.14978
1.16472
1.03033
0.970597
1.00046
0.970597
0.910868
0.851139
0.881003
0.881003
0.955664
1.09005
1.00046
1.01539
1.06019
1.00046
0.985529
0.895935
0.866071
0.881003
0.940732
0.955664
0.970597
0.940732
0.940732
0.955664
0.955664
0.955664
1.09005
1.01539
0.940732
0.940732
0.910868
0.866071
0.866071
0.910868
0.866071
0.761545
0.761545
0.716748
0.686884
0.746613
0.716748
0.746613
0.79141
0.79141
0.866071
0.836206
0.821274
0.881003
0.836206
0.910868
0.955664
0.970597
0.895935
0.895935
0.940732
0.940732
0.940732
0.955664
1.01539
0.955664
0.910868
0.940732
1.03033
1.07512
1.11992
1.04526
1.04526
1.03033
0.970597
1.03033
0.985529
0.881003
0.851139
0.851139
0.776477
0.821274
0.895935
0.806342
0.761545
0.776477
0.806342
0.836206
0.910868
0.881003
0.970597
0.881003
0.79141
0.806342
0.836206
0.881003
0.910868
0.866071
0.9258
0.910868
0.955664
0.955664
0.970597
0.940732
0.881003
0.940732
0.955664
0.895935
0.955664
0.895935
0.910868
0.881003
0.9258
0.9258
0.955664
0.940732
0.910868
0.910868
0.985529
1.06019
1.07512
1.09005
1.06019
1.03033
1.01539
1.00046
0.940732
1.03033
1.07512
1.06019
1.06019
1.13485
1.03033
1.01539
0.970597
0.910868
0.9258
1.01539
1.03033
1.06019
0.985529
0.955664
0.910868
0.881003
0.955664
0.970597
0.970597
0.940732
0.910868
0.881003
0.895935
0.910868
0.881003
0.895935
0.910868
0.985529
0.9258
0.940732
0.985529
0.910868
0.910868
0.985529
0.940732
0.806342
0.836206
0.836206
0.881003
0.851139
0.866071
0.851139
0.851139
0.9258
0.940732
0.881003
0.821274
0.851139
0.851139
0.806342
0.836206
0.821274
0.79141
0.836206
0.866071
0.881003
0.79141
0.716748
0.686884
0.701816
0.761545
0.851139
0.955664
0.985529
0.940732
0.940732
1.01539
0.985529
1.01539
0.970597
0.940732
0.955664
0.940732
1.00046
0.970597
1.06019
1.04526
0.940732
0.806342
0.761545
0.895935
0.910868
0.970597
1.03033
1.04526
1.04526
1.00046
0.985529
0.895935
0.910868
0.985529
0.985529
0.910868
0.940732
1.01539
0.985529
1.04526
1.01539
1.03033
1.00046
0.910868
0.881003
0.851139
0.851139
0.940732
0.985529
0.910868
0.851139
0.821274
0.806342
0.821274
0.79141
0.79141
0.776477
0.776477
0.821274
0.9258
0.955664
0.955664
0.881003
0.881003
0.881003
0.895935
0.910868
0.895935
0.940732
0.940732
0.940732
0.985529
1.00046
1.01539
0.955664
0.970597
1.01539
1.01539
1.01539
1.06019
0.955664
0.9258
0.836206
0.866071
0.910868
0.895935
0.866071
0.881003
0.821274
0.821274
0.716748
0.731681
0.746613
0.776477
0.79141
0.836206
0.836206
0.895935
0.895935
0.985529
0.985529
0.985529
0.910868
0.895935
0.940732
0.866071
0.881003
0.955664
0.940732
0.910868
0.940732
0.910868
0.910868
0.955664
0.955664
0.985529
0.955664
0.970597
0.851139
0.836206
0.866071
0.881003
0.955664
0.955664
1.04526
1.13485
1.11992
1.13485
1.10499
0.955664
0.910868
0.9258
0.895935
0.9258
0.955664
0.970597
1.01539
1.01539
1.03033
0.985529
0.970597
0.970597
0.955664
0.985529
0.940732
0.940732
0.970597
1.03033
1.04526
1.07512
1.06019
1.11992
0.985529
0.985529
0.910868
0.866071
0.9258
0.910868
0.851139
0.866071
0.881003
0.79141
0.836206
0.851139
0.9258
0.9258
1.00046
1.04526
1.03033
1.07512
1.06019
1.00046
1.01539
0.985529
1.00046
0.940732
0.910868
0.881003
0.910868
0.970597
1.00046
1.06019
1.01539
0.910868
0.940732
0.940732
0.940732
0.910868
0.895935
0.836206
0.821274
0.851139
0.851139
0.895935
0.881003
0.866071
0.866071
0.910868
0.851139
0.79141
0.746613
0.776477
0.746613
0.776477
0.776477
0.806342
0.881003
0.895935
0.895935
0.881003
0.881003
0.955664
0.940732
0.9258
0.910868
0.970597
1.00046
1.06019
1.14978
1.09005
1.13485
1.07512
0.985529
0.910868
0.9258
0.836206
0.821274
0.821274
0.895935
0.970597
1.01539
1.00046
1.06019
1.01539
0.910868
0.955664
0.970597
1.00046
1.00046
1.01539
1.06019
0.970597
0.9258
0.9258
0.821274
0.821274
0.79141
0.866071
0.895935
0.940732
0.881003
0.955664
0.940732
0.970597
0.895935
0.9258
0.910868
0.910868
0.895935
0.970597
0.985529
1.04526
1.03033
0.895935
0.866071
0.761545
0.79141
0.761545
0.806342
0.866071
0.806342
0.836206
0.940732
0.881003
0.851139
0.806342
0.761545
0.836206
0.851139
0.806342
0.821274
0.806342
0.821274
0.731681
0.731681
0.79141
0.776477
0.881003
0.955664
0.970597
0.955664
0.895935
0.821274
0.806342
0.761545
0.746613
0.686884
0.716748
0.881003
0.866071
0.895935
0.881003
0.836206
0.821274
0.776477
0.806342
0.79141
0.79141
0.821274
0.806342
0.79141
0.731681
0.836206
0.9258
0.940732
0.895935
0.9258
0.955664
0.940732
1.01539
0.970597
0.955664
0.9258
0.881003
0.851139
0.9258
0.9258
0.955664
0.881003
0.970597
0.955664
0.940732
0.940732
0.970597
0.955664
1.06019
1.06019
1.07512
1.07512
1.03033
1.00046
1.01539
1.03033
1.04526
1.01539
1.07512
1.06019
1.00046
1.03033
1.13485
1.11992
1.10499
1.07512
1.11992
1.06019
1.09005
1.04526
1.07512
1.16472
1.17965
1.09005
1.03033
1.06019
1.07512
1.06019
0.940732
1.01539
1.07512
1.11992
1.04526
1.00046
1.13485
1.07512
1.00046
0.9258
0.866071
0.79141
0.806342
0.821274
0.821274
0.895935
0.836206
0.806342
0.895935
0.9258
0.881003
0.895935
0.866071
0.910868
0.970597
1.01539
0.955664
1.01539
0.985529
1.04526
1.07512
1.01539
1.04526
1.06019
1.06019
1.04526
1.03033
0.955664
0.955664
1.00046
1.00046
0.970597
0.985529
0.985529
0.910868
0.851139
0.761545
0.776477
0.746613
0.806342
0.821274
0.836206
0.895935
0.851139
0.851139
0.866071
0.881003
0.9258
0.955664
1.01539
1.07512
1.01539
1.04526
1.13485
1.13485
1.13485
1.10499
1.00046
0.895935
0.940732
0.985529
0.940732
0.910868
1.01539
0.955664
1.03033
0.881003
0.895935
0.806342
0.836206
0.836206
0.9258
0.9258
0.955664
0.985529
1.20951
1.13485
1.10499
1.09005
1.16472
1.23938
1.25431
1.11992
1.09005
1.04526
0.985529
0.881003
0.910868
0.955664
0.9258
0.866071
0.851139
0.895935
0.9258
0.940732
1.00046
1.06019
0.985529
1.04526
1.06019
1.01539
1.00046
0.955664
1.00046
1.03033
1.01539
1.03033
0.985529
0.985529
0.866071
0.851139
0.940732
0.895935
0.881003
1.00046
1.06019
1.13485
1.14978
1.17965
1.11992
1.09005
1.07512
1.03033
1.00046
0.940732
0.985529
0.9258
0.985529
0.940732
0.881003
0.9258
0.9258
1.06019
1.13485
1.09005
1.00046
1.01539
0.940732
0.970597
1.01539
1.03033
0.985529
1.04526
0.970597
0.985529
0.985529
0.9258
0.866071
0.9258
0.9258
0.910868
0.955664
0.9258
0.9258
0.910868
0.985529
1.04526
1.04526
1.04526
1.03033
1.03033
1.06019
1.03033
1.04526
1.04526
1.03033
1.10499
1.11992
1.06019
1.07512
1.10499
1.07512
1.03033
1.01539
0.985529
0.970597
0.985529
1.04526
0.895935
0.910868
0.866071
0.910868
0.851139
0.821274
0.866071
0.821274
0.895935
0.955664
0.910868
0.9258
0.881003
0.851139
0.806342
0.79141
0.776477
0.866071
0.955664
1.03033
1.00046
0.955664
1.06019
1.03033
0.985529
0.9258
0.910868
0.910868
0.895935
0.836206
0.866071
0.851139
0.9258
0.895935
0.985529
0.955664
0.881003
0.866071
0.836206
0.851139
0.9258
0.955664
0.985529
0.955664
1.04526
1.07512
1.13485
1.10499
1.07512
0.940732
0.910868
0.970597
1.01539
1.00046
1.04526
1.03033
1.07512
1.03033
1.04526
1.06019
1.09005
1.22444
1.26924
1.26924
1.22444
1.10499
1.07512
1.06019
1.06019
1.03033
1.06019
0.955664
0.836206
0.836206
0.821274
0.851139
0.806342
0.910868
0.881003
0.940732
0.985529
1.06019
1.13485
1.14978
1.11992
1.13485
1.13485
1.14978
1.17965
1.20951
1.13485
1.09005
1.17965
1.14978
1.14978
1.19458
1.19458
1.22444
1.25431
1.20951
1.13485
1.09005
1.10499
1.17965
1.16472
1.16472
1.17965
1.13485
1.13485
1.17965
1.19458
1.20951
1.32897
1.28417
1.20951
1.20951
1.19458
1.22444
1.19458
1.19458
1.06019
0.970597
0.970597
0.955664
0.970597
0.970597
1.00046
0.985529
0.985529
0.985529
1.04526
0.985529
1.06019
1.10499
1.14978
1.13485
1.07512
1.16472
1.10499
1.13485
1.13485
1.11992
1.19458
1.20951
1.14978
1.04526
0.985529
0.866071
0.836206
0.940732
0.970597
0.895935
0.851139
0.806342
0.881003
0.9258
0.955664
0.985529
0.970597
0.910868
1.01539
1.07512
1.09005
1.13485
1.14978
1.19458
1.09005
1.09005
1.09005
1.07512
1.06019
1.09005
1.01539
0.985529
1.03033
1.06019
1.04526
1.03033
1.00046
1.01539
0.940732
0.970597
0.881003
0.836206
0.821274
0.806342
0.866071
0.940732
1.00046
0.985529
1.01539
0.970597
1.01539
1.07512
1.11992
1.07512
1.03033
1.06019
0.970597
0.955664
0.985529
1.03033
1.01539
1.14978
1.10499
1.06019
1.04526
1.06019
1.13485
1.19458
1.20951
1.19458
1.23938
1.17965
1.13485
1.16472
1.07512
0.970597
0.9258
0.985529
0.940732
0.836206
0.806342
0.866071
0.836206
0.821274
0.881003
0.940732
0.910868
0.866071
0.9258
1.00046
1.04526
1.09005
1.03033
0.985529
0.940732
0.940732
0.910868
0.910868
0.970597
1.07512
1.14978
1.17965
1.22444
1.19458
1.13485
1.16472
1.11992
1.14978
1.11992
1.13485
1.10499
1.04526
1.10499
1.03033
1.04526
1.10499
1.01539
0.955664
0.985529
0.970597
1.00046
1.09005
1.11992
1.09005
1.07512
1.16472
1.10499
1.07512
1.14978
1.10499
1.10499
1.07512
1.04526
1.01539
1.01539
1.10499
1.00046
1.00046
0.970597
0.970597
0.836206
0.866071
0.866071
0.9258
0.910868
0.955664
0.985529
1.00046
1.04526
1.03033
1.06019
1.01539
1.04526
1.09005
1.09005
1.06019
1.07512
1.03033
1.04526
1.07512
1.01539
0.970597
0.970597
0.985529
1.09005
1.13485
1.09005
1.20951
1.22444
1.25431
1.17965
1.09005
1.07512
1.03033
1.04526
1.06019
1.03033
1.01539
0.955664
0.970597
0.955664
0.9258
0.836206
0.761545
0.79141
0.895935
0.9258
0.881003
0.895935
0.821274
0.866071
0.851139
0.776477
0.821274
0.881003
0.9258
1.00046
1.04526
1.01539
1.00046
1.06019
1.06019
0.940732
0.9258
0.866071
0.821274
0.821274
0.806342
0.701816
0.701816
0.731681
0.701816
0.671952
0.671952
0.731681
0.642087
0.716748
0.761545
0.79141
0.776477
0.851139
0.806342
0.836206
0.895935
0.866071
0.836206
0.761545
0.686884
0.761545
0.836206
0.851139
0.881003
0.881003
0.866071
0.940732
0.910868
1.03033
1.04526
1.01539
0.970597
0.985529
1.10499
1.10499
1.07512
1.14978
1.13485
1.13485
1.10499
1.14978
1.03033
1.00046
1.00046
1.04526
1.01539
1.00046
0.955664
0.9258
0.881003
0.985529
0.9258
0.895935
0.866071
0.940732
0.955664
0.895935
0.940732
0.985529
0.940732
1.03033
1.14978
1.14978
1.25431
1.22444
1.14978
1.04526
1.03033
0.985529
1.03033
1.01539
1.01539
1.06019
1.07512
1.14978
1.14978
1.17965
1.25431
1.17965
1.13485
1.10499
1.13485
1.11992
1.11992
1.14978
1.14978
1.01539
1.00046
0.970597
0.910868
0.881003
0.866071
0.881003
0.940732
0.881003
0.9258
1.01539
1.00046
1.01539
1.04526
1.03033
1.10499
0.985529
1.09005
1.07512
1.17965
1.17965
1.23938
1.17965
1.16472
1.22444
1.19458
1.19458
1.19458
1.20951
1.10499
1.01539
0.985529
0.940732
1.01539
1.01539
1.00046
0.970597
0.985529
0.910868
0.955664
0.940732
0.866071
0.895935
0.881003
0.970597
0.985529
1.00046
1.03033
0.970597
0.985529
0.955664
1.00046
1.04526
0.940732
0.910868
0.970597
0.985529
1.01539
1.06019
1.04526
1.03033
0.940732
0.9258
0.851139
0.866071
0.955664
0.940732
0.985529
1.00046
0.9258
0.895935
0.970597
1.04526
0.985529
0.851139
0.821274
0.761545
0.866071
0.836206
0.851139
0.9258
0.895935
0.910868
0.836206
0.881003
1.00046
1.00046
1.03033
1.03033
1.03033
1.00046
1.07512
1.04526
1.03033
1.04526
0.985529
1.00046
0.940732
0.910868
0.985529
1.04526
1.07512
1.06019
1.01539
0.970597
1.04526
1.04526
0.955664
0.985529
1.06019
1.07512
1.13485
1.16472
1.13485
1.11992
1.06019
1.06019
1.07512
1.10499
1.06019
1.10499
1.01539
1.01539
1.01539
0.940732
0.9258
0.940732
0.9258
0.985529
1.04526
1.06019
1.06019
1.06019
1.16472
1.00046
0.970597
0.9258
0.895935
0.9258
0.955664
1.01539
1.01539
0.970597
1.03033
1.01539
1.06019
1.01539
0.970597
0.895935
0.940732
0.955664
1.09005
1.07512
1.09005
1.11992
1.13485
1.07512
1.04526
1.00046
0.985529
0.955664
0.985529
0.955664
0.955664
0.955664
0.955664
0.955664
0.881003
0.851139
0.895935
0.910868
0.940732
0.940732
0.910868
0.940732
0.881003
0.895935
0.910868
0.910868
0.9258
0.9258
0.955664
0.955664
1.00046
0.9258
0.970597
0.940732
0.985529
0.910868
0.9258
0.9258
0.910868
0.851139
0.866071
0.866071
0.866071
0.940732
0.940732
0.955664
0.985529
0.851139
0.806342
0.910868
0.895935
0.836206
0.836206
0.895935
0.910868
0.881003
0.895935
1.00046
1.09005
1.04526
1.03033
0.9258
0.9258
0.866071
0.851139
0.955664
0.970597
0.910868
0.940732
0.9258
0.9258
0.836206
0.806342
0.79141
0.821274
0.821274
0.806342
0.79141
0.731681
0.746613
0.746613
0.806342
0.836206
0.910868
0.851139
0.836206
0.836206
0.910868
0.910868
0.940732
0.940732
0.940732
1.01539
1.00046
0.9258
0.821274
0.821274
0.836206
0.866071
0.895935
0.851139
0.851139
0.821274
0.821274
0.881003
0.836206
0.821274
0.761545
0.851139
0.806342
0.79141
0.806342
0.940732
1.01539
1.01539
0.970597
0.910868
0.9258
1.01539
1.10499
1.09005
1.04526
0.985529
0.970597
1.00046
0.970597
0.970597
0.9258
0.970597
1.04526
1.01539
1.00046
1.06019
1.04526
0.955664
0.9258
0.866071
0.9258
0.985529
0.970597
0.910868
0.895935
0.836206
0.806342
0.776477
0.79141
0.716748
0.731681
0.746613
0.716748
0.731681
0.776477
0.79141
0.836206
0.851139
0.9258
0.9258
0.940732
0.881003
0.985529
0.955664
0.955664
0.970597
0.970597
0.985529
0.970597
1.04526
1.06019
1.03033
1.04526
1.01539
1.09005
1.07512
1.06019
1.09005
1.06019
1.06019
1.07512
1.06019
1.03033
1.00046
0.970597
1.07512
1.04526
1.04526
1.07512
1.11992
1.19458
1.19458
1.16472
1.23938
1.23938
1.16472
1.00046
1.00046
0.985529
0.970597
1.00046
1.04526
1.09005
0.985529
0.970597
0.955664
0.955664
0.970597
1.06019
1.04526
1.00046
1.01539
0.970597
1.03033
0.985529
0.985529
1.00046
1.00046
1.01539
0.970597
1.03033
1.03033
1.09005
1.09005
1.09005
1.07512
1.01539
1.06019
1.10499
1.10499
1.07512
1.09005
1.04526
1.07512
1.04526
1.10499
1.03033
1.03033
1.00046
0.940732
0.836206
0.806342
0.701816
0.776477
0.836206
0.851139
0.910868
1.01539
1.03033
1.10499
1.11992
1.07512
1.01539
1.04526
1.10499
1.26924
1.19458
1.17965
1.23938
1.16472
1.16472
1.20951
1.14978
1.13485
1.01539
0.940732
0.851139
0.9258
1.01539
1.01539
1.04526
1.01539
0.955664
0.970597
0.9258
0.821274
0.881003
0.881003
0.970597
0.985529
1.06019
1.07512
1.06019
1.07512
0.985529
0.910868
0.851139
0.761545
0.806342
0.776477
0.716748
0.716748
0.761545
0.776477
0.79141
0.836206
0.851139
0.866071
0.970597
0.955664
0.9258
0.910868
0.881003
0.940732
0.881003
0.79141
0.836206
0.881003
0.821274
0.806342
0.851139
0.836206
0.851139
0.836206
0.866071
0.895935
0.910868
0.910868
0.910868
0.866071
0.836206
0.836206
0.895935
1.01539
1.09005
1.11992
1.01539
1.11992
1.07512
1.01539
0.985529
0.940732
0.881003
0.866071
0.866071
0.836206
0.79141
0.881003
0.940732
0.9258
1.00046
0.985529
0.940732
1.06019
1.07512
1.07512
1.00046
1.06019
0.970597
0.910868
0.9258
1.01539
1.09005
0.985529
0.985529
0.940732
0.881003
0.955664
0.9258
0.970597
0.985529
0.940732
0.970597
0.940732
0.940732
0.955664
0.881003
0.955664
0.881003
0.940732
1.00046
1.01539
1.01539
1.00046
1.01539
1.04526
1.07512
1.11992
1.09005
1.06019
1.06019
0.970597
1.04526
1.00046
0.970597
0.910868
0.940732
0.955664
0.866071
0.9258
1.00046
0.985529
1.04526
1.06019
1.00046
0.9258
0.866071
0.821274
0.806342
0.806342
0.910868
0.836206
