0.895662
0.861214
0.849731
0.849731
0.769351
0.734902
0.769351
0.792316
0.815282
0.872696
0.884179
0.861214
0.930111
0.953076
0.930111
0.918628
0.953076
0.987525
0.964559
0.964559
0.918628
0.976042
0.941593
0.907145
0.930111
0.964559
0.930111
0.907145
0.849731
0.918628
0.872696
0.918628
0.918628
0.953076
1.04494
1.03346
1.09087
1.10235
1.03346
1.04494
1.05642
1.01049
1.02197
1.02197
0.976042
0.941593
0.918628
0.872696
0.849731
0.872696
0.907145
0.976042
1.01049
0.976042
1.04494
0.987525
0.976042
0.964559
0.918628
0.872696
0.861214
0.838248
0.895662
0.918628
0.999008
0.987525
0.976042
0.987525
0.964559
1.01049
1.01049
1.04494
1.0679
1.01049
1.01049
0.987525
0.987525
0.976042
0.999008
1.02197
1.02197
0.941593
1.02197
1.01049
0.941593
0.907145
0.907145
0.884179
0.987525
0.987525
0.941593
0.953076
0.999008
0.941593
0.987525
1.04494
1.05642
1.04494
1.01049
0.976042
1.03346
1.10235
1.09087
1.10235
1.0679
1.07939
0.999008
0.941593
0.999008
1.02197
1.05642
1.01049
1.0679
0.976042
0.987525
1.10235
1.09087
1.25163
1.28608
1.24015
1.14828
1.03346
0.999008
1.01049
1.02197
1.03346
1.03346
0.987525
0.941593
0.895662
0.861214
0.930111
0.953076
0.953076
0.941593
0.907145
0.987525
0.987525
0.930111
0.907145
0.838248
0.849731
0.953076
0.861214
0.884179
0.838248
0.792316
0.734902
0.780834
0.666005
0.723419
0.700454
0.677488
0.700454
0.769351
0.780834
0.757868
0.838248
0.861214
0.803799
0.803799
0.815282
0.838248
0.861214
0.895662
0.953076
0.930111
0.930111
0.953076
0.987525
0.976042
0.884179
0.918628
0.895662
0.861214
0.895662
0.907145
0.918628
0.941593
0.930111
0.964559
1.03346
0.987525
0.964559
1.02197
1.05642
0.999008
0.987525
0.999008
1.01049
0.941593
0.930111
0.953076
0.999008
0.976042
0.964559
0.976042
0.999008
0.964559
0.999008
0.941593
0.930111
0.884179
0.815282
0.849731
0.861214
0.849731
0.838248
0.872696
0.792316
0.746385
0.734902
0.757868
0.792316
0.861214
0.884179
0.964559
1.05642
1.01049
0.999008
0.953076
0.918628
0.895662
0.838248
0.884179
0.930111
0.884179
0.884179
0.907145
0.884179
0.826765
0.884179
0.838248
0.907145
0.838248
0.884179
0.907145
0.884179
0.918628
0.941593
1.01049
1.04494
1.01049
1.0679
1.03346
1.03346
1.03346
1.14828
1.09087
1.05642
1.04494
1.04494
1.01049
1.02197
0.964559
0.930111
1.03346
1.0679
1.03346
0.987525
0.964559
0.907145
0.918628
0.895662
0.849731
0.849731
0.884179
0.907145
0.941593
0.895662
0.918628
0.872696
0.976042
1.03346
1.03346
0.907145
0.872696
0.930111
0.930111
0.930111
0.907145
0.895662
0.884179
0.930111
0.918628
0.987525
1.04494
1.03346
1.11384
1.0679
1.01049
0.918628
0.976042
1.02197
1.01049
0.999008
1.02197
1.01049
1.01049
0.941593
0.849731
0.861214
0.895662
0.803799
0.826765
0.907145
0.941593
0.964559
0.999008
0.987525
0.999008
0.976042
0.987525
0.987525
0.930111
0.941593
0.999008
1.05642
1.09087
1.15977
1.2057
1.14828
1.1368
1.12532
1.1368
1.10235
0.976042
1.03346
0.964559
0.953076
0.884179
0.803799
0.803799
0.815282
0.861214
0.941593
0.964559
0.895662
0.872696
0.895662
0.895662
0.838248
0.792316
0.757868
0.780834
0.746385
0.769351
0.838248
0.907145
0.918628
0.895662
0.930111
0.953076
0.976042
0.987525
1.02197
1.09087
1.07939
1.04494
1.03346
1.04494
0.999008
0.987525
1.01049
1.04494
0.964559
0.987525
0.930111
0.999008
0.999008
0.999008
0.895662
0.849731
0.872696
0.815282
0.838248
0.895662
0.953076
0.953076
0.930111
0.941593
1.09087
1.09087
1.04494
1.09087
1.12532
0.953076
0.964559
0.930111
0.895662
0.964559
0.964559
0.964559
0.895662
0.872696
0.884179
0.884179
0.872696
0.838248
0.803799
0.907145
0.964559
0.849731
0.838248
0.792316
0.872696
0.930111
1.01049
1.01049
0.987525
0.976042
1.04494
1.12532
1.09087
0.999008
1.04494
1.02197
1.0679
1.03346
1.04494
1.05642
1.01049
0.976042
0.953076
0.918628
0.884179
0.826765
0.826765
0.826765
0.849731
0.769351
0.792316
0.861214
0.895662
0.930111
0.999008
0.930111
0.838248
0.815282
0.838248
0.746385
0.780834
0.838248
0.884179
0.826765
0.895662
0.872696
0.815282
0.803799
0.803799
0.826765
0.815282
0.941593
0.872696
0.861214
0.815282
0.803799
0.815282
0.838248
0.849731
0.861214
0.861214
0.826765
0.838248
0.838248
0.861214
0.872696
0.884179
0.872696
0.826765
0.872696
0.838248
0.849731
0.872696
0.907145
0.918628
0.976042
1.02197
0.999008
1.01049
0.941593
0.918628
0.895662
0.849731
0.803799
0.861214
0.861214
0.792316
0.780834
0.895662
0.861214
0.941593
0.941593
0.930111
0.884179
0.872696
0.895662
0.907145
0.918628
0.941593
0.953076
1.01049
1.02197
1.0679
1.0679
0.976042
0.964559
0.976042
1.03346
1.02197
1.0679
1.07939
1.03346
1.10235
1.15977
1.19422
1.1368
1.07939
1.1368
1.21718
1.17125
1.04494
0.987525
0.999008
0.941593
0.953076
0.999008
1.04494
1.11384
1.12532
1.18273
1.07939
1.12532
1.0679
1.10235
1.10235
1.03346
1.01049
0.987525
0.999008
1.01049
0.987525
0.941593
0.907145
0.907145
0.861214
0.895662
0.861214
0.884179
0.907145
0.941593
0.872696
0.930111
0.907145
0.930111
0.918628
0.884179
0.895662
0.861214
0.838248
0.803799
0.757868
0.792316
0.769351
0.849731
0.861214
0.872696
0.918628
0.930111
0.976042
0.930111
0.987525
0.953076
1.02197
1.01049
0.999008
0.976042
0.964559
0.918628
0.872696
0.918628
0.918628
0.987525
0.953076
0.976042
0.941593
0.987525
1.04494
1.03346
0.964559
0.941593
0.861214
0.872696
0.838248
0.861214
0.953076
0.907145
0.918628
0.941593
0.976042
0.941593
0.987525
1.05642
1.07939
1.04494
1.02197
0.976042
0.907145
0.930111
0.941593
1.04494
1.0679
1.0679
1.07939
1.10235
0.964559
0.976042
0.987525
1.09087
1.07939
1.07939
1.10235
1.09087
1.0679
1.12532
1.09087
1.07939
1.15977
1.21718
1.22866
1.14828
1.18273
1.17125
1.11384
1.11384
1.01049
0.964559
0.976042
0.987525
1.04494
1.10235
1.09087
0.999008
1.02197
0.918628
0.861214
0.849731
0.861214
0.861214
0.826765
0.872696
0.861214
0.918628
0.895662
0.907145
0.987525
0.964559
0.976042
0.976042
0.999008
0.987525
1.04494
1.05642
1.02197
0.987525
0.953076
0.941593
0.964559
0.884179
0.907145
0.953076
0.999008
0.953076
0.895662
0.884179
0.872696
0.895662
0.964559
0.987525
1.11384
1.15977
1.15977
1.25163
1.21718
1.24015
1.22866
1.18273
1.24015
1.2057
1.15977
1.0679
1.04494
0.987525
1.02197
1.0679
1.01049
1.04494
1.03346
1.01049
1.0679
1.09087
1.15977
1.10235
1.09087
1.04494
1.03346
0.953076
0.918628
0.987525
0.999008
1.03346
1.05642
1.12532
1.21718
1.33201
1.32053
1.30904
1.29756
1.22866
1.12532
1.03346
0.999008
0.999008
1.05642
0.964559
1.03346
1.09087
1.07939
1.07939
1.01049
1.02197
0.964559
0.999008
0.987525
1.03346
1.01049
1.02197
0.953076
0.953076
1.0679
1.05642
1.10235
1.1368
1.1368
1.25163
1.24015
1.18273
1.17125
1.10235
1.11384
1.0679
1.09087
1.05642
1.04494
0.976042
0.918628
0.918628
0.930111
1.01049
0.918628
0.999008
1.03346
1.10235
0.999008
1.01049
1.07939
1.11384
1.24015
1.28608
1.2746
1.14828
1.17125
1.18273
1.12532
1.09087
1.02197
1.01049
1.03346
0.999008
1.01049
1.03346
1.03346
1.0679
1.03346
1.03346
1.0679
1.12532
1.0679
1.07939
1.1368
1.07939
1.05642
1.05642
1.05642
1.02197
0.999008
0.999008
0.999008
1.05642
1.02197
1.05642
1.07939
1.07939
1.10235
1.2057
1.14828
1.12532
1.15977
1.19422
1.19422
1.10235
1.11384
1.09087
1.12532
1.1368
1.11384
1.2057
1.12532
1.04494
1.01049
1.01049
0.964559
0.941593
0.976042
0.953076
0.907145
0.895662
0.884179
0.907145
0.861214
0.861214
0.849731
0.907145
0.987525
0.953076
0.953076
0.907145
0.930111
0.941593
0.907145
0.941593
0.999008
1.03346
1.07939
1.0679
1.10235
1.09087
1.07939
1.10235
1.09087
1.10235
1.0679
1.02197
1.02197
1.04494
1.09087
1.01049
0.999008
1.09087
1.07939
1.02197
0.999008
0.987525
0.953076
1.01049
0.987525
1.03346
1.03346
1.01049
0.976042
0.976042
0.941593
0.941593
0.918628
0.964559
1.01049
1.02197
1.0679
1.09087
1.07939
1.01049
1.07939
1.1368
1.0679
1.02197
0.999008
1.01049
1.05642
1.10235
1.18273
1.11384
1.03346
1.01049
0.918628
0.930111
0.930111
0.930111
0.895662
1.02197
1.03346
1.07939
1.14828
1.18273
1.15977
1.12532
1.10235
1.18273
1.2057
1.17125
1.19422
1.12532
1.11384
1.19422
1.19422
1.18273
1.2746
1.26311
1.22866
1.2057
1.1368
1.12532
1.12532
1.12532
1.17125
1.07939
1.04494
0.941593
0.953076
0.953076
0.953076
0.941593
0.907145
0.861214
0.826765
0.861214
0.907145
0.895662
0.964559
1.02197
1.11384
1.04494
0.976042
0.872696
0.872696
0.907145
0.895662
0.872696
0.872696
0.849731
0.849731
0.815282
0.815282
0.815282
0.815282
0.907145
0.941593
0.953076
0.930111
0.930111
0.953076
1.03346
1.02197
1.05642
0.999008
1.09087
1.09087
1.05642
0.987525
0.976042
0.918628
0.918628
0.953076
0.964559
0.964559
1.03346
1.05642
1.09087
1.12532
1.2057
1.2057
1.2057
1.21718
1.21718
1.10235
0.987525
0.976042
0.941593
0.953076
1.02197
1.04494
1.04494
0.999008
1.03346
0.999008
0.941593
0.987525
0.941593
0.976042
1.03346
0.987525
0.918628
0.872696
0.849731
0.861214
0.884179
0.861214
0.838248
0.895662
0.884179
0.976042
0.930111
0.976042
1.11384
1.07939
1.0679
0.987525
0.999008
0.976042
0.941593
0.941593
0.953076
0.884179
0.895662
0.872696
0.895662
0.907145
1.02197
1.02197
1.02197
0.941593
0.964559
0.930111
0.953076
0.884179
0.861214
0.918628
0.941593
1.01049
0.999008
1.01049
1.03346
1.1368
1.14828
1.19422
1.11384
1.11384
1.0679
0.999008
0.953076
0.953076
0.976042
0.918628
0.895662
0.918628
0.895662
0.872696
0.826765
0.884179
0.907145
0.976042
0.941593
0.953076
0.987525
1.0679
0.999008
0.964559
0.941593
0.941593
0.999008
0.999008
0.976042
0.895662
0.895662
0.953076
1.0679
1.04494
1.12532
1.1368
1.12532
1.09087
1.09087
1.02197
1.07939
1.0679
1.10235
1.05642
1.07939
1.04494
1.07939
1.11384
1.0679
1.05642
1.03346
1.05642
1.04494
1.09087
1.1368
1.10235
1.02197
0.999008
1.07939
1.10235
1.12532
1.11384
1.12532
1.10235
1.05642
1.14828
1.10235
1.14828
1.05642
0.999008
0.987525
1.04494
0.999008
1.03346
0.999008
1.01049
0.987525
0.964559
0.941593
0.953076
0.999008
1.02197
1.10235
1.15977
1.1368
1.12532
1.14828
1.07939
1.15977
1.2057
1.1368
1.10235
1.1368
1.1368
1.07939
0.976042
1.01049
0.976042
0.930111
0.953076
1.03346
1.07939
1.07939
1.14828
1.1368
1.09087
1.04494
1.02197
0.941593
0.941593
0.930111
0.918628
0.941593
0.987525
0.941593
0.964559
0.884179
1.02197
1.0679
1.2057
1.2057
1.19422
1.14828
1.18273
1.12532
1.10235
1.09087
1.10235
1.07939
1.04494
1.05642
1.05642
1.03346
1.14828
1.18273
1.19422
1.18273
1.1368
1.07939
1.03346
1.04494
1.04494
1.03346
1.02197
0.964559
0.918628
0.872696
0.884179
0.907145
0.907145
0.976042
0.964559
1.02197
0.999008
0.987525
0.976042
0.987525
0.964559
0.941593
0.953076
0.999008
1.04494
1.02197
1.03346
0.987525
1.01049
1.03346
1.07939
0.987525
0.964559
0.964559
0.941593
0.953076
0.987525
0.884179
0.872696
0.918628
0.907145
0.907145
0.930111
0.872696
0.838248
0.826765
0.884179
0.861214
0.826765
0.838248
0.907145
0.987525
0.976042
0.987525
1.03346
1.02197
0.999008
1.02197
1.02197
1.02197
0.941593
0.930111
0.953076
0.964559
1.02197
0.953076
0.930111
0.953076
1.01049
0.976042
0.976042
1.01049
0.987525
0.987525
1.04494
1.05642
1.1368
1.03346
0.930111
0.884179
0.907145
0.941593
1.03346
0.941593
0.987525
0.999008
0.987525
1.01049
1.02197
1.05642
1.01049
0.999008
0.987525
0.953076
0.987525
0.930111
0.930111
0.953076
1.01049
1.02197
0.976042
0.953076
0.907145
0.803799
0.826765
0.907145
0.907145
0.826765
0.838248
0.872696
0.907145
0.918628
0.872696
0.872696
0.895662
0.861214
0.838248
0.815282
0.815282
0.861214
0.872696
0.861214
0.815282
0.815282
0.803799
0.780834
0.780834
0.792316
0.769351
0.815282
0.826765
0.849731
0.918628
0.964559
0.976042
1.03346
1.09087
1.09087
1.11384
1.09087
1.11384
1.17125
1.25163
1.2057
1.21718
1.19422
1.24015
1.14828
1.0679
1.03346
0.999008
0.872696
0.826765
0.780834
0.769351
0.780834
0.780834
0.838248
0.826765
0.872696
0.941593
0.884179
0.838248
0.792316
0.861214
0.884179
0.872696
0.849731
0.895662
0.895662
0.826765
0.918628
0.872696
0.941593
0.999008
1.01049
1.01049
1.07939
1.14828
1.18273
1.1368
1.12532
1.12532
1.1368
1.10235
1.10235
1.02197
0.987525
0.976042
1.04494
1.11384
0.976042
1.01049
0.999008
0.861214
0.895662
0.976042
1.05642
1.09087
1.12532
1.03346
1.04494
1.03346
0.999008
1.01049
0.930111
0.930111
0.964559
0.884179
0.953076
1.02197
0.953076
0.907145
0.918628
0.849731
0.895662
0.849731
0.953076
0.918628
0.987525
0.976042
0.941593
0.861214
0.769351
0.792316
0.792316
0.838248
0.838248
0.861214
0.895662
0.895662
0.907145
0.953076
0.976042
1.05642
1.10235
1.11384
1.12532
1.15977
1.18273
1.15977
1.07939
1.11384
0.999008
1.01049
1.0679
1.05642
0.999008
0.987525
0.964559
0.930111
1.01049
1.02197
0.953076
0.872696
0.861214
0.907145
0.930111
0.918628
0.953076
0.976042
0.918628
0.907145
0.953076
0.964559
0.907145
0.918628
0.861214
0.907145
0.861214
0.895662
0.895662
0.872696
0.941593
0.930111
0.964559
0.872696
0.803799
0.826765
0.884179
0.918628
0.964559
0.987525
0.941593
0.953076
0.987525
0.999008
0.964559
0.941593
0.918628
0.953076
0.953076
0.964559
0.941593
0.941593
0.907145
0.907145
0.930111
0.930111
0.907145
1.05642
1.04494
1.02197
1.01049
0.964559
1.03346
1.04494
0.964559
0.907145
0.930111
0.930111
0.918628
0.861214
0.838248
0.849731
0.849731
0.838248
0.838248
0.872696
0.849731
0.838248
0.838248
0.838248
0.849731
0.838248
0.838248
0.895662
0.918628
0.861214
0.953076
0.941593
0.964559
0.999008
0.987525
0.999008
1.04494
1.02197
1.03346
1.11384
1.09087
1.03346
0.987525
0.953076
0.918628
0.872696
0.815282
0.826765
0.861214
0.826765
0.849731
0.826765
0.884179
0.953076
0.907145
0.861214
0.838248
0.849731
0.895662
0.884179
0.895662
0.918628
0.918628
0.941593
1.02197
1.07939
1.05642
1.04494
0.976042
0.895662
0.907145
0.895662
0.953076
0.999008
1.01049
1.03346
1.01049
1.04494
1.0679
1.10235
1.12532
1.11384
1.11384
1.04494
0.861214
0.861214
0.918628
0.895662
0.953076
0.941593
0.953076
0.907145
0.999008
1.03346
1.10235
1.15977
1.19422
1.1368
1.09087
1.0679
1.02197
0.976042
0.999008
0.976042
0.953076
0.976042
0.964559
0.941593
0.872696
0.872696
0.976042
0.895662
0.861214
0.953076
0.999008
0.999008
1.03346
1.0679
1.02197
1.12532
1.1368
1.07939
1.04494
1.04494
1.02197
1.01049
0.930111
0.964559
0.987525
0.976042
1.02197
0.976042
0.976042
0.976042
0.987525
0.953076
0.999008
1.05642
1.05642
1.04494
1.07939
1.0679
0.930111
0.941593
0.907145
0.953076
0.999008
1.0679
1.01049
1.0679
1.14828
1.11384
0.999008
0.941593
0.976042
0.930111
0.941593
1.02197
1.05642
1.09087
1.09087
1.07939
1.14828
1.18273
1.12532
1.01049
0.987525
0.964559
0.941593
0.918628
0.838248
0.792316
0.815282
0.803799
0.769351
0.792316
0.861214
0.861214
0.872696
0.941593
0.964559
0.999008
1.03346
1.03346
1.10235
1.0679
0.953076
0.976042
0.999008
0.999008
1.03346
0.999008
0.987525
1.09087
1.0679
1.0679
1.0679
0.987525
0.918628
0.964559
0.918628
0.895662
0.884179
0.826765
0.780834
0.757868
0.803799
0.792316
0.826765
0.849731
0.792316
0.792316
0.826765
0.941593
0.953076
0.964559
0.941593
0.999008
0.964559
0.941593
0.999008
0.999008
0.964559
0.987525
1.05642
1.10235
1.10235
1.15977
1.09087
1.0679
1.02197
1.05642
0.987525
0.999008
1.03346
0.964559
0.999008
0.930111
0.918628
0.930111
0.976042
0.987525
1.01049
0.976042
0.918628
0.884179
0.838248
0.861214
0.826765
0.849731
0.918628
0.895662
0.907145
0.884179
0.953076
0.941593
0.999008
0.999008
0.987525
0.953076
0.953076
0.987525
1.04494
1.04494
1.07939
1.09087
1.11384
1.10235
1.11384
1.03346
1.09087
1.15977
1.2057
1.18273
1.12532
1.01049
1.03346
1.03346
1.02197
0.964559
1.01049
0.907145
0.872696
0.930111
0.895662
0.872696
0.884179
0.803799
0.884179
0.895662
0.872696
0.826765
0.849731
0.930111
0.907145
0.884179
0.941593
0.930111
0.953076
0.953076
0.976042
0.953076
1.04494
1.09087
1.10235
1.10235
1.07939
0.999008
0.953076
1.04494
1.01049
1.05642
1.03346
0.976042
0.964559
0.964559
0.987525
0.976042
0.918628
0.953076
0.987525
1.04494
1.01049
1.05642
1.02197
0.953076
1.05642
1.02197
0.999008
0.918628
0.918628
0.861214
0.803799
0.826765
0.849731
0.872696
0.930111
1.03346
1.0679
1.12532
1.14828
1.10235
1.1368
1.18273
1.04494
1.07939
1.10235
1.14828
1.1368
1.05642
1.03346
1.05642
1.11384
1.21718
1.22866
1.17125
1.17125
1.12532
1.07939
1.10235
0.999008
0.987525
0.987525
0.930111
0.999008
0.987525
0.953076
1.03346
1.05642
1.07939
1.03346
0.941593
0.895662
0.861214
0.884179
0.895662
0.872696
0.872696
0.872696
0.953076
0.895662
0.918628
0.895662
0.861214
0.930111
0.918628
0.953076
0.941593
0.930111
0.861214
0.872696
0.861214
0.895662
0.907145
0.872696
0.861214
0.872696
0.918628
0.907145
0.918628
0.976042
0.930111
0.941593
0.987525
0.930111
0.964559
0.976042
0.918628
0.976042
0.976042
0.964559
0.964559
0.930111
0.918628
0.976042
0.930111
0.999008
0.976042
0.953076
0.918628
0.895662
0.918628
0.987525
1.02197
1.05642
1.07939
1.0679
1.03346
1.07939
1.0679
1.0679
1.12532
1.1368
1.21718
1.14828
1.17125
1.17125
1.15977
1.11384
1.04494
0.999008
1.0679
0.976042
0.953076
0.953076
0.861214
0.780834
0.815282
0.826765
0.815282
0.849731
0.815282
0.838248
0.930111
0.930111
1.01049
1.05642
1.1368
1.15977
1.19422
1.18273
1.1368
1.12532
1.0679
1.04494
1.01049
1.03346
1.01049
1.01049
0.987525
0.964559
0.987525
0.953076
1.02197
1.03346
1.02197
1.0679
1.0679
1.04494
1.09087
1.12532
1.0679
1.09087
1.05642
1.04494
1.02197
1.03346
1.03346
1.09087
1.09087
1.04494
1.01049
1.04494
1.02197
1.03346
1.03346
1.07939
1.12532
1.21718
1.15977
1.1368
1.12532
1.10235
1.10235
1.04494
1.0679
1.12532
1.10235
1.12532
0.999008
1.01049
1.02197
0.987525
1.02197
1.04494
1.05642
0.941593
0.918628
0.987525
1.01049
0.953076
0.895662
0.953076
1.03346
1.03346
0.987525
1.02197
0.976042
0.953076
0.976042
0.930111
0.895662
0.976042
0.976042
0.941593
1.03346
1.07939
1.03346
1.14828
1.19422
1.17125
1.2057
1.09087
1.12532
1.12532
1.18273
1.05642
1.07939
1.07939
1.14828
1.12532
1.12532
1.12532
1.05642
0.941593
0.987525
0.953076
0.941593
0.884179
0.918628
0.884179
0.884179
0.861214
0.884179
0.884179
0.930111
0.976042
0.907145
0.861214
0.953076
0.930111
0.953076
0.987525
0.999008
0.964559
0.953076
0.838248
0.803799
0.884179
0.907145
0.976042
0.976042
