0.962278
0.882088
0.850012
0.86605
0.882088
0.94624
0.86605
0.94624
0.962278
0.978316
0.962278
0.962278
0.994354
0.962278
0.86605
0.86605
0.898126
0.882088
0.882088
0.994354
1.04247
1.07454
0.994354
1.02643
0.994354
1.07454
1.04247
0.962278
0.978316
0.962278
1.12266
1.04247
1.07454
1.10662
1.10662
1.12266
1.09058
1.10662
1.05851
1.12266
1.15473
1.17077
1.07454
1.04247
1.15473
1.05851
0.94624
0.962278
1.01039
0.94624
0.94624
0.978316
0.930202
0.94624
0.898126
1.01039
1.10662
1.12266
1.17077
1.09058
1.01039
0.994354
0.86605
0.914164
0.962278
0.962278
0.962278
1.07454
1.02643
1.01039
0.914164
0.850012
0.914164
0.850012
0.882088
0.914164
0.898126
0.914164
0.898126
0.86605
0.785861
0.753785
0.817936
0.801898
0.898126
0.930202
1.01039
1.01039
0.898126
0.817936
0.721709
0.833974
0.882088
0.817936
0.817936
0.785861
0.86605
0.86605
0.86605
0.962278
0.882088
0.962278
0.94624
0.930202
0.994354
1.02643
1.04247
1.12266
1.1387
1.07454
1.04247
1.01039
1.01039
1.02643
0.94624
0.930202
0.850012
0.86605
0.898126
1.01039
0.962278
0.994354
1.01039
1.01039
0.930202
0.94624
0.94624
0.94624
1.02643
1.01039
1.09058
1.18681
1.18681
1.15473
1.09058
1.02643
1.04247
0.978316
0.978316
0.914164
0.978316
0.94624
0.978316
0.94624
0.978316
0.914164
0.930202
1.01039
0.962278
0.898126
0.930202
0.914164
0.850012
0.833974
0.962278
0.850012
0.801898
0.86605
0.817936
0.978316
0.994354
1.07454
0.962278
0.898126
0.930202
0.914164
0.94624
0.94624
0.962278
0.978316
0.94624
0.882088
0.898126
0.978316
1.02643
0.94624
0.962278
1.05851
1.02643
1.09058
1.17077
1.18681
1.17077
1.17077
1.20285
1.1387
1.09058
1.05851
1.05851
1.09058
0.994354
0.962278
0.978316
0.994354
1.04247
1.12266
1.17077
1.1387
1.17077
1.18681
1.25096
1.15473
1.18681
1.07454
1.04247
0.978316
1.05851
0.994354
0.962278
1.05851
1.02643
1.04247
1.04247
1.09058
1.05851
0.962278
0.94624
0.930202
0.86605
0.898126
0.94624
0.962278
0.898126
0.850012
0.94624
1.04247
1.05851
1.1387
1.17077
1.12266
1.09058
1.10662
1.07454
1.02643
1.02643
1.05851
1.02643
1.04247
1.04247
1.1387
1.1387
1.15473
1.21889
1.18681
1.23492
1.10662
1.09058
1.1387
1.02643
1.02643
1.01039
0.94624
0.962278
1.05851
1.01039
1.01039
0.94624
0.930202
0.914164
0.882088
0.86605
0.930202
1.01039
1.01039
0.882088
0.86605
0.898126
0.930202
0.882088
0.86605
0.86605
0.801898
0.785861
0.785861
0.769823
0.801898
0.882088
0.898126
0.962278
0.882088
0.898126
0.86605
0.898126
0.94624
0.962278
1.01039
0.994354
0.962278
0.914164
0.86605
0.850012
0.882088
0.833974
0.801898
0.817936
0.817936
0.930202
0.898126
0.930202
0.850012
0.833974
0.785861
0.833974
0.850012
0.914164
0.930202
0.882088
0.769823
0.689633
0.705671
0.737747
0.721709
0.801898
0.850012
0.882088
0.94624
1.04247
1.01039
1.09058
1.05851
1.04247
1.04247
1.04247
1.12266
1.05851
1.10662
0.898126
0.86605
0.882088
0.962278
0.914164
0.94624
0.898126
0.994354
0.94624
1.04247
1.04247
1.01039
0.962278
0.94624
0.86605
0.850012
0.94624
0.930202
0.94624
0.914164
0.94624
0.978316
0.898126
0.914164
0.898126
0.914164
0.994354
1.02643
1.01039
1.02643
1.04247
1.05851
1.02643
0.994354
0.914164
0.882088
0.978316
1.07454
1.12266
1.02643
0.94624
0.930202
0.930202
0.930202
0.898126
0.833974
0.817936
0.86605
0.914164
0.962278
0.914164
0.833974
0.801898
0.882088
0.882088
0.833974
0.882088
0.86605
0.94624
0.978316
0.962278
0.930202
0.94624
0.914164
0.978316
0.94624
0.978316
0.962278
1.09058
1.01039
0.994354
0.94624
0.914164
0.801898
0.898126
0.898126
0.94624
0.994354
1.01039
1.04247
1.01039
0.898126
0.94624
0.994354
1.04247
1.09058
1.1387
1.04247
1.02643
1.07454
1.07454
1.10662
1.10662
1.07454
1.07454
1.07454
1.07454
1.05851
1.01039
1.05851
1.07454
1.02643
1.07454
1.02643
1.01039
0.850012
0.86605
0.882088
0.94624
0.94624
0.994354
1.01039
1.01039
1.05851
0.978316
0.882088
0.86605
0.801898
0.737747
0.673595
0.689633
0.737747
0.753785
0.801898
0.785861
0.86605
0.930202
0.978316
0.978316
1.07454
1.01039
0.978316
0.86605
0.898126
0.962278
0.898126
0.978316
1.02643
1.04247
0.994354
1.02643
0.930202
0.882088
0.882088
0.914164
0.898126
0.882088
0.850012
0.769823
0.785861
0.785861
0.914164
0.994354
0.930202
0.914164
0.94624
0.914164
0.94624
0.914164
0.882088
0.94624
0.898126
0.94624
0.914164
0.86605
0.930202
0.962278
0.994354
1.07454
1.07454
1.05851
1.05851
1.09058
1.05851
1.02643
0.962278
1.05851
1.04247
1.01039
1.01039
1.10662
1.09058
1.20285
1.21889
1.28304
1.23492
1.18681
1.10662
1.04247
1.05851
1.07454
1.09058
1.09058
1.09058
1.01039
0.962278
0.978316
0.94624
0.978316
0.94624
0.94624
0.882088
0.914164
0.86605
0.930202
0.962278
0.898126
0.882088
0.882088
0.785861
0.737747
0.737747
0.705671
0.705671
0.785861
0.801898
0.737747
0.833974
0.850012
0.930202
0.930202
0.94624
0.898126
0.898126
0.94624
0.994354
0.978316
0.978316
0.962278
0.930202
0.914164
0.978316
0.962278
0.898126
0.882088
0.898126
0.94624
0.850012
0.833974
0.817936
0.801898
0.850012
0.833974
0.882088
0.978316
0.94624
0.978316
0.930202
0.898126
0.833974
0.914164
0.978316
1.05851
1.07454
1.10662
1.17077
1.25096
1.25096
1.12266
1.12266
1.01039
0.978316
0.930202
0.94624
0.86605
0.882088
0.914164
0.898126
0.930202
0.978316
0.994354
1.05851
0.994354
1.04247
1.04247
1.05851
1.10662
0.994354
1.04247
1.05851
1.01039
0.994354
1.02643
1.02643
1.07454
1.01039
0.978316
0.898126
0.930202
0.898126
0.882088
0.817936
0.850012
1.01039
1.02643
1.01039
0.898126
0.930202
0.882088
0.882088
0.817936
0.86605
0.914164
0.914164
0.86605
0.962278
0.882088
0.94624
0.962278
1.02643
1.01039
0.914164
1.01039
0.994354
0.978316
0.978316
1.04247
1.05851
1.10662
1.12266
1.04247
1.01039
0.914164
0.86605
0.801898
0.882088
0.882088
0.994354
1.02643
0.898126
0.833974
0.817936
0.833974
0.769823
0.898126
0.930202
0.86605
0.86605
0.898126
0.86605
0.850012
0.833974
0.930202
0.978316
1.01039
0.962278
1.02643
0.914164
0.833974
0.914164
0.833974
0.898126
0.882088
0.833974
0.705671
0.705671
0.769823
0.705671
0.737747
0.801898
0.817936
0.801898
0.785861
0.833974
0.769823
0.833974
0.801898
0.898126
0.833974
0.833974
0.737747
0.86605
0.94624
0.94624
0.882088
0.882088
0.833974
0.86605
0.882088
0.914164
0.898126
0.882088
0.914164
0.86605
0.86605
0.850012
0.817936
0.817936
0.86605
0.94624
1.02643
1.04247
1.02643
0.930202
0.898126
0.94624
1.01039
1.05851
1.10662
1.09058
0.978316
0.914164
0.850012
0.801898
0.769823
0.737747
0.657557
0.641519
0.641519
0.657557
0.641519
0.673595
0.737747
0.785861
0.882088
0.769823
0.898126
0.94624
0.930202
0.962278
0.962278
0.94624
0.962278
0.94624
0.962278
0.994354
0.962278
0.914164
0.94624
0.994354
0.930202
0.850012
0.930202
0.930202
0.978316
0.914164
0.978316
1.02643
0.94624
1.01039
1.04247
1.09058
1.05851
0.962278
0.94624
1.01039
1.01039
0.978316
0.930202
0.86605
0.86605
0.898126
0.850012
0.86605
0.930202
0.914164
0.930202
0.914164
0.94624
0.898126
0.930202
0.914164
0.930202
0.801898
0.769823
0.705671
0.785861
0.817936
0.882088
0.94624
1.02643
1.02643
0.930202
0.86605
0.817936
0.86605
0.914164
0.914164
0.94624
0.930202
0.882088
0.833974
0.898126
0.882088
0.817936
0.801898
0.914164
0.962278
0.882088
1.02643
1.01039
1.09058
1.07454
1.05851
1.01039
0.94624
0.898126
0.978316
0.978316
1.04247
1.07454
1.07454
1.17077
1.15473
1.10662
1.09058
0.994354
1.04247
1.12266
1.12266
1.07454
1.10662
1.1387
1.21889
1.12266
1.12266
1.02643
1.04247
1.07454
1.07454
1.07454
1.07454
1.09058
1.10662
1.04247
0.994354
0.978316
0.994354
1.02643
1.05851
0.994354
1.02643
1.02643
0.994354
1.01039
1.09058
1.07454
0.994354
0.978316
1.05851
1.01039
1.02643
1.01039
0.962278
0.962278
0.978316
0.978316
0.994354
1.01039
1.04247
1.09058
1.20285
1.1387
1.12266
1.10662
1.05851
1.09058
1.07454
1.07454
1.10662
1.10662
1.10662
1.15473
1.04247
1.10662
1.09058
1.07454
1.12266
1.25096
1.25096
1.20285
1.10662
1.09058
1.05851
1.10662
1.09058
1.20285
1.18681
1.12266
1.04247
0.978316
1.01039
1.02643
1.07454
1.10662
1.18681
1.20285
1.12266
1.04247
0.962278
0.978316
0.978316
1.01039
0.994354
0.962278
1.02643
1.02643
1.04247
1.04247
1.04247
1.01039
0.94624
0.914164
0.994354
0.978316
0.978316
0.94624
0.882088
0.898126
0.817936
0.769823
0.753785
0.673595
0.705671
0.769823
0.801898
0.94624
0.930202
0.94624
0.930202
0.930202
0.898126
0.86605
0.930202
0.898126
0.898126
0.962278
0.930202
0.94624
1.01039
0.94624
0.882088
0.850012
0.882088
0.850012
0.785861
0.850012
0.86605
0.898126
0.850012
0.850012
0.817936
0.833974
0.801898
0.833974
0.753785
0.785861
0.850012
0.94624
0.962278
0.94624
0.898126
0.898126
0.94624
0.978316
1.02643
1.15473
1.15473
1.12266
1.15473
1.12266
0.994354
1.04247
0.94624
0.898126
0.914164
0.898126
1.04247
0.962278
0.962278
1.02643
1.02643
0.94624
0.994354
0.94624
0.94624
0.94624
0.94624
0.994354
1.04247
1.05851
0.994354
1.04247
0.978316
1.02643
1.01039
0.994354
0.94624
0.930202
0.898126
0.978316
1.01039
0.962278
0.882088
0.801898
0.817936
0.753785
0.721709
0.769823
0.689633
0.769823
0.817936
0.785861
0.850012
0.817936
0.850012
0.930202
1.02643
1.01039
0.962278
0.86605
0.850012
0.898126
0.94624
0.898126
0.930202
0.882088
0.882088
0.962278
0.930202
1.01039
0.994354
1.04247
1.05851
0.994354
1.01039
1.07454
1.12266
1.17077
1.23492
1.31511
1.25096
1.20285
1.05851
1.05851
1.07454
1.04247
1.02643
0.994354
0.994354
1.05851
1.01039
1.10662
1.12266
1.1387
1.07454
1.05851
1.12266
1.23492
1.15473
1.05851
1.02643
0.994354
1.05851
1.15473
1.15473
1.21889
1.267
1.28304
1.18681
1.10662
1.15473
1.23492
1.29908
1.37927
1.42738
1.44342
1.44342
1.45946
1.55568
1.45946
1.37927
1.21889
1.21889
1.25096
1.21889
1.17077
1.15473
1.10662
1.12266
1.04247
1.01039
1.1387
1.12266
1.12266
1.15473
1.12266
1.17077
1.12266
1.07454
0.962278
1.01039
0.978316
0.914164
0.930202
0.930202
0.850012
0.850012
0.817936
0.833974
0.94624
0.94624
0.94624
0.914164
0.898126
0.882088
0.94624
1.07454
1.02643
1.07454
0.994354
0.94624
0.994354
1.02643
1.12266
1.21889
1.23492
1.25096
1.21889
1.20285
1.15473
1.07454
1.09058
1.05851
1.04247
1.1387
1.17077
1.15473
1.05851
1.05851
0.994354
1.07454
1.02643
1.10662
1.1387
1.17077
1.17077
1.21889
1.15473
1.17077
1.1387
1.02643
1.09058
1.15473
1.12266
1.1387
1.12266
1.15473
1.09058
1.07454
0.994354
0.962278
0.898126
0.882088
0.850012
0.898126
0.930202
0.94624
1.01039
0.962278
1.07454
1.01039
0.994354
1.01039
1.07454
1.07454
0.994354
0.978316
1.04247
1.12266
1.02643
1.07454
1.02643
1.05851
1.02643
0.962278
0.94624
0.914164
0.86605
0.86605
0.86605
0.833974
0.785861
0.801898
0.833974
0.898126
0.914164
1.01039
1.09058
1.04247
1.05851
1.05851
1.02643
0.994354
0.833974
0.801898
0.785861
0.705671
0.721709
0.801898
0.817936
0.833974
0.86605
0.785861
0.817936
0.769823
0.753785
0.833974
0.850012
0.850012
0.833974
0.801898
0.882088
0.86605
0.962278
0.94624
0.994354
1.01039
1.05851
1.05851
1.04247
1.12266
1.17077
1.21889
1.18681
1.18681
1.28304
1.267
1.23492
1.21889
1.17077
1.05851
1.04247
1.05851
0.962278
0.914164
0.930202
0.882088
0.882088
0.882088
0.94624
0.962278
0.994354
0.94624
0.785861
0.801898
0.769823
0.769823
0.737747
0.657557
0.689633
0.689633
0.721709
0.769823
0.86605
0.882088
0.785861
0.785861
0.801898
0.882088
0.914164
0.86605
0.850012
0.86605
0.962278
1.07454
1.02643
1.04247
0.994354
1.01039
1.07454
1.05851
1.07454
1.20285
1.25096
1.23492
1.20285
1.18681
1.04247
1.07454
1.05851
0.930202
0.86605
0.86605
0.898126
0.882088
0.898126
0.978316
0.962278
1.07454
1.07454
1.02643
0.962278
0.962278
1.01039
1.01039
1.07454
1.10662
0.962278
0.94624
0.994354
0.994354
0.962278
0.930202
0.930202
0.898126
0.962278
0.94624
1.01039
0.962278
1.04247
1.05851
0.994354
0.930202
1.02643
1.04247
1.05851
1.05851
1.12266
1.04247
1.02643
1.02643
0.962278
0.898126
0.882088
0.94624
0.914164
0.785861
0.769823
0.914164
0.914164
0.930202
0.94624
0.978316
0.930202
0.930202
0.930202
0.978316
1.09058
1.1387
1.07454
1.01039
0.978316
0.962278
0.962278
1.04247
1.10662
1.09058
1.07454
1.01039
1.10662
1.09058
1.01039
0.994354
0.994354
0.978316
0.994354
1.01039
0.978316
0.962278
0.962278
0.930202
0.978316
0.978316
0.930202
0.94624
0.978316
0.930202
0.914164
0.882088
0.94624
0.994354
0.94624
0.962278
0.994354
0.978316
0.978316
1.01039
0.882088
0.914164
0.86605
0.94624
1.01039
1.09058
1.18681
1.18681
1.10662
1.10662
1.09058
1.10662
1.04247
0.962278
0.817936
0.737747
0.817936
0.769823
0.753785
0.801898
0.898126
0.850012
0.86605
0.930202
0.898126
0.962278
1.04247
1.02643
0.978316
0.94624
0.94624
0.94624
0.978316
1.09058
1.17077
1.17077
1.10662
1.09058
1.15473
1.12266
1.1387
1.09058
1.01039
1.01039
1.10662
1.15473
1.15473
1.07454
1.02643
1.12266
1.09058
1.02643
1.10662
1.10662
1.10662
1.17077
1.18681
1.1387
1.12266
1.05851
1.04247
1.01039
1.1387
1.1387
1.15473
1.05851
0.962278
1.01039
0.978316
0.994354
0.978316
0.978316
1.01039
0.930202
0.898126
0.850012
0.850012
0.833974
0.817936
0.753785
0.705671
0.657557
0.753785
0.721709
0.769823
0.769823
0.833974
0.801898
0.86605
0.882088
0.914164
0.833974
0.898126
0.817936
0.86605
0.833974
0.882088
0.914164
0.914164
0.898126
0.898126
0.86605
0.962278
0.962278
0.994354
1.05851
1.07454
1.18681
1.20285
1.17077
1.15473
1.10662
1.10662
1.10662
1.09058
1.10662
1.05851
0.978316
1.01039
0.898126
0.94624
0.994354
1.10662
1.10662
1.10662
1.05851
1.05851
1.05851
1.07454
1.04247
1.02643
1.02643
0.930202
0.914164
0.930202
0.930202
0.994354
0.962278
0.930202
1.02643
1.09058
1.09058
1.18681
1.25096
1.10662
1.15473
1.04247
1.04247
0.978316
1.04247
1.01039
1.02643
1.10662
1.09058
1.07454
1.10662
1.1387
1.05851
1.07454
1.10662
1.12266
1.1387
1.12266
1.20285
1.21889
1.23492
1.20285
1.267
1.20285
1.07454
1.05851
1.04247
1.10662
1.05851
1.02643
1.04247
1.09058
1.04247
1.02643
1.04247
1.04247
1.07454
1.07454
1.07454
1.09058
1.05851
1.04247
1.01039
0.94624
0.914164
0.898126
0.801898
0.785861
0.817936
0.769823
0.833974
0.850012
0.817936
0.833974
0.86605
0.882088
0.769823
0.657557
0.641519
0.657557
0.689633
0.785861
0.86605
0.898126
0.914164
0.914164
0.930202
0.882088
0.94624
0.962278
1.04247
1.05851
1.09058
1.07454
1.17077
1.18681
1.10662
0.994354
0.978316
0.994354
0.978316
0.882088
0.86605
0.962278
0.914164
0.994354
0.962278
0.898126
0.833974
0.86605
0.850012
0.850012
0.850012
0.914164
0.94624
0.914164
0.930202
0.994354
0.978316
0.994354
1.04247
0.94624
0.994354
1.10662
1.1387
1.04247
1.09058
1.10662
1.04247
1.04247
1.04247
1.02643
1.01039
1.02643
1.05851
1.04247
0.994354
0.94624
0.930202
1.04247
1.04247
1.12266
1.01039
0.94624
0.898126
0.882088
0.882088
0.914164
0.94624
0.94624
0.930202
0.930202
0.86605
0.978316
1.07454
1.05851
1.05851
1.1387
1.17077
1.20285
1.12266
1.05851
0.994354
1.02643
0.94624
1.01039
0.94624
0.914164
0.978316
1.02643
1.07454
1.02643
1.02643
1.04247
1.02643
0.994354
1.01039
1.04247
1.01039
0.930202
0.86605
0.801898
0.817936
0.817936
0.801898
0.86605
0.882088
0.86605
0.962278
0.930202
0.86605
0.850012
0.898126
0.914164
0.898126
0.914164
0.753785
0.801898
0.721709
0.801898
0.850012
1.02643
0.994354
0.994354
0.94624
0.94624
0.978316
0.994354
0.930202
1.02643
0.978316
0.978316
1.07454
1.10662
1.07454
0.962278
1.05851
1.15473
1.18681
1.12266
1.15473
1.1387
1.09058
1.12266
1.12266
1.05851
1.05851
1.12266
1.05851
1.07454
1.09058
1.1387
1.10662
1.05851
1.04247
1.07454
1.02643
0.978316
0.930202
0.962278
0.882088
0.850012
0.94624
0.994354
0.94624
0.994354
0.882088
0.882088
0.86605
0.930202
0.94624
1.05851
1.10662
1.07454
1.04247
0.962278
0.930202
0.978316
0.978316
0.94624
0.930202
0.930202
0.882088
0.930202
0.914164
0.994354
1.04247
1.07454
1.10662
1.05851
1.15473
1.20285
1.12266
1.05851
0.994354
0.994354
0.930202
0.962278
0.994354
1.01039
0.978316
1.01039
1.07454
1.01039
1.05851
1.01039
1.02643
1.01039
1.01039
1.01039
1.10662
1.1387
1.12266
1.07454
1.02643
0.994354
0.994354
1.01039
0.994354
1.01039
1.01039
0.962278
1.04247
1.04247
0.994354
0.994354
0.994354
1.04247
1.07454
0.978316
1.04247
1.05851
1.05851
1.10662
1.17077
1.17077
1.1387
1.12266
1.07454
1.07454
1.12266
1.17077
1.15473
1.09058
1.04247
1.02643
1.05851
0.978316
0.930202
0.914164
0.850012
0.817936
0.94624
1.01039
0.914164
0.86605
0.930202
0.978316
0.898126
0.978316
0.978316
0.898126
0.898126
0.833974
0.882088
0.94624
1.07454
1.10662
1.01039
1.01039
1.01039
0.850012
0.914164
0.801898
0.833974
0.930202
0.930202
0.86605
0.86605
0.817936
0.785861
0.850012
0.86605
0.801898
0.850012
0.801898
0.785861
0.721709
0.673595
0.86605
0.833974
0.833974
0.801898
0.785861
0.817936
0.898126
0.801898
0.785861
0.673595
0.577367
0.657557
0.737747
0.705671
0.657557
0.641519
0.689633
0.705671
0.673595
0.609443
0.721709
0.737747
0.737747
0.785861
0.817936
0.721709
0.689633
0.817936
0.769823
0.769823
0.86605
0.94624
0.994354
0.962278
1.04247
1.07454
1.02643
0.801898
0.898126
0.914164
0.962278
0.930202
0.914164
0.930202
0.833974
0.850012
0.833974
0.801898
0.801898
0.737747
0.801898
0.850012
0.817936
0.850012
0.978316
0.930202
0.978316
1.05851
1.01039
1.09058
1.15473
1.17077
1.07454
1.01039
1.07454
1.09058
0.962278
0.94624
0.930202
0.978316
1.05851
1.04247
0.994354
0.978316
0.94624
0.882088
0.850012
0.833974
0.833974
0.850012
0.914164
0.914164
0.898126
0.994354
1.04247
1.05851
1.09058
1.09058
0.994354
0.978316
0.94624
0.962278
0.930202
0.930202
0.978316
0.978316
1.01039
1.05851
0.994354
1.18681
1.20285
1.15473
1.25096
1.25096
1.25096
1.23492
1.20285
1.25096
1.23492
1.20285
1.20285
1.23492
1.1387
1.07454
0.994354
0.94624
0.930202
0.94624
1.02643
1.09058
1.04247
1.02643
1.04247
1.05851
1.07454
1.01039
1.09058
1.09058
1.15473
1.17077
1.1387
1.1387
1.12266
1.09058
1.01039
0.962278
1.01039
1.05851
1.04247
1.04247
1.01039
1.05851
0.994354
1.02643
1.05851
1.10662
1.09058
1.02643
0.994354
1.02643
0.978316
0.994354
0.94624
0.962278
0.978316
1.01039
1.02643
0.978316
1.05851
1.04247
0.978316
0.94624
