1.17437
1.17437
1.17437
1.06761
0.982203
0.982203
1.06761
1.08896
1.06761
1.08896
1.08896
1.11032
1.08896
1.04626
1.00356
1.08896
1.06761
1.06761
1.04626
1.08896
1.11032
0.982203
0.960851
0.939499
0.939499
0.960851
0.982203
0.939499
1.02491
1.02491
1.02491
1.04626
0.939499
1.00356
0.939499
1.00356
0.982203
0.960851
0.939499
0.982203
1.00356
1.06761
1.06761
1.00356
0.85409
0.875442
0.768681
0.747328
0.832737
0.811385
0.85409
0.875442
0.982203
1.02491
1.00356
0.960851
1.02491
1.08896
1.06761
1.00356
1.04626
1.04626
1.04626
1.02491
1.02491
1.04626
1.13167
1.02491
1.04626
1.04626
0.939499
0.875442
0.896794
0.960851
0.960851
0.939499
0.939499
0.875442
0.896794
0.896794
1.00356
1.04626
1.15302
1.13167
1.13167
1.17437
1.15302
1.15302
1.21708
1.19573
1.06761
1.11032
1.06761
1.00356
1.02491
0.982203
1.13167
1.08896
1.08896
1.15302
1.15302
1.21708
1.19573
1.11032
1.13167
1.15302
1.11032
1.15302
1.11032
1.04626
1.13167
1.19573
1.25978
1.19573
1.23843
1.21708
1.21708
1.17437
1.25978
1.25978
1.25978
1.17437
1.08896
1.13167
1.11032
1.00356
1.00356
0.960851
1.02491
1.06761
1.11032
1.02491
1.02491
1.08896
1.04626
1.06761
1.00356
1.04626
0.939499
0.939499
0.875442
0.832737
0.85409
0.768681
0.768681
0.790033
0.896794
0.875442
0.832737
0.960851
0.875442
0.960851
1.00356
1.00356
0.939499
0.918146
1.02491
1.08896
1.04626
1.11032
1.15302
1.28113
1.30249
1.32384
1.3879
1.30249
1.25978
1.36654
1.36654
1.36654
1.34519
1.19573
1.02491
1.15302
1.11032
1.17437
1.19573
1.19573
1.23843
1.21708
1.13167
1.19573
1.13167
1.17437
1.19573
1.15302
1.08896
1.06761
1.11032
1.11032
1.08896
1.06761
1.19573
1.19573
1.21708
1.23843
1.21708
1.08896
1.11032
1.17437
1.17437
1.19573
1.11032
1.13167
1.23843
1.17437
1.23843
1.32384
1.32384
1.34519
1.30249
1.21708
1.36654
1.19573
1.21708
1.23843
1.08896
1.02491
1.02491
1.02491
0.982203
0.939499
0.811385
0.982203
1.04626
1.08896
1.08896
1.08896
1.00356
1.02491
1.02491
1.00356
0.939499
0.939499
1.02491
1.08896
1.06761
1.00356
0.982203
0.982203
1.08896
1.19573
1.25978
1.30249
1.19573
1.08896
1.00356
1.08896
1.06761
1.08896
1.08896
1.08896
1.15302
1.15302
1.15302
1.30249
1.32384
1.34519
1.32384
1.15302
1.17437
1.04626
1.23843
1.30249
1.28113
1.25978
1.15302
1.15302
1.08896
0.960851
0.85409
0.85409
0.939499
0.85409
0.960851
1.06761
1.08896
1.06761
1.02491
0.939499
0.896794
0.85409
0.896794
0.85409
0.982203
1.06761
1.11032
1.19573
1.25978
1.28113
1.25978
1.28113
1.15302
1.17437
1.15302
1.13167
1.17437
1.21708
1.17437
1.08896
1.13167
1.04626
1.04626
0.982203
1.08896
1.19573
1.25978
1.19573
1.17437
1.06761
1.13167
1.06761
1.00356
1.04626
0.982203
1.06761
1.08896
1.15302
1.06761
1.13167
1.15302
1.13167
1.15302
1.15302
1.15302
1.15302
1.15302
1.11032
1.06761
1.11032
1.15302
1.15302
1.02491
1.04626
0.960851
1.06761
1.00356
1.04626
1.15302
1.19573
1.28113
1.30249
1.25978
1.30249
1.32384
1.19573
1.19573
1.17437
1.17437
1.17437
1.15302
1.13167
0.960851
0.960851
0.918146
0.982203
0.982203
0.85409
0.875442
0.790033
0.832737
0.811385
0.896794
0.85409
0.896794
0.875442
0.939499
0.896794
0.939499
0.896794
0.939499
1.00356
0.960851
0.982203
0.982203
0.960851
0.939499
0.896794
0.875442
0.790033
0.896794
0.85409
0.85409
0.896794
0.875442
0.85409
0.85409
0.85409
0.85409
0.85409
0.790033
0.747328
0.790033
0.832737
0.811385
0.811385
0.790033
0.747328
0.725976
0.704624
0.790033
0.811385
0.790033
0.85409
0.875442
0.960851
1.00356
1.00356
1.00356
0.918146
0.918146
0.960851
0.875442
1.00356
0.939499
0.960851
1.00356
0.960851
0.939499
0.939499
0.896794
0.896794
0.982203
0.982203
0.982203
0.918146
0.960851
0.939499
0.939499
0.982203
0.982203
0.939499
0.960851
0.982203
1.04626
0.918146
0.939499
0.960851
1.04626
1.02491
0.896794
0.939499
0.918146
0.832737
0.875442
0.896794
0.875442
0.918146
0.875442
0.918146
1.08896
1.13167
1.13167
1.11032
1.00356
0.875442
0.875442
0.960851
0.982203
1.00356
1.04626
1.02491
1.00356
1.02491
1.11032
1.04626
1.13167
1.04626
0.960851
1.02491
1.04626
1.08896
1.11032
1.04626
0.960851
1.00356
0.982203
1.02491
1.04626
1.04626
1.04626
0.918146
0.875442
0.982203
0.918146
0.982203
0.960851
0.896794
0.939499
0.960851
0.960851
0.939499
0.982203
1.08896
1.06761
1.04626
1.02491
1.00356
1.04626
1.00356
1.04626
0.982203
0.982203
1.06761
1.02491
1.04626
1.02491
1.06761
1.02491
1.06761
1.11032
1.15302
1.08896
1.17437
1.21708
1.15302
1.15302
1.11032
1.02491
0.918146
0.875442
0.918146
0.918146
0.982203
0.960851
0.918146
0.896794
0.960851
0.982203
1.04626
0.918146
0.960851
1.06761
1.06761
1.08896
1.00356
1.00356
1.02491
0.918146
0.875442
0.960851
0.939499
0.960851
1.06761
0.918146
0.939499
0.790033
0.811385
0.790033
0.790033
0.811385
0.85409
0.896794
0.875442
0.811385
0.832737
0.960851
0.918146
0.982203
1.00356
0.960851
0.982203
0.875442
0.747328
0.811385
0.811385
0.832737
0.747328
0.704624
0.683272
0.661919
0.683272
0.683272
0.811385
0.875442
0.85409
0.896794
1.00356
1.02491
1.08896
1.19573
1.06761
1.06761
1.00356
0.960851
0.918146
0.896794
0.918146
0.811385
0.811385
0.896794
1.02491
1.08896
1.06761
1.06761
1.04626
0.960851
0.85409
0.85409
0.939499
0.982203
0.960851
0.875442
0.960851
0.982203
0.896794
0.832737
0.790033
0.811385
0.704624
0.725976
0.704624
0.704624
0.768681
0.768681
0.832737
0.811385
0.811385
0.875442
0.875442
0.960851
0.875442
0.85409
0.918146
0.875442
0.982203
1.02491
1.08896
1.17437
1.19573
1.13167
1.06761
1.02491
1.02491
0.939499
0.896794
0.939499
0.875442
0.832737
0.896794
0.85409
0.896794
0.960851
1.06761
0.982203
0.960851
0.832737
0.918146
0.875442
0.725976
0.704624
0.640567
0.619215
0.640567
0.57651
0.619215
0.704624
0.704624
0.683272
0.768681
0.832737
0.832737
1.00356
1.13167
1.13167
1.06761
1.06761
1.00356
0.982203
0.960851
1.06761
1.04626
1.00356
0.982203
0.982203
0.832737
0.832737
0.811385
0.875442
0.918146
0.896794
1.06761
1.15302
1.11032
1.23843
1.23843
1.19573
1.11032
1.17437
1.23843
1.21708
1.25978
1.34519
1.34519
1.23843
1.28113
1.19573
1.21708
1.17437
1.08896
1.13167
1.08896
1.06761
0.896794
0.960851
0.939499
0.939499
1.04626
1.04626
0.960851
1.02491
1.00356
1.02491
1.06761
0.982203
1.02491
0.960851
1.02491
1.02491
0.939499
0.939499
0.939499
0.960851
0.918146
0.918146
0.982203
0.939499
0.875442
0.875442
0.790033
0.768681
0.832737
0.790033
0.811385
0.832737
1.00356
1.08896
0.982203
0.918146
0.896794
0.875442
0.918146
0.918146
0.832737
0.832737
0.918146
0.918146
0.875442
0.896794
0.939499
0.918146
1.02491
0.982203
0.982203
0.982203
1.08896
1.06761
1.02491
1.06761
1.06761
1.00356
1.04626
1.13167
1.11032
1.04626
1.17437
1.21708
1.23843
1.19573
1.13167
1.06761
0.960851
0.85409
0.811385
0.982203
0.875442
0.85409
0.982203
0.960851
0.875442
0.875442
0.725976
0.747328
0.790033
0.790033
0.768681
0.811385
0.85409
0.875442
0.918146
0.982203
1.02491
0.939499
0.85409
0.661919
0.747328
0.811385
0.918146
0.939499
0.939499
0.918146
0.939499
1.00356
0.960851
0.982203
1.04626
1.02491
0.939499
0.918146
0.960851
0.982203
1.00356
0.85409
0.811385
0.790033
0.768681
0.790033
0.640567
0.661919
0.747328
0.704624
0.811385
0.85409
0.725976
0.832737
0.85409
0.875442
0.875442
0.918146
0.896794
0.85409
0.896794
0.832737
0.683272
0.704624
0.704624
0.832737
0.939499
0.939499
0.939499
0.85409
0.747328
0.790033
0.832737
0.896794
0.960851
0.939499
0.875442
0.790033
0.85409
0.768681
0.811385
0.811385
0.725976
0.661919
0.640567
0.747328
0.790033
0.790033
0.832737
0.85409
1.00356
0.939499
0.982203
0.918146
0.832737
0.768681
0.811385
0.896794
0.939499
0.896794
0.939499
1.02491
1.11032
1.04626
0.960851
0.982203
1.04626
0.960851
1.06761
1.06761
1.13167
1.11032
1.02491
0.939499
0.939499
0.982203
1.02491
0.960851
0.918146
0.939499
1.04626
0.982203
0.939499
1.02491
1.04626
0.982203
0.918146
0.982203
1.02491
0.918146
0.896794
0.939499
0.918146
1.00356
1.06761
1.02491
0.939499
0.896794
0.875442
0.832737
0.790033
0.875442
0.875442
0.790033
0.896794
0.896794
0.85409
0.85409
0.811385
0.811385
0.768681
0.747328
0.747328
0.704624
0.725976
0.790033
0.811385
0.918146
0.982203
1.04626
1.04626
1.13167
1.08896
1.08896
1.04626
1.11032
1.13167
1.11032
1.15302
1.17437
1.15302
0.982203
1.02491
0.982203
0.982203
0.875442
0.896794
0.918146
0.875442
0.875442
0.85409
0.896794
0.875442
0.896794
0.811385
0.768681
0.85409
0.896794
0.85409
0.811385
0.768681
0.790033
0.747328
0.85409
0.982203
0.918146
0.875442
0.790033
0.790033
0.85409
0.790033
0.768681
0.747328
0.704624
0.790033
0.896794
0.982203
0.982203
1.02491
0.982203
0.939499
1.00356
0.875442
0.85409
0.85409
0.875442
0.811385
0.811385
0.790033
0.896794
0.918146
0.875442
0.960851
0.832737
0.896794
0.939499
0.896794
0.960851
0.960851
0.960851
0.896794
0.790033
0.875442
0.939499
1.02491
1.04626
1.02491
0.960851
1.00356
0.918146
0.896794
0.939499
0.875442
0.918146
0.896794
0.811385
0.704624
0.704624
0.768681
1.00356
0.918146
0.85409
0.918146
1.00356
1.02491
1.11032
1.08896
1.08896
0.982203
1.04626
1.04626
0.982203
0.960851
1.02491
1.02491
1.15302
1.21708
1.25978
1.25978
1.25978
1.28113
1.23843
1.15302
1.08896
1.08896
1.04626
1.06761
0.982203
0.982203
0.939499
1.00356
0.960851
0.960851
0.960851
0.939499
0.960851
0.875442
0.811385
0.768681
0.875442
0.875442
0.939499
0.85409
0.896794
0.85409
0.896794
1.00356
0.960851
0.918146
1.02491
0.982203
1.11032
0.939499
0.939499
1.06761
1.13167
1.02491
1.06761
0.982203
1.02491
0.982203
0.896794
0.875442
0.875442
0.896794
0.939499
0.832737
0.768681
0.832737
0.747328
0.896794
0.939499
0.918146
0.768681
0.790033
0.875442
0.918146
0.918146
1.00356
0.939499
0.982203
0.939499
0.811385
0.768681
0.768681
0.683272
0.661919
0.640567
0.661919
0.683272
0.640567
0.640567
0.533806
0.512454
0.597863
0.619215
0.619215
0.597863
0.725976
0.790033
0.875442
0.85409
0.832737
0.918146
1.02491
1.11032
1.17437
1.11032
1.02491
1.06761
1.15302
1.08896
1.08896
1.08896
0.939499
0.939499
0.960851
1.02491
0.960851
0.896794
0.918146
1.02491
0.960851
0.875442
0.875442
0.875442
0.896794
0.85409
0.939499
0.875442
0.875442
0.85409
0.811385
0.896794
1.00356
0.875442
0.875442
0.85409
0.832737
0.85409
0.918146
0.918146
0.704624
0.725976
0.704624
0.640567
0.683272
0.704624
0.790033
0.725976
0.704624
0.619215
0.725976
0.725976
0.811385
0.875442
0.832737
0.875442
0.85409
0.85409
0.875442
0.811385
0.875442
0.918146
0.896794
0.85409
0.896794
0.832737
0.875442
0.896794
0.875442
0.918146
0.939499
0.832737
0.939499
0.85409
0.768681
0.85409
0.875442
0.918146
0.875442
0.875442
0.85409
0.896794
0.982203
1.00356
1.02491
1.04626
1.08896
1.11032
1.15302
1.17437
1.15302
1.11032
1.13167
1.13167
1.21708
1.21708
1.19573
1.15302
1.08896
1.11032
1.11032
1.19573
1.06761
1.17437
1.06761
1.00356
1.04626
1.00356
0.960851
0.982203
1.00356
1.00356
0.85409
0.811385
0.85409
0.85409
0.939499
1.02491
1.02491
0.960851
0.982203
1.00356
0.918146
0.896794
0.939499
1.06761
1.08896
1.04626
1.02491
1.08896
1.08896
1.11032
1.11032
1.08896
1.17437
1.17437
1.21708
1.17437
1.19573
1.17437
1.08896
1.08896
0.875442
0.875442
0.896794
0.896794
0.939499
0.939499
0.896794
0.982203
0.939499
0.85409
0.896794
0.85409
0.832737
0.704624
0.747328
0.768681
0.768681
0.704624
0.725976
0.768681
0.790033
0.85409
0.918146
0.896794
0.85409
0.896794
1.00356
1.06761
1.11032
1.06761
0.982203
1.04626
0.939499
0.85409
0.704624
0.790033
0.790033
0.768681
0.832737
0.875442
0.85409
0.896794
0.960851
1.00356
0.918146
0.939499
0.85409
0.85409
0.832737
0.875442
0.875442
0.768681
0.790033
0.85409
0.747328
0.832737
0.896794
0.918146
0.918146
0.960851
0.939499
0.918146
0.939499
0.960851
0.875442
0.85409
0.85409
0.896794
0.896794
0.896794
0.982203
1.06761
1.11032
1.08896
1.08896
1.08896
1.08896
1.04626
1.04626
1.00356
0.960851
1.02491
1.04626
0.982203
0.982203
1.00356
0.896794
0.875442
0.811385
0.811385
0.811385
0.896794
1.04626
0.982203
1.02491
0.918146
0.960851
1.00356
1.08896
1.00356
0.982203
1.06761
0.939499
0.896794
0.918146
1.08896
1.06761
1.08896
1.02491
1.15302
1.17437
1.11032
1.19573
1.15302
1.17437
1.15302
1.13167
1.17437
1.11032
1.23843
1.25978
1.34519
1.21708
1.17437
1.08896
1.06761
0.918146
0.832737
0.875442
0.832737
0.939499
0.85409
0.85409
0.811385
0.811385
0.896794
0.896794
0.85409
0.875442
0.939499
0.875442
1.02491
0.939499
0.982203
0.896794
0.85409
0.811385
0.875442
0.790033
0.768681
0.790033
0.918146
0.939499
0.918146
0.811385
0.85409
0.790033
0.790033
0.85409
0.811385
0.832737
0.918146
0.832737
0.747328
0.747328
0.725976
0.768681
0.875442
0.918146
0.982203
0.918146
0.939499
0.939499
0.960851
0.875442
0.811385
0.875442
0.875442
0.918146
0.85409
0.85409
0.896794
0.982203
0.939499
0.918146
0.960851
0.982203
0.982203
1.06761
1.11032
1.08896
1.02491
0.918146
0.939499
0.939499
1.02491
1.08896
1.08896
1.15302
1.02491
1.11032
1.13167
1.06761
1.06761
1.06761
0.960851
1.02491
1.04626
1.08896
0.982203
0.939499
0.939499
0.982203
0.875442
0.875442
0.85409
0.918146
0.918146
0.85409
0.832737
0.875442
1.02491
1.04626
1.00356
1.00356
1.11032
1.11032
1.06761
0.960851
0.939499
0.939499
1.06761
1.00356
1.00356
1.06761
1.19573
1.19573
1.19573
1.13167
1.00356
1.06761
1.08896
1.11032
1.06761
1.04626
0.939499
0.982203
0.960851
0.875442
0.939499
1.02491
0.939499
0.960851
0.960851
1.06761
1.02491
0.939499
0.982203
1.00356
0.939499
0.875442
0.896794
0.896794
0.768681
0.725976
0.747328
0.747328
0.704624
0.683272
0.85409
0.811385
0.896794
0.939499
0.982203
0.875442
0.982203
0.875442
0.768681
0.811385
0.85409
0.918146
1.02491
1.13167
1.23843
1.21708
1.17437
1.15302
1.17437
1.06761
1.08896
1.08896
1.08896
1.21708
1.15302
1.08896
0.982203
0.939499
1.00356
1.00356
0.918146
0.918146
0.939499
0.896794
0.918146
0.982203
0.939499
0.939499
1.00356
0.939499
0.896794
0.960851
1.00356
0.960851
1.04626
1.17437
1.15302
1.06761
1.00356
1.06761
1.06761
1.15302
1.13167
1.23843
1.17437
1.02491
1.13167
1.15302
1.11032
1.11032
1.02491
0.939499
0.896794
0.896794
0.832737
0.811385
0.790033
0.875442
0.939499
0.939499
1.00356
1.02491
1.00356
1.00356
0.875442
1.00356
0.875442
0.811385
0.939499
0.939499
0.982203
0.982203
1.00356
0.960851
0.982203
1.02491
1.06761
1.04626
0.960851
0.896794
0.811385
0.811385
0.811385
0.790033
0.811385
0.832737
0.768681
0.875442
0.896794
0.918146
0.918146
0.960851
0.939499
0.939499
0.982203
0.939499
1.02491
0.939499
1.00356
1.08896
1.08896
1.08896
1.00356
0.960851
0.875442
0.875442
0.875442
0.85409
0.918146
0.960851
1.06761
1.06761
1.06761
0.939499
1.00356
0.982203
0.875442
0.918146
0.982203
1.04626
1.00356
1.04626
1.19573
1.19573
1.21708
1.08896
1.06761
0.982203
0.982203
0.960851
0.960851
0.960851
1.00356
1.02491
1.15302
1.15302
1.08896
1.02491
1.02491
0.982203
1.00356
1.00356
1.13167
1.11032
1.06761
1.06761
1.15302
1.04626
1.00356
0.982203
0.896794
0.982203
0.982203
0.939499
1.02491
1.00356
1.00356
0.982203
1.06761
1.08896
1.13167
1.32384
1.25978
1.19573
1.28113
1.17437
1.19573
1.21708
1.19573
1.11032
1.17437
1.23843
1.13167
1.11032
1.00356
1.06761
1.15302
1.15302
1.21708
1.13167
1.08896
0.982203
0.939499
0.85409
0.811385
0.875442
0.875442
0.896794
0.896794
0.875442
0.896794
0.896794
0.85409
0.939499
0.918146
0.875442
0.896794
0.896794
0.896794
0.939499
0.939499
0.875442
0.960851
0.918146
0.85409
0.939499
1.04626
1.04626
1.04626
1.13167
1.13167
1.13167
1.15302
1.11032
1.06761
1.08896
1.06761
0.982203
1.06761
1.08896
1.08896
1.11032
1.13167
1.11032
1.15302
1.11032
1.08896
0.982203
1.02491
1.06761
1.02491
1.02491
1.02491
1.02491
1.06761
1.04626
1.11032
1.04626
1.02491
1.08896
0.982203
1.02491
1.02491
1.06761
1.00356
0.85409
0.875442
0.790033
0.811385
0.811385
0.832737
0.875442
0.832737
0.768681
0.811385
0.918146
0.960851
1.02491
1.06761
0.875442
0.85409
0.939499
0.939499
1.04626
1.00356
1.19573
1.23843
1.19573
1.21708
1.21708
1.13167
1.00356
0.982203
1.02491
0.896794
1.00356
1.00356
0.896794
0.918146
0.939499
0.960851
1.04626
1.04626
1.00356
0.982203
0.960851
1.06761
1.00356
1.08896
1.06761
1.04626
1.21708
1.25978
1.21708
1.19573
1.08896
1.06761
1.06761
1.04626
1.06761
1.00356
1.00356
1.08896
1.04626
1.11032
1.11032
1.13167
1.06761
0.960851
0.939499
0.960851
0.896794
0.896794
0.832737
0.918146
0.939499
0.982203
1.00356
1.02491
1.06761
1.13167
1.17437
1.21708
1.19573
1.19573
1.17437
1.13167
1.15302
1.15302
1.19573
1.11032
1.11032
1.15302
1.04626
1.04626
1.11032
1.06761
1.04626
1.00356
0.918146
0.832737
0.832737
0.918146
0.939499
0.918146
0.896794
0.982203
0.939499
0.960851
0.939499
1.04626
1.02491
1.08896
1.08896
1.15302
1.13167
1.00356
1.00356
0.960851
0.939499
0.875442
0.747328
0.747328
0.747328
0.811385
0.790033
0.768681
0.747328
0.725976
0.85409
0.832737
0.875442
0.960851
1.04626
1.00356
1.02491
0.982203
1.02491
0.918146
1.00356
1.02491
1.00356
0.939499
1.02491
1.00356
1.11032
1.15302
1.19573
1.11032
1.21708
1.19573
1.17437
1.11032
1.08896
1.02491
1.00356
1.08896
1.15302
1.15302
1.23843
1.19573
1.19573
1.15302
1.15302
1.15302
1.08896
1.00356
0.960851
0.960851
0.918146
1.02491
1.00356
0.960851
0.85409
0.832737
0.768681
0.85409
0.85409
0.960851
0.960851
0.939499
1.02491
1.00356
1.00356
1.02491
1.04626
0.939499
0.875442
0.832737
0.960851
0.896794
0.896794
0.85409
0.896794
0.85409
0.811385
0.768681
0.875442
0.896794
0.960851
0.939499
0.982203
0.918146
0.811385
0.832737
0.875442
0.85409
0.768681
0.832737
0.896794
0.85409
0.896794
0.939499
0.875442
0.982203
0.960851
0.939499
0.918146
0.918146
1.00356
0.939499
0.875442
0.896794
0.85409
0.939499
1.06761
1.06761
0.982203
0.960851
0.982203
0.960851
1.06761
1.11032
1.06761
1.08896
1.06761
0.939499
0.918146
0.918146
0.918146
0.960851
0.875442
0.918146
0.832737
0.85409
0.939499
1.00356
0.960851
1.02491
0.982203
1.06761
1.02491
0.982203
0.982203
0.918146
0.939499
1.00356
0.982203
1.02491
1.08896
1.00356
0.982203
1.04626
0.960851
0.939499
0.960851
0.939499
0.939499
0.939499
0.982203
1.06761
1.08896
1.08896
1.02491
0.982203
1.00356
