0.949684
0.889066
0.889066
0.788036
0.788036
0.747624
0.788036
0.86886
0.990096
1.07092
1.03051
1.09113
1.05071
1.07092
0.96989
0.990096
1.15174
1.17195
1.09113
1.17195
1.13154
1.07092
0.949684
0.949684
0.929478
1.03051
0.889066
0.990096
0.96989
1.0103
1.09113
1.17195
1.19216
1.27298
1.25277
1.25277
1.23257
1.15174
1.13154
1.05071
1.05071
0.96989
0.990096
1.03051
1.0103
1.03051
1.0103
0.909272
0.929478
0.990096
1.07092
1.03051
1.05071
0.990096
0.909272
0.949684
0.949684
0.909272
0.828448
0.86886
0.808242
0.808242
0.808242
0.86886
0.848654
0.909272
0.909272
0.909272
0.96989
0.929478
0.848654
0.828448
0.828448
0.828448
0.848654
0.848654
0.889066
0.929478
0.889066
0.828448
0.808242
0.727417
0.788036
0.788036
0.747624
0.747624
0.909272
1.0103
1.03051
1.13154
1.17195
1.09113
1.11133
1.13154
1.17195
1.19216
1.23257
1.19216
1.19216
1.17195
1.21236
1.27298
1.29319
1.3336
1.27298
1.25277
1.13154
1.11133
1.07092
1.17195
1.11133
1.05071
1.11133
1.07092
1.07092
1.05071
1.05071
1.03051
1.13154
1.19216
1.17195
1.13154
1.11133
1.07092
1.11133
1.21236
1.27298
1.19216
1.15174
1.21236
1.19216
1.11133
1.09113
0.949684
0.949684
1.0103
0.990096
0.949684
0.949684
0.909272
1.0103
0.96989
0.889066
0.86886
0.86886
0.86886
0.889066
0.848654
0.96989
1.05071
0.990096
0.990096
0.96989
0.96989
0.96989
0.929478
0.949684
1.0103
1.03051
1.0103
1.07092
1.07092
1.09113
1.13154
1.15174
1.13154
1.09113
1.15174
1.17195
1.09113
1.05071
1.05071
1.07092
1.0103
1.03051
1.0103
1.03051
1.11133
1.25277
1.31339
1.37401
1.3336
1.23257
1.17195
1.29319
1.23257
1.23257
1.17195
1.15174
1.19216
1.25277
1.17195
1.17195
1.09113
1.15174
1.21236
1.13154
1.15174
1.13154
1.13154
1.21236
1.25277
1.25277
1.23257
1.09113
1.07092
0.949684
0.929478
0.949684
0.929478
0.990096
0.909272
0.828448
0.86886
0.96989
0.990096
1.03051
1.17195
0.990096
1.05071
1.03051
1.0103
0.96989
0.990096
0.990096
1.0103
0.96989
0.990096
1.03051
0.909272
0.96989
1.11133
1.03051
1.0103
1.11133
1.19216
1.21236
1.21236
1.19216
1.17195
1.19216
1.17195
1.23257
1.3538
1.45483
1.39422
1.29319
1.23257
1.3538
1.43463
1.43463
1.41442
1.25277
1.25277
1.3336
1.27298
1.27298
1.29319
1.25277
1.23257
1.25277
1.25277
1.23257
1.25277
1.25277
1.17195
1.21236
1.31339
1.3538
1.3336
1.17195
1.19216
1.21236
1.09113
1.07092
1.09113
1.15174
1.15174
1.09113
1.07092
1.15174
1.17195
1.23257
1.19216
1.17195
0.96989
0.929478
0.909272
0.949684
0.909272
0.909272
0.909272
0.990096
0.96989
0.96989
1.05071
0.96989
1.0103
0.929478
0.929478
0.86886
0.929478
1.03051
1.0103
1.0103
1.13154
1.13154
1.25277
1.25277
1.09113
1.05071
1.13154
1.07092
1.0103
1.09113
1.07092
1.09113
1.11133
1.11133
1.07092
1.11133
1.05071
1.07092
1.15174
1.13154
1.11133
1.0103
1.15174
1.19216
1.15174
1.07092
0.929478
0.929478
0.949684
0.96989
0.949684
0.96989
0.96989
1.05071
1.05071
1.03051
1.03051
0.990096
0.929478
0.96989
1.05071
1.05071
1.13154
1.07092
1.11133
0.990096
1.03051
1.13154
1.17195
1.3336
1.31339
1.27298
1.07092
1.07092
1.09113
1.09113
1.17195
1.0103
0.949684
0.96989
0.889066
0.86886
0.889066
0.808242
0.889066
0.808242
0.848654
0.848654
0.909272
0.909272
0.949684
0.889066
0.828448
0.808242
0.86886
1.0103
0.96989
1.05071
1.07092
0.990096
1.09113
1.0103
1.0103
1.0103
1.03051
1.0103
0.96989
0.990096
0.949684
0.949684
0.949684
0.848654
0.909272
0.889066
0.828448
0.828448
0.747624
0.788036
0.808242
0.848654
0.828448
0.828448
0.848654
0.929478
0.889066
0.929478
0.889066
0.929478
0.889066
0.86886
0.788036
0.76783
0.788036
0.788036
0.788036
0.909272
0.889066
0.929478
1.07092
1.09113
1.11133
1.0103
0.909272
0.808242
0.848654
0.828448
0.76783
0.848654
0.848654
0.86886
0.889066
0.949684
0.96989
0.86886
0.828448
0.788036
0.76783
0.788036
0.929478
0.96989
0.889066
0.889066
0.909272
1.0103
0.990096
0.949684
0.96989
0.949684
0.889066
0.848654
0.848654
0.929478
0.929478
0.96989
0.990096
0.990096
1.11133
1.19216
1.27298
1.23257
1.15174
1.05071
1.03051
1.05071
1.05071
0.96989
0.86886
0.808242
0.788036
0.747624
0.788036
0.86886
0.909272
0.86886
0.949684
0.929478
1.0103
1.05071
1.17195
1.15174
1.0103
1.07092
1.05071
1.0103
1.03051
1.13154
1.25277
1.23257
1.25277
1.23257
1.25277
1.3538
1.27298
1.11133
1.19216
1.11133
1.07092
1.17195
1.09113
1.03051
1.05071
0.96989
0.889066
0.96989
1.03051
0.990096
1.0103
1.0103
1.05071
0.96989
0.990096
0.990096
0.96989
1.03051
1.07092
1.05071
1.05071
1.11133
0.96989
0.909272
0.929478
0.929478
1.07092
1.19216
1.09113
1.07092
1.09113
1.05071
1.09113
1.17195
1.07092
1.09113
1.07092
1.05071
1.0103
0.949684
0.96989
0.96989
1.09113
1.07092
1.09113
1.03051
1.0103
1.03051
0.949684
0.929478
1.0103
1.03051
1.09113
1.15174
1.17195
1.07092
1.15174
1.23257
1.21236
1.23257
1.17195
1.11133
1.19216
1.23257
1.15174
1.17195
1.19216
1.05071
1.11133
1.19216
1.19216
1.15174
1.15174
1.17195
1.25277
1.25277
1.27298
1.13154
1.11133
1.21236
1.21236
1.19216
1.15174
1.11133
0.990096
1.0103
0.949684
1.0103
1.03051
1.13154
1.15174
1.11133
1.19216
1.21236
1.15174
1.19216
1.05071
0.96989
0.990096
1.03051
1.11133
1.13154
1.15174
1.19216
1.15174
1.03051
1.07092
1.09113
1.15174
1.09113
1.03051
1.03051
1.03051
1.09113
1.11133
1.03051
0.990096
0.889066
0.848654
0.929478
0.86886
0.889066
0.929478
0.949684
1.0103
1.07092
0.990096
0.96989
0.96989
0.929478
0.909272
0.86886
0.990096
0.949684
0.96989
0.990096
1.03051
1.03051
1.11133
1.0103
1.03051
0.990096
1.05071
1.07092
1.0103
0.990096
0.96989
0.96989
1.0103
1.07092
1.11133
1.07092
1.11133
1.11133
1.03051
1.03051
1.09113
1.05071
0.990096
1.05071
1.11133
1.05071
1.03051
0.949684
0.889066
0.909272
0.909272
0.848654
0.889066
1.03051
1.03051
0.949684
1.05071
1.05071
1.03051
0.929478
0.86886
0.929478
1.03051
1.09113
1.09113
1.11133
1.03051
0.990096
1.03051
0.909272
0.889066
0.828448
0.848654
0.949684
0.96989
0.96989
0.96989
0.929478
0.990096
0.929478
0.909272
0.909272
0.96989
0.96989
0.96989
0.96989
0.949684
0.86886
0.889066
1.0103
0.990096
0.949684
0.949684
0.990096
0.96989
0.929478
0.929478
0.848654
0.929478
1.07092
1.05071
1.13154
1.03051
1.03051
1.03051
0.949684
0.949684
0.929478
0.929478
0.990096
0.929478
0.96989
0.96989
0.949684
0.949684
0.828448
0.828448
0.707211
0.727417
0.848654
0.86886
0.848654
0.848654
0.86886
0.929478
0.929478
1.03051
1.03051
0.990096
0.909272
0.929478
0.949684
0.909272
0.889066
0.889066
0.990096
1.03051
1.07092
1.11133
1.11133
1.15174
1.09113
1.0103
0.889066
0.828448
0.848654
0.86886
0.889066
0.86886
0.808242
0.889066
0.929478
0.848654
0.949684
0.949684
0.929478
0.990096
1.09113
0.949684
0.929478
0.909272
0.949684
0.96989
0.929478
0.949684
0.96989
1.05071
1.0103
1.05071
0.990096
0.990096
0.96989
0.909272
0.848654
0.889066
0.909272
0.990096
1.0103
0.949684
1.0103
1.05071
1.0103
1.0103
1.03051
0.96989
0.949684
1.03051
1.03051
0.990096
1.0103
0.909272
0.889066
0.909272
0.929478
1.03051
1.0103
0.86886
0.909272
0.909272
0.949684
0.949684
0.929478
0.848654
0.828448
0.76783
0.86886
0.86886
0.86886
0.889066
0.96989
0.929478
1.0103
1.05071
1.13154
1.15174
1.13154
1.11133
1.05071
1.03051
0.96989
0.929478
0.949684
0.990096
0.929478
0.848654
0.808242
0.747624
0.727417
0.666799
0.687005
0.808242
0.828448
0.808242
0.828448
0.788036
0.76783
0.86886
0.949684
0.96989
0.96989
0.909272
0.929478
0.86886
0.889066
0.86886
0.848654
0.848654
0.86886
0.889066
0.86886
0.848654
0.828448
0.808242
0.929478
1.07092
0.96989
0.96989
1.0103
0.949684
0.828448
0.929478
0.949684
0.848654
0.949684
0.929478
0.949684
0.949684
0.949684
0.828448
0.808242
0.86886
0.687005
0.747624
0.687005
0.727417
0.666799
0.666799
0.646593
0.626387
0.666799
0.687005
0.646593
0.585975
0.646593
0.76783
0.747624
0.76783
0.727417
0.788036
0.828448
0.929478
0.929478
0.990096
0.949684
1.03051
0.990096
0.949684
0.949684
0.929478
0.808242
0.828448
0.929478
0.949684
1.0103
1.05071
1.03051
1.11133
0.990096
0.929478
0.909272
1.07092
1.17195
1.13154
1.17195
1.07092
0.990096
1.0103
1.0103
1.07092
1.03051
0.929478
0.96989
0.909272
0.909272
0.86886
0.747624
0.828448
0.86886
0.909272
0.990096
0.96989
0.990096
1.0103
1.07092
1.05071
1.13154
1.25277
1.19216
1.31339
1.29319
1.21236
1.25277
1.17195
1.29319
1.21236
1.17195
1.17195
1.13154
1.05071
0.990096
0.990096
0.949684
0.990096
0.949684
0.828448
0.86886
0.889066
0.828448
0.848654
0.889066
0.828448
0.808242
0.929478
1.0103
1.07092
1.17195
1.07092
1.15174
1.19216
1.17195
1.15174
1.17195
1.19216
1.13154
1.07092
0.949684
0.949684
0.949684
0.990096
0.990096
0.990096
0.949684
0.909272
0.990096
0.990096
0.96989
0.96989
1.0103
1.11133
1.0103
0.96989
1.05071
1.0103
0.929478
0.909272
0.889066
0.909272
0.96989
1.05071
1.07092
1.07092
1.09113
1.03051
1.03051
0.990096
0.990096
1.05071
1.03051
0.96989
0.990096
1.0103
0.96989
0.929478
0.808242
0.727417
0.687005
0.707211
0.76783
0.788036
0.828448
0.848654
0.86886
0.949684
0.889066
0.828448
0.828448
0.848654
0.848654
0.727417
0.788036
0.909272
0.788036
0.828448
0.828448
0.848654
0.848654
0.909272
0.929478
0.848654
0.727417
0.707211
0.687005
0.788036
0.808242
0.828448
0.828448
0.808242
0.808242
0.788036
0.76783
0.909272
0.990096
1.11133
1.15174
1.03051
0.990096
1.0103
1.0103
0.949684
0.949684
0.848654
0.788036
0.808242
0.808242
0.909272
0.929478
0.96989
0.909272
0.929478
0.949684
0.909272
0.990096
1.0103
0.909272
0.86886
0.828448
0.808242
0.848654
0.86886
0.848654
0.848654
0.909272
0.848654
0.86886
0.909272
0.990096
0.929478
0.909272
0.889066
0.808242
0.76783
0.76783
0.808242
0.76783
0.828448
0.990096
1.11133
1.09113
1.21236
1.13154
1.05071
1.09113
0.929478
0.909272
0.788036
0.86886
0.828448
0.808242
0.808242
0.86886
0.86886
0.990096
0.929478
0.889066
0.929478
0.808242
0.949684
0.848654
0.949684
0.929478
1.05071
1.07092
1.05071
1.09113
1.07092
1.03051
0.96989
0.848654
0.848654
0.848654
0.828448
0.808242
0.86886
0.828448
0.929478
0.929478
0.929478
0.848654
0.86886
0.808242
0.788036
0.788036
0.808242
0.808242
0.76783
0.828448
0.808242
0.76783
0.727417
0.666799
0.727417
0.808242
0.909272
0.86886
0.949684
0.848654
0.707211
0.76783
0.788036
0.909272
0.909272
0.909272
0.86886
0.889066
0.808242
0.808242
0.808242
0.86886
0.828448
0.788036
0.828448
0.788036
0.848654
0.848654
0.96989
1.05071
1.09113
1.05071
1.0103
0.929478
0.929478
0.86886
0.828448
0.86886
0.86886
0.828448
0.808242
0.76783
0.646593
0.606181
0.646593
0.666799
0.727417
0.727417
0.727417
0.707211
0.707211
0.788036
0.929478
0.990096
1.03051
0.929478
1.03051
0.990096
0.990096
0.96989
0.990096
0.990096
0.909272
0.889066
0.990096
0.949684
0.86886
0.86886
0.828448
0.929478
0.96989
0.949684
0.949684
0.909272
0.86886
0.86886
1.0103
0.990096
1.05071
1.05071
1.0103
0.990096
0.990096
0.990096
1.0103
1.05071
0.889066
0.949684
0.96989
0.990096
1.05071
1.09113
1.09113
1.0103
1.17195
1.11133
1.11133
1.21236
1.17195
1.19216
1.17195
1.23257
1.23257
1.19216
1.27298
1.17195
1.21236
1.21236
1.13154
1.07092
1.03051
1.09113
1.17195
1.23257
1.23257
1.25277
1.11133
1.09113
1.11133
1.03051
1.13154
1.23257
1.19216
1.17195
1.09113
1.0103
1.05071
1.07092
1.13154
1.23257
1.17195
1.09113
1.05071
1.05071
0.990096
1.0103
0.889066
0.828448
0.86886
0.86886
1.0103
1.05071
1.05071
1.07092
1.13154
1.29319
1.3336
1.43463
1.43463
1.49525
1.37401
1.37401
1.3538
1.29319
1.17195
1.29319
1.17195
1.15174
1.21236
1.21236
1.21236
1.27298
1.21236
1.31339
1.17195
1.09113
0.990096
0.86886
0.828448
0.86886
0.828448
0.828448
0.828448
0.828448
0.788036
0.727417
0.687005
0.727417
0.747624
0.808242
0.747624
0.808242
0.707211
0.848654
0.929478
0.96989
0.949684
0.96989
0.86886
0.949684
0.828448
0.909272
0.949684
1.07092
0.990096
1.0103
0.990096
0.949684
1.0103
0.990096
1.03051
0.990096
1.05071
1.07092
0.990096
0.909272
0.848654
0.808242
0.848654
0.96989
0.990096
1.0103
0.990096
1.15174
1.05071
1.09113
0.990096
0.990096
0.96989
0.990096
1.03051
0.96989
0.86886
0.929478
0.96989
0.96989
1.05071
1.07092
1.07092
1.05071
1.13154
1.31339
1.25277
1.27298
1.29319
1.23257
1.05071
0.990096
1.0103
1.03051
1.03051
1.05071
0.96989
0.909272
0.788036
0.707211
0.687005
0.666799
0.687005
0.687005
0.76783
0.808242
0.76783
0.808242
0.788036
0.828448
0.828448
0.828448
0.828448
0.808242
0.788036
0.747624
0.707211
0.76783
0.828448
0.808242
0.828448
0.828448
0.76783
0.889066
0.86886
0.788036
0.788036
0.707211
0.747624
0.788036
0.828448
0.909272
0.86886
0.86886
0.828448
0.889066
0.848654
0.86886
0.808242
0.86886
0.909272
0.929478
0.929478
0.889066
0.909272
0.889066
0.86886
0.889066
0.929478
0.848654
0.86886
0.86886
0.848654
0.889066
0.96989
0.96989
1.05071
1.11133
1.07092
1.03051
1.11133
1.05071
1.05071
1.05071
0.96989
0.949684
0.949684
0.96989
0.909272
0.909272
0.949684
1.05071
1.09113
0.990096
0.909272
0.889066
0.929478
1.0103
1.07092
1.05071
1.0103
1.03051
1.03051
1.03051
0.990096
1.0103
1.0103
0.990096
0.889066
0.86886
0.848654
0.929478
1.03051
1.05071
1.0103
0.96989
1.0103
0.96989
0.96989
0.929478
0.96989
0.96989
0.949684
0.990096
0.990096
1.11133
1.13154
1.05071
1.23257
1.23257
1.25277
1.29319
1.31339
1.3336
1.29319
1.23257
1.31339
1.25277
1.3336
1.31339
1.29319
1.21236
1.13154
1.19216
1.21236
1.21236
1.3336
1.39422
1.3538
1.17195
1.11133
1.11133
1.13154
1.0103
0.96989
0.909272
0.848654
0.848654
0.949684
0.909272
0.990096
0.96989
0.990096
1.0103
0.929478
0.990096
0.990096
0.96989
0.990096
0.929478
0.990096
1.0103
1.03051
1.0103
0.889066
0.889066
0.949684
0.990096
1.07092
1.05071
1.03051
1.11133
1.15174
1.23257
1.23257
1.23257
1.23257
1.23257
1.19216
1.17195
1.13154
0.990096
0.990096
0.990096
0.96989
0.929478
1.0103
1.09113
1.11133
1.07092
1.03051
1.03051
1.0103
1.09113
1.05071
1.09113
0.990096
0.990096
1.07092
0.949684
0.929478
0.889066
0.889066
0.808242
0.889066
0.889066
0.848654
0.848654
0.889066
0.909272
0.929478
0.828448
0.788036
0.76783
0.788036
0.76783
0.76783
0.747624
0.828448
0.86886
1.03051
1.05071
1.09113
1.09113
1.0103
1.0103
0.949684
0.889066
0.96989
0.96989
1.0103
0.96989
0.990096
0.909272
0.929478
0.889066
0.909272
0.96989
1.03051
1.03051
0.929478
0.848654
0.76783
0.848654
0.929478
0.949684
0.929478
0.909272
0.86886
0.848654
0.909272
0.909272
0.909272
0.949684
0.909272
0.909272
0.909272
0.949684
0.929478
0.949684
0.889066
0.96989
0.96989
0.86886
0.848654
0.86886
0.86886
0.808242
0.86886
0.889066
0.848654
0.86886
0.96989
0.929478
1.05071
1.05071
1.13154
1.23257
1.3336
1.19216
1.17195
1.13154
1.05071
1.05071
1.05071
1.09113
1.17195
1.27298
1.27298
1.17195
1.17195
1.11133
0.949684
0.909272
0.929478
1.03051
0.990096
1.05071
1.03051
1.03051
0.96989
1.05071
0.96989
0.990096
1.03051
1.07092
1.05071
1.15174
1.15174
1.15174
1.17195
1.27298
1.05071
1.05071
1.03051
0.990096
0.990096
0.889066
0.86886
0.909272
0.889066
1.07092
1.03051
1.17195
1.27298
1.17195
1.19216
1.09113
1.03051
1.19216
1.31339
1.25277
1.21236
1.17195
1.11133
1.0103
0.949684
0.990096
1.05071
1.07092
1.05071
1.03051
0.96989
0.949684
1.0103
1.0103
0.949684
0.909272
0.86886
0.909272
0.929478
0.96989
0.929478
0.808242
0.788036
0.727417
0.747624
0.848654
0.828448
0.828448
0.808242
0.747624
0.808242
0.86886
1.03051
1.05071
1.11133
1.21236
1.19216
1.19216
1.13154
1.07092
1.07092
1.11133
1.19216
1.13154
1.13154
1.19216
1.19216
1.21236
1.23257
1.17195
1.09113
1.05071
1.11133
1.05071
1.17195
1.15174
1.03051
0.929478
0.949684
0.909272
0.909272
0.909272
0.86886
0.909272
1.0103
1.11133
1.17195
1.07092
1.05071
1.07092
1.11133
1.09113
1.11133
1.11133
1.09113
0.990096
1.03051
0.949684
0.96989
0.990096
0.929478
0.96989
0.909272
0.96989
0.929478
0.929478
0.990096
0.909272
0.96989
0.990096
1.11133
1.15174
1.13154
1.15174
1.17195
1.23257
1.25277
1.25277
1.19216
1.09113
0.990096
0.990096
0.990096
0.909272
0.788036
0.747624
0.76783
0.76783
0.666799
0.707211
0.76783
0.848654
0.848654
0.788036
0.76783
0.86886
0.929478
0.990096
1.0103
0.949684
0.929478
1.0103
0.949684
0.990096
1.05071
1.03051
1.0103
1.07092
1.0103
0.889066
0.86886
0.808242
0.788036
0.909272
0.909272
0.86886
0.86886
0.86886
0.848654
0.848654
0.76783
0.727417
0.707211
0.808242
0.86886
0.929478
0.96989
0.86886
0.889066
0.86886
0.929478
0.949684
0.848654
0.889066
0.929478
1.0103
0.909272
0.828448
0.949684
0.86886
0.848654
0.889066
0.889066
1.0103
1.13154
1.07092
1.09113
1.0103
0.929478
1.07092
1.0103
1.07092
1.11133
1.13154
1.25277
1.25277
1.31339
1.19216
1.11133
0.990096
0.949684
0.949684
0.949684
0.990096
1.05071
1.07092
1.13154
1.13154
1.07092
0.96989
0.949684
1.05071
1.11133
1.11133
1.09113
1.0103
0.96989
0.909272
0.929478
1.15174
1.17195
1.11133
1.21236
1.19216
1.19216
1.13154
1.05071
1.05071
0.929478
0.96989
1.11133
1.17195
1.09113
1.15174
1.11133
1.21236
1.09113
0.96989
0.949684
0.808242
0.788036
0.828448
0.86886
0.889066
1.0103
0.990096
1.0103
1.0103
0.990096
0.96989
1.0103
1.05071
1.05071
1.03051
1.09113
1.11133
1.13154
1.23257
1.21236
1.19216
1.23257
1.15174
1.13154
1.07092
1.03051
1.0103
0.96989
0.929478
0.949684
1.03051
1.09113
1.03051
0.990096
0.929478
1.0103
1.05071
1.13154
1.03051
0.96989
0.889066
0.949684
0.929478
0.929478
0.889066
0.949684
0.889066
0.949684
0.86886
0.929478
0.86886
0.949684
0.929478
0.889066
0.909272
0.990096
0.990096
1.05071
1.11133
1.17195
1.07092
0.949684
0.909272
0.909272
0.889066
0.949684
0.949684
0.990096
1.05071
1.17195
1.07092
1.11133
1.11133
1.11133
1.0103
1.05071
0.949684
0.929478
0.909272
0.929478
0.929478
0.949684
0.990096
1.07092
1.03051
1.07092
1.03051
0.990096
0.949684
0.929478
0.889066
0.889066
0.929478
0.96989
0.990096
0.96989
0.889066
0.949684
0.96989
0.96989
1.0103
1.0103
1.07092
1.09113
1.09113
1.09113
1.13154
1.13154
1.15174
1.09113
