1.14497
1.01775
0.999576
1.01775
1.07227
1.21767
1.29036
1.34488
1.34488
1.36306
1.25401
1.29036
1.27219
1.12679
1.19949
1.16314
1.19949
1.18132
1.21767
1.14497
1.10862
1.14497
1.03592
1.0541
0.981402
0.890531
0.763313
0.781487
0.799661
0.872357
0.945054
0.999576
0.981402
0.963228
0.890531
0.945054
0.854183
0.781487
0.690616
0.672442
0.690616
0.70879
0.817835
0.890531
0.908706
0.872357
0.890531
0.945054
0.908706
0.890531
0.890531
0.890531
0.890531
0.890531
0.890531
0.963228
0.854183
0.763313
0.890531
0.92688
0.92688
0.945054
0.854183
0.854183
0.963228
0.981402
0.999576
0.92688
0.908706
0.890531
0.872357
0.945054
0.999576
0.945054
1.09045
1.09045
1.01775
1.01775
1.0541
1.0541
1.07227
1.10862
1.07227
1.09045
1.09045
1.12679
1.16314
1.19949
1.18132
1.12679
1.03592
1.01775
1.10862
1.10862
1.19949
1.18132
1.23584
1.27219
1.23584
1.14497
0.999576
0.963228
0.854183
0.854183
0.872357
0.890531
0.945054
0.981402
1.03592
1.0541
1.0541
0.981402
1.03592
1.01775
0.890531
0.836009
0.92688
0.963228
0.908706
0.872357
0.908706
0.890531
0.872357
0.799661
0.781487
0.872357
0.817835
0.854183
0.763313
0.817835
0.854183
0.817835
0.92688
0.945054
0.872357
0.872357
0.890531
0.908706
0.981402
0.999576
0.963228
1.03592
0.981402
1.07227
1.03592
1.12679
1.14497
1.0541
1.01775
0.999576
1.12679
1.19949
1.32671
1.27219
1.30854
1.18132
1.18132
1.0541
1.0541
1.03592
0.999576
0.963228
0.872357
0.836009
0.854183
0.872357
0.963228
0.92688
0.908706
0.908706
0.836009
0.836009
0.890531
0.981402
1.0541
1.10862
1.10862
1.16314
1.14497
1.14497
1.14497
1.10862
1.10862
1.0541
1.01775
0.92688
0.945054
0.908706
0.799661
0.763313
0.817835
0.781487
0.817835
0.92688
0.963228
0.963228
1.0541
1.09045
1.01775
0.963228
0.945054
0.836009
0.836009
0.872357
0.981402
0.92688
0.981402
0.981402
1.03592
1.03592
1.0541
1.01775
1.01775
0.999576
0.999576
0.981402
0.999576
0.890531
0.92688
0.945054
1.01775
1.10862
1.14497
1.21767
1.21767
1.36306
1.36306
1.39941
1.41758
1.30854
1.14497
1.10862
1.07227
1.07227
1.07227
1.01775
1.0541
1.12679
1.16314
1.14497
1.12679
1.14497
1.16314
1.18132
1.27219
1.30854
1.23584
1.14497
1.10862
1.14497
1.14497
1.18132
1.21767
1.14497
1.23584
1.23584
1.14497
1.07227
0.963228
1.01775
0.963228
0.945054
0.908706
0.890531
0.872357
0.945054
0.872357
0.945054
1.01775
0.945054
0.945054
1.0541
1.09045
1.10862
1.12679
1.25401
1.29036
1.25401
1.27219
1.29036
1.34488
1.30854
1.25401
1.23584
1.21767
1.30854
1.21767
1.12679
1.14497
1.29036
1.30854
1.27219
1.19949
1.27219
1.23584
1.10862
1.12679
1.14497
1.10862
1.03592
0.963228
0.963228
0.963228
0.963228
0.963228
1.09045
1.16314
1.14497
1.16314
1.19949
1.09045
1.0541
1.0541
1.16314
1.18132
1.16314
1.07227
0.92688
0.908706
0.890531
0.890531
0.92688
0.890531
0.890531
1.0541
1.03592
1.07227
1.14497
1.03592
0.981402
0.999576
1.03592
1.23584
1.21767
1.16314
1.12679
1.01775
0.999576
0.908706
0.908706
0.908706
0.92688
0.908706
0.999576
1.01775
1.0541
1.09045
1.12679
1.14497
1.21767
1.25401
1.27219
1.14497
1.12679
1.14497
1.10862
1.0541
0.999576
0.945054
0.908706
0.890531
0.92688
0.799661
0.799661
0.854183
0.92688
0.890531
0.890531
0.92688
0.981402
0.963228
0.890531
0.872357
0.872357
0.908706
0.92688
0.92688
0.92688
0.945054
0.890531
0.963228
0.872357
0.890531
0.854183
0.817835
0.836009
0.799661
0.872357
0.908706
0.817835
0.726964
0.745139
0.836009
0.945054
0.963228
1.01775
0.945054
1.0541
1.16314
1.27219
1.21767
1.16314
1.14497
1.16314
1.09045
1.12679
1.19949
1.23584
1.19949
1.18132
1.16314
1.16314
1.21767
1.14497
1.18132
1.21767
1.16314
1.14497
1.09045
1.01775
1.07227
1.0541
1.14497
1.12679
1.14497
1.18132
1.18132
1.14497
1.16314
1.18132
1.25401
1.16314
1.01775
0.981402
0.945054
0.92688
0.890531
0.92688
0.945054
0.908706
0.872357
0.945054
0.890531
0.908706
0.963228
0.981402
0.999576
1.09045
1.18132
1.12679
1.07227
0.963228
0.890531
0.92688
0.999576
0.92688
0.981402
0.872357
0.890531
0.92688
0.981402
0.945054
0.963228
0.908706
0.890531
0.817835
0.836009
0.817835
0.872357
0.872357
0.908706
0.981402
0.890531
0.763313
0.817835
0.817835
0.781487
0.908706
0.92688
0.908706
0.945054
1.0541
1.07227
1.03592
0.999576
1.0541
1.01775
1.01775
1.0541
1.03592
1.01775
1.01775
0.999576
0.999576
0.945054
0.908706
1.01775
1.0541
1.03592
1.0541
1.01775
1.0541
1.01775
0.999576
0.981402
0.981402
0.945054
0.999576
1.14497
1.09045
1.10862
1.18132
1.16314
1.23584
1.10862
1.12679
1.07227
0.981402
1.0541
1.09045
1.12679
1.14497
1.10862
1.01775
1.12679
1.01775
0.92688
0.890531
0.945054
0.854183
0.872357
0.890531
0.817835
0.836009
0.854183
0.908706
0.981402
0.908706
0.963228
0.890531
0.908706
1.03592
1.0541
1.0541
1.0541
1.12679
1.03592
0.981402
0.999576
0.908706
0.963228
0.836009
0.836009
0.872357
0.854183
0.872357
0.836009
0.817835
0.890531
0.854183
0.872357
0.872357
0.890531
0.890531
0.963228
0.92688
0.890531
0.872357
0.872357
0.999576
0.981402
0.963228
0.999576
1.01775
1.01775
1.0541
1.01775
0.981402
0.981402
0.981402
0.92688
0.981402
0.963228
0.908706
0.890531
0.872357
0.945054
1.03592
1.09045
1.16314
1.09045
1.10862
1.09045
1.14497
1.07227
1.09045
1.16314
1.18132
1.18132
1.18132
1.12679
1.03592
1.03592
0.981402
0.908706
0.981402
1.0541
1.12679
1.23584
1.19949
1.16314
1.09045
1.03592
0.981402
0.981402
0.963228
1.01775
1.03592
1.0541
1.10862
0.981402
0.981402
0.908706
0.872357
0.890531
0.92688
0.908706
0.999576
1.03592
1.03592
1.09045
1.09045
1.0541
1.09045
1.12679
1.23584
1.25401
1.14497
1.10862
1.07227
0.945054
1.0541
1.0541
0.945054
1.01775
1.10862
1.10862
1.03592
1.03592
1.0541
1.10862
1.01775
1.12679
1.09045
0.981402
0.92688
0.945054
0.908706
0.945054
1.0541
1.09045
1.12679
1.18132
1.19949
1.03592
1.03592
1.0541
1.01775
1.07227
0.981402
1.03592
1.01775
1.10862
1.16314
1.07227
1.09045
1.07227
1.07227
1.14497
1.07227
1.0541
0.981402
0.981402
0.963228
0.999576
0.999576
1.01775
0.999576
1.01775
0.92688
1.01775
1.01775
0.999576
1.09045
1.09045
1.18132
1.16314
1.10862
1.12679
1.09045
1.12679
1.03592
1.03592
1.03592
0.999576
1.03592
1.03592
0.981402
0.999576
0.945054
0.817835
0.817835
0.726964
0.817835
0.981402
0.999576
0.981402
0.872357
0.872357
0.890531
0.908706
0.981402
1.01775
1.03592
1.03592
0.945054
0.908706
0.890531
0.92688
0.999576
0.945054
0.908706
0.945054
0.908706
0.92688
0.963228
0.854183
0.854183
0.854183
0.963228
1.03592
1.0541
1.10862
1.09045
1.01775
0.981402
0.945054
0.908706
0.854183
0.799661
0.726964
0.70879
0.654268
0.654268
0.636094
0.61792
0.654268
0.726964
0.781487
0.781487
0.726964
0.817835
0.799661
0.817835
0.836009
0.745139
0.745139
0.726964
0.726964
0.763313
0.781487
0.817835
0.817835
0.799661
0.836009
0.817835
0.872357
0.836009
0.799661
0.817835
0.872357
0.817835
0.799661
0.817835
0.763313
0.70879
0.690616
0.763313
0.908706
0.945054
0.92688
0.981402
0.945054
0.890531
0.836009
0.872357
0.92688
0.92688
0.836009
0.781487
0.799661
0.836009
0.963228
0.945054
0.981402
1.09045
1.14497
1.12679
1.16314
1.10862
1.10862
1.0541
0.999576
1.03592
0.945054
0.963228
1.10862
1.12679
1.0541
1.07227
1.07227
1.14497
1.14497
1.0541
1.10862
1.09045
1.07227
1.18132
1.21767
1.10862
1.07227
1.10862
1.16314
1.03592
0.999576
1.10862
1.01775
0.92688
0.908706
0.92688
1.01775
1.12679
1.30854
1.36306
1.39941
1.30854
1.39941
1.41758
1.38123
1.41758
1.41758
1.38123
1.27219
1.19949
1.12679
1.14497
1.01775
1.01775
1.01775
1.03592
0.999576
1.0541
1.01775
0.999576
1.07227
1.07227
1.09045
1.16314
1.19949
1.16314
1.12679
1.12679
1.07227
1.09045
1.12679
1.0541
1.10862
0.999576
0.981402
0.963228
1.03592
1.03592
0.963228
0.945054
0.981402
0.999576
1.07227
1.18132
1.19949
1.19949
1.29036
1.27219
1.25401
1.16314
1.01775
1.09045
1.12679
1.16314
1.10862
1.16314
1.14497
1.10862
1.14497
1.14497
1.21767
1.18132
1.25401
1.32671
1.25401
1.30854
1.27219
1.38123
1.25401
1.23584
1.19949
1.16314
1.18132
1.16314
1.01775
0.981402
1.03592
1.0541
0.999576
1.03592
1.03592
1.07227
1.0541
1.12679
1.10862
1.12679
1.0541
1.03592
1.01775
1.09045
1.03592
0.945054
0.981402
0.945054
0.92688
0.890531
0.945054
0.92688
0.945054
0.945054
0.908706
0.872357
0.836009
0.854183
0.799661
0.781487
0.817835
0.872357
0.890531
0.92688
0.999576
0.908706
1.07227
1.10862
1.16314
1.12679
1.14497
1.01775
0.999576
0.999576
0.945054
0.963228
0.999576
1.10862
1.0541
1.01775
1.03592
0.999576
1.03592
1.09045
1.03592
1.16314
1.29036
1.32671
1.27219
1.12679
0.981402
0.999576
0.999576
0.999576
0.872357
0.872357
0.908706
0.945054
1.01775
0.908706
0.890531
0.854183
0.890531
0.92688
0.872357
0.945054
0.92688
0.981402
1.0541
1.03592
1.07227
1.07227
1.0541
1.07227
1.0541
1.03592
1.12679
1.14497
1.0541
1.09045
1.07227
0.981402
0.854183
0.908706
1.01775
0.945054
0.963228
1.01775
1.07227
1.03592
1.10862
1.16314
1.09045
1.12679
1.10862
1.19949
1.18132
1.14497
1.09045
1.0541
1.07227
1.07227
1.16314
1.14497
1.18132
1.10862
1.0541
1.03592
1.01775
1.01775
1.09045
1.0541
1.03592
0.981402
0.981402
1.01775
1.0541
1.0541
1.03592
1.03592
1.01775
1.01775
0.963228
0.999576
0.945054
0.872357
0.836009
0.854183
0.854183
0.836009
0.817835
0.872357
0.92688
0.908706
0.872357
0.945054
0.890531
0.908706
0.908706
0.872357
0.872357
0.872357
0.890531
0.890531
0.872357
0.908706
0.963228
0.890531
0.799661
0.799661
0.726964
0.745139
0.836009
0.799661
0.908706
0.963228
1.03592
1.0541
0.908706
0.963228
0.945054
0.945054
0.945054
0.981402
0.945054
0.945054
0.999576
1.09045
1.14497
1.07227
0.963228
0.999576
1.03592
1.01775
0.92688
0.890531
0.981402
1.01775
0.908706
0.908706
0.999576
1.01775
0.963228
1.01775
1.10862
1.10862
1.07227
1.0541
1.07227
1.0541
1.03592
1.01775
1.01775
1.03592
1.14497
1.16314
1.27219
1.21767
1.27219
1.14497
1.09045
1.09045
1.03592
1.0541
1.0541
0.999576
0.999576
1.09045
1.07227
1.09045
1.07227
0.981402
0.999576
0.890531
0.908706
0.981402
0.981402
1.0541
0.945054
0.981402
0.945054
1.0541
1.01775
0.981402
0.981402
0.908706
0.908706
1.01775
1.09045
1.19949
1.0541
1.03592
1.03592
1.01775
0.981402
0.963228
0.945054
0.945054
0.945054
0.963228
1.09045
1.07227
1.07227
1.09045
1.16314
1.21767
1.25401
1.25401
1.25401
1.19949
1.10862
1.0541
1.0541
0.999576
0.92688
0.981402
1.01775
0.963228
0.999576
1.01775
0.999576
1.01775
1.03592
1.07227
1.0541
1.01775
0.890531
0.817835
0.745139
0.763313
0.745139
0.726964
0.763313
0.763313
0.836009
0.854183
0.854183
0.890531
0.781487
0.908706
0.981402
0.963228
0.963228
0.92688
0.817835
0.854183
0.836009
0.945054
0.999576
0.981402
0.92688
0.92688
0.92688
0.92688
0.890531
0.890531
0.92688
0.872357
0.763313
0.817835
0.836009
0.872357
0.836009
0.836009
0.908706
1.07227
1.10862
1.18132
1.27219
1.32671
1.30854
1.27219
1.30854
1.21767
1.19949
1.16314
1.12679
1.03592
1.03592
1.07227
1.18132
1.18132
1.27219
1.25401
1.18132
1.16314
1.12679
1.10862
1.12679
1.18132
1.10862
1.16314
1.12679
1.16314
1.14497
1.16314
1.14497
1.07227
1.10862
1.07227
0.945054
0.854183
0.92688
0.890531
0.817835
0.763313
0.799661
0.890531
0.999576
0.999576
1.03592
0.981402
0.981402
0.890531
0.92688
1.09045
1.09045
1.09045
0.999576
0.908706
0.981402
1.0541
0.945054
0.908706
0.908706
0.872357
0.945054
0.890531
0.908706
0.945054
1.01775
1.10862
1.07227
0.999576
0.981402
0.981402
0.999576
1.09045
1.09045
1.07227
1.01775
1.01775
0.945054
0.963228
0.890531
0.890531
0.981402
0.92688
0.945054
0.890531
0.945054
0.92688
1.01775
1.12679
1.10862
1.16314
1.10862
0.999576
1.0541
0.981402
0.963228
1.07227
1.10862
1.09045
1.12679
1.10862
1.12679
1.0541
1.07227
1.07227
1.01775
0.945054
0.999576
0.945054
0.999576
1.03592
0.963228
0.945054
0.890531
0.945054
0.908706
0.963228
0.92688
0.872357
0.945054
0.890531
0.963228
1.03592
1.0541
1.03592
0.945054
0.908706
0.799661
0.817835
0.890531
0.92688
0.963228
0.890531
0.890531
0.945054
0.92688
0.981402
1.03592
1.09045
1.07227
1.09045
1.03592
0.999576
0.981402
0.92688
0.836009
0.854183
0.781487
0.817835
0.92688
0.945054
0.781487
0.781487
0.70879
0.690616
0.672442
0.636094
0.690616
0.799661
0.817835
0.908706
0.908706
0.908706
0.890531
0.963228
0.963228
1.01775
1.01775
0.981402
0.999576
0.999576
0.999576
1.03592
1.07227
1.07227
1.09045
1.07227
1.0541
1.0541
0.963228
0.981402
0.999576
1.14497
1.16314
1.16314
1.14497
1.16314
1.14497
1.01775
1.09045
1.10862
1.14497
1.10862
1.0541
1.0541
1.01775
1.0541
1.09045
1.0541
1.07227
1.09045
1.12679
1.10862
1.12679
1.10862
1.16314
1.19949
1.12679
1.18132
1.23584
1.25401
1.19949
1.12679
1.12679
1.01775
0.981402
0.872357
0.890531
0.963228
1.01775
0.92688
1.03592
1.09045
1.18132
1.25401
1.25401
1.23584
1.32671
1.29036
1.10862
1.03592
1.10862
1.07227
1.03592
0.981402
1.09045
1.03592
1.03592
1.07227
1.03592
1.12679
1.09045
1.07227
1.07227
1.03592
0.999576
0.999576
0.908706
0.817835
0.836009
0.854183
0.781487
0.854183
0.981402
0.872357
0.872357
0.745139
0.654268
0.672442
0.745139
0.781487
0.854183
0.854183
0.872357
0.890531
0.945054
0.963228
0.890531
0.999576
1.09045
1.10862
1.16314
1.10862
1.12679
1.10862
1.12679
1.14497
1.10862
1.09045
1.0541
1.03592
1.03592
1.09045
1.14497
1.03592
0.963228
0.945054
0.890531
0.908706
0.854183
0.854183
0.963228
0.92688
1.0541
1.0541
1.01775
1.0541
1.01775
1.0541
1.01775
1.07227
1.10862
1.03592
1.03592
1.03592
1.01775
0.945054
0.963228
0.981402
0.963228
1.01775
0.945054
0.963228
1.03592
0.908706
0.872357
0.836009
0.92688
0.963228
0.999576
1.03592
1.03592
0.999576
1.0541
1.01775
1.09045
0.981402
0.963228
0.999576
1.09045
1.12679
1.12679
1.07227
1.0541
1.16314
1.03592
1.10862
1.16314
1.18132
1.18132
1.14497
1.07227
0.872357
0.908706
0.945054
0.999576
1.10862
1.01775
1.09045
1.10862
0.981402
0.963228
0.872357
0.963228
1.0541
1.09045
1.16314
1.16314
1.10862
1.19949
1.21767
1.18132
1.25401
1.21767
1.14497
1.07227
1.07227
1.03592
1.09045
1.0541
0.963228
0.945054
0.92688
0.836009
0.854183
0.963228
0.92688
0.945054
0.963228
0.963228
1.09045
1.18132
1.07227
1.0541
1.01775
0.981402
0.963228
1.09045
1.07227
1.09045
1.07227
1.09045
1.07227
1.07227
1.0541
1.03592
0.999576
0.981402
0.945054
1.07227
1.0541
1.01775
1.0541
0.981402
0.981402
0.92688
0.781487
0.854183
0.945054
0.999576
1.0541
1.0541
1.0541
1.14497
1.07227
0.999576
0.92688
0.872357
0.854183
0.872357
0.854183
0.854183
0.854183
0.908706
0.963228
0.981402
1.03592
0.945054
0.963228
0.999576
1.03592
0.981402
0.963228
1.10862
1.09045
1.10862
1.01775
1.01775
0.963228
0.872357
0.799661
0.854183
0.836009
0.890531
0.92688
0.999576
0.999576
0.963228
0.872357
0.872357
0.890531
0.908706
0.872357
0.872357
0.945054
0.908706
0.981402
1.03592
0.981402
0.999576
0.908706
0.92688
0.890531
0.908706
0.872357
0.963228
0.981402
0.945054
0.92688
0.836009
0.836009
0.781487
0.836009
0.726964
0.799661
0.872357
0.945054
0.963228
0.963228
1.09045
1.07227
1.18132
1.16314
1.27219
1.32671
1.25401
1.21767
1.16314
1.14497
1.10862
1.09045
1.12679
1.18132
1.14497
1.16314
1.18132
1.16314
1.16314
1.25401
1.25401
1.29036
1.29036
1.27219
1.27219
1.12679
1.09045
1.12679
0.999576
1.09045
1.16314
1.18132
1.27219
1.30854
1.25401
1.34488
1.36306
1.30854
1.34488
1.25401
1.21767
1.19949
1.18132
1.16314
1.18132
1.23584
1.16314
1.27219
1.21767
1.16314
1.14497
1.25401
1.18132
1.29036
1.27219
1.29036
1.30854
1.29036
1.30854
1.21767
1.18132
1.18132
1.12679
1.07227
0.981402
0.963228
0.854183
0.799661
0.799661
0.836009
0.890531
0.908706
0.963228
0.872357
0.872357
0.890531
0.945054
0.963228
0.981402
0.890531
0.963228
0.981402
1.0541
0.981402
0.945054
0.963228
0.908706
1.01775
1.01775
1.07227
1.07227
1.09045
1.07227
1.01775
1.01775
1.03592
0.945054
0.963228
0.908706
0.963228
0.890531
0.963228
0.981402
1.01775
1.03592
0.908706
0.872357
0.854183
0.817835
0.836009
0.836009
0.763313
0.817835
0.890531
0.872357
0.945054
1.0541
1.14497
1.09045
1.14497
1.07227
1.07227
1.12679
1.12679
1.18132
1.12679
1.14497
1.21767
1.23584
1.19949
1.12679
1.01775
0.999576
1.01775
1.0541
1.03592
1.01775
1.03592
0.999576
1.01775
1.09045
0.999576
1.01775
1.01775
0.945054
1.01775
0.999576
1.18132
1.12679
1.14497
1.14497
1.07227
0.999576
1.01775
1.03592
0.999576
1.03592
1.07227
1.0541
1.12679
1.14497
1.14497
1.16314
1.12679
1.14497
1.18132
1.12679
1.09045
1.10862
1.09045
1.09045
0.945054
0.92688
0.945054
1.0541
1.07227
1.07227
1.01775
0.999576
1.01775
1.03592
1.0541
1.07227
1.0541
1.0541
1.10862
1.16314
1.16314
1.12679
1.09045
1.0541
0.999576
0.908706
0.872357
0.836009
0.92688
0.981402
0.999576
1.01775
0.981402
0.945054
0.908706
0.872357
0.890531
0.872357
0.945054
1.09045
1.07227
1.14497
1.0541
1.03592
0.945054
0.981402
1.03592
1.03592
0.999576
0.999576
1.01775
1.09045
1.16314
1.01775
0.999576
1.01775
1.0541
0.945054
1.03592
1.03592
1.09045
1.12679
1.14497
1.14497
1.01775
0.908706
0.872357
0.908706
0.817835
0.836009
0.763313
0.763313
0.963228
1.0541
1.0541
1.12679
1.14497
1.10862
1.12679
1.0541
1.03592
1.07227
1.03592
1.0541
1.07227
1.14497
1.12679
1.14497
1.09045
1.12679
1.16314
1.03592
0.981402
0.908706
0.908706
0.908706
0.92688
0.890531
0.92688
0.963228
0.981402
0.999576
0.981402
0.890531
0.92688
0.92688
0.981402
0.890531
0.981402
1.03592
1.0541
1.09045
1.07227
1.12679
1.14497
1.16314
1.16314
1.12679
0.981402
0.890531
0.799661
0.872357
0.745139
0.799661
0.836009
0.872357
0.799661
0.817835
0.690616
0.799661
0.836009
0.799661
0.817835
0.890531
0.908706
0.945054
0.963228
0.999576
1.01775
1.14497
1.16314
1.27219
1.16314
1.12679
0.999576
0.999576
1.0541
1.01775
0.963228
0.945054
0.981402
1.09045
1.09045
1.16314
1.16314
1.0541
0.945054
0.92688
0.981402
1.09045
1.09045
1.10862
1.12679
1.14497
1.10862
1.14497
1.18132
1.18132
1.14497
1.07227
0.999576
0.981402
1.01775
1.01775
1.09045
1.10862
1.10862
1.16314
1.09045
