0.843816
0.821314
0.877568
0.90007
0.945074
0.956325
0.945074
0.990077
0.967576
0.956325
0.978826
0.990077
0.945074
1.00133
1.02383
0.978826
0.945074
0.888819
0.888819
0.888819
0.945074
0.933823
0.978826
1.02383
1.00133
0.855067
0.90007
0.855067
0.877568
0.866318
0.810063
0.90007
0.888819
0.888819
0.866318
0.945074
0.956325
0.933823
0.990077
1.04633
1.04633
1.03508
1.03508
0.990077
1.00133
0.990077
0.956325
0.990077
1.01258
0.990077
0.967576
0.911321
0.877568
0.922572
0.978826
1.00133
0.978826
1.01258
1.01258
1.06883
1.05758
1.02383
1.02383
0.978826
0.911321
0.888819
0.933823
0.978826
1.01258
1.01258
0.967576
0.945074
0.967576
1.05758
1.04633
1.05758
1.08008
1.02383
1.02383
1.02383
1.04633
1.09134
1.03508
0.990077
1.02383
1.01258
1.03508
1.03508
0.978826
0.990077
0.978826
1.02383
1.01258
1.04633
0.990077
0.978826
0.911321
0.933823
1.02383
1.01258
1.02383
1.04633
1.09134
1.11384
1.11384
1.15884
1.13634
1.13634
1.04633
1.04633
1.00133
1.02383
1.04633
0.990077
1.02383
0.990077
1.02383
1.03508
1.02383
1.01258
1.12509
1.18134
1.09134
1.06883
1.03508
0.990077
0.945074
0.990077
0.956325
0.978826
1.06883
1.02383
0.990077
1.01258
1.05758
1.09134
1.03508
1.04633
1.13634
1.11384
1.11384
1.15884
1.00133
0.967576
0.922572
0.90007
0.922572
0.888819
0.888819
0.933823
0.843816
0.843816
0.798812
0.742558
0.686304
0.708805
0.720056
0.776311
0.832565
0.877568
0.90007
0.821314
0.798812
0.787561
0.787561
0.675053
0.663802
0.686304
0.652551
0.675053
0.675053
0.753809
0.753809
0.843816
0.855067
0.866318
0.855067
0.832565
0.810063
0.798812
0.810063
0.720056
0.76506
0.753809
0.753809
0.810063
0.810063
0.787561
0.798812
0.753809
0.855067
0.843816
0.866318
0.843816
0.866318
0.877568
0.810063
0.776311
0.753809
0.731307
0.787561
0.776311
0.866318
0.877568
0.933823
0.933823
0.956325
0.956325
0.978826
1.00133
1.00133
1.05758
1.12509
1.06883
0.967576
0.978826
0.922572
0.888819
0.888819
0.90007
0.911321
0.888819
0.90007
0.911321
0.821314
0.720056
0.76506
0.798812
0.821314
0.866318
0.956325
0.978826
0.978826
0.967576
0.967576
0.956325
0.967576
1.01258
1.02383
0.90007
0.866318
0.855067
0.855067
0.877568
0.911321
0.922572
0.956325
0.911321
0.911321
0.922572
0.967576
0.967576
0.933823
0.855067
0.90007
0.90007
0.787561
0.776311
0.821314
0.843816
0.877568
0.877568
0.866318
0.911321
0.945074
0.922572
0.922572
0.866318
0.866318
0.922572
0.866318
0.922572
0.843816
0.843816
0.810063
0.90007
0.922572
0.843816
0.90007
0.978826
1.02383
1.03508
1.04633
1.08008
1.12509
1.05758
1.10259
1.10259
1.02383
1.00133
1.02383
1.08008
1.08008
1.03508
1.04633
1.05758
1.02383
1.01258
1.02383
1.00133
1.03508
1.02383
0.978826
1.08008
1.00133
1.01258
0.967576
0.945074
0.945074
0.911321
0.911321
0.933823
0.945074
0.90007
0.945074
0.945074
0.911321
0.90007
0.888819
0.855067
0.810063
0.821314
0.877568
0.90007
0.911321
0.888819
0.956325
0.821314
0.888819
0.810063
0.843816
0.888819
0.922572
0.945074
0.866318
0.855067
0.798812
0.877568
0.933823
0.945074
0.956325
1.03508
1.06883
1.06883
1.04633
1.06883
0.978826
0.967576
0.888819
0.877568
0.843816
0.821314
0.855067
0.776311
0.787561
0.753809
0.697554
0.76506
0.753809
0.731307
0.776311
0.832565
0.866318
0.843816
0.855067
0.945074
0.843816
0.922572
0.945074
1.00133
1.03508
1.06883
1.06883
1.00133
0.922572
0.956325
1.02383
0.978826
0.967576
1.01258
1.02383
0.967576
0.945074
1.01258
1.00133
1.02383
1.11384
1.13634
1.11384
1.05758
1.03508
1.00133
1.00133
1.02383
0.990077
0.933823
0.922572
0.877568
0.911321
0.866318
0.821314
0.776311
0.888819
0.933823
0.990077
1.01258
1.03508
1.02383
0.967576
0.945074
0.967576
0.945074
0.911321
0.911321
0.945074
0.956325
1.03508
0.990077
1.11384
1.05758
1.03508
1.06883
1.05758
1.03508
1.01258
0.967576
0.967576
0.911321
0.888819
0.888819
0.945074
0.967576
0.90007
0.855067
0.911321
0.855067
0.877568
0.956325
0.888819
0.922572
0.945074
0.978826
0.956325
0.945074
1.01258
1.00133
0.956325
1.02383
1.00133
0.990077
0.978826
0.911321
0.776311
0.821314
0.855067
0.90007
0.888819
0.888819
0.843816
0.821314
0.821314
0.843816
0.90007
0.956325
0.967576
0.933823
0.911321
0.911321
0.945074
1.01258
1.01258
1.04633
1.01258
1.03508
0.978826
0.956325
0.911321
0.967576
0.956325
0.866318
0.90007
0.933823
0.911321
0.978826
1.02383
0.978826
0.933823
1.02383
0.945074
0.866318
0.877568
0.843816
0.877568
0.933823
0.967576
0.967576
1.00133
1.00133
1.02383
0.967576
0.945074
0.888819
0.866318
0.866318
0.90007
0.956325
1.03508
1.00133
0.978826
0.911321
0.90007
0.866318
0.967576
0.945074
0.956325
1.00133
1.01258
1.03508
0.945074
0.922572
0.90007
0.990077
0.978826
1.02383
1.09134
1.03508
1.00133
0.922572
0.832565
0.843816
0.76506
0.877568
0.888819
0.911321
0.911321
0.843816
0.911321
1.01258
1.02383
1.04633
1.06883
1.10259
1.08008
1.06883
0.978826
0.967576
0.933823
0.967576
0.922572
0.888819
0.90007
0.90007
0.843816
0.888819
0.90007
0.832565
0.843816
0.821314
0.810063
0.832565
0.843816
0.888819
0.798812
0.810063
0.776311
0.798812
0.832565
0.843816
0.810063
0.787561
0.855067
0.821314
0.866318
0.888819
0.855067
0.855067
0.843816
0.911321
1.00133
0.956325
0.911321
0.855067
0.821314
0.810063
0.753809
0.720056
0.663802
0.630049
0.652551
0.686304
0.675053
0.76506
0.731307
0.731307
0.753809
0.697554
0.742558
0.76506
0.798812
0.810063
0.832565
0.843816
0.821314
0.832565
0.855067
0.888819
1.01258
1.06883
1.05758
1.04633
1.01258
0.978826
0.922572
0.877568
0.922572
1.00133
1.02383
1.06883
1.05758
1.12509
1.17009
1.18134
1.15884
1.20384
1.17009
1.20384
1.22635
1.18134
1.12509
1.06883
1.09134
1.01258
1.02383
1.01258
0.990077
1.04633
1.06883
1.09134
1.06883
1.01258
0.888819
0.888819
0.933823
0.888819
0.945074
1.00133
0.978826
0.967576
0.978826
1.00133
0.967576
1.00133
0.978826
0.967576
0.978826
0.888819
0.866318
0.877568
0.855067
0.843816
0.911321
0.933823
0.933823
0.956325
1.00133
1.01258
1.02383
0.990077
1.02383
0.990077
0.978826
0.945074
1.06883
1.11384
1.14759
1.15884
1.22635
1.17009
1.17009
1.06883
1.01258
0.933823
0.911321
0.967576
0.956325
1.03508
0.978826
0.967576
1.00133
1.02383
1.03508
1.01258
1.00133
0.967576
1.02383
1.04633
0.978826
0.978826
1.02383
1.04633
1.03508
1.01258
1.04633
1.05758
1.08008
1.11384
1.19259
1.17009
1.14759
1.12509
1.12509
1.08008
1.09134
1.03508
0.956325
0.967576
1.00133
1.05758
1.12509
1.14759
1.13634
1.14759
1.06883
1.04633
1.09134
1.02383
1.00133
1.01258
1.05758
1.11384
1.14759
1.15884
1.11384
1.10259
1.11384
1.17009
1.18134
1.18134
1.18134
1.12509
1.17009
1.13634
1.12509
1.09134
1.04633
1.09134
1.08008
1.17009
1.2826
1.2601
1.17009
1.17009
1.14759
1.13634
1.09134
1.12509
1.17009
1.18134
1.2601
1.3051
1.29385
1.2601
1.18134
1.2376
1.22635
1.2376
1.2376
1.11384
1.03508
1.02383
1.05758
1.00133
0.945074
0.922572
0.888819
0.877568
0.933823
0.978826
1.00133
1.02383
0.956325
0.956325
0.956325
0.933823
0.911321
0.888819
0.877568
0.933823
0.956325
0.945074
0.967576
0.990077
0.990077
1.01258
1.09134
1.06883
1.04633
1.05758
1.13634
1.05758
1.06883
1.08008
1.03508
1.01258
0.888819
0.911321
0.911321
0.967576
0.945074
0.978826
0.967576
1.02383
1.02383
1.03508
0.990077
0.990077
0.956325
0.978826
1.01258
0.978826
1.01258
0.978826
0.978826
0.933823
0.933823
0.978826
0.945074
0.90007
0.821314
0.843816
0.821314
0.888819
0.843816
0.810063
0.810063
0.776311
0.832565
0.855067
0.888819
0.843816
0.866318
0.843816
0.810063
0.798812
0.798812
0.810063
0.843816
0.888819
0.922572
1.01258
1.00133
1.03508
1.00133
0.911321
0.877568
0.911321
0.933823
0.922572
0.843816
0.888819
0.967576
1.03508
1.03508
1.00133
0.911321
0.967576
0.911321
0.945074
0.978826
1.02383
1.00133
1.06883
1.01258
1.06883
1.05758
1.03508
1.04633
1.09134
1.02383
1.02383
1.03508
1.02383
1.03508
1.06883
1.01258
1.02383
1.00133
0.978826
0.933823
0.933823
0.956325
1.04633
1.11384
1.20384
1.19259
1.22635
1.2601
1.22635
1.24885
1.21509
1.20384
1.14759
1.08008
1.11384
1.12509
1.10259
1.04633
1.01258
1.03508
1.09134
1.22635
1.19259
1.12509
1.08008
1.03508
0.967576
1.00133
1.04633
1.00133
1.02383
1.08008
1.09134
1.12509
1.10259
1.02383
1.08008
1.08008
1.09134
1.12509
1.14759
1.13634
1.08008
1.05758
1.11384
1.08008
1.01258
1.01258
0.945074
0.945074
0.90007
0.990077
1.02383
1.06883
1.05758
1.05758
1.06883
1.10259
1.14759
1.14759
1.15884
1.15884
1.12509
1.08008
1.10259
1.11384
1.13634
1.13634
1.11384
1.11384
1.15884
1.17009
1.22635
1.18134
1.15884
1.12509
1.10259
1.17009
1.19259
1.22635
1.24885
1.24885
1.2376
1.21509
1.21509
1.17009
1.13634
1.17009
1.11384
1.12509
1.12509
1.02383
1.02383
1.02383
1.08008
1.22635
1.2376
1.2826
1.2376
1.21509
1.19259
1.13634
1.14759
1.11384
1.11384
1.05758
0.990077
1.02383
1.01258
0.990077
1.01258
1.01258
1.05758
1.08008
1.06883
1.06883
1.04633
0.945074
0.956325
1.00133
0.978826
0.990077
0.933823
0.956325
0.911321
0.922572
1.00133
1.01258
1.03508
1.06883
1.04633
1.06883
1.08008
1.01258
1.00133
1.01258
0.933823
0.911321
0.956325
1.00133
1.02383
1.04633
1.10259
1.02383
1.06883
1.09134
1.03508
0.956325
0.956325
1.00133
0.990077
0.933823
0.90007
0.888819
0.922572
1.01258
1.01258
1.02383
1.06883
1.05758
1.00133
0.967576
1.02383
0.978826
0.978826
1.00133
1.04633
1.03508
1.02383
1.02383
0.990077
0.990077
1.01258
1.06883
1.00133
1.09134
1.10259
1.17009
1.14759
1.10259
1.09134
1.06883
1.09134
1.04633
0.990077
0.90007
0.956325
0.90007
0.911321
0.933823
0.967576
0.990077
1.01258
1.02383
1.06883
1.10259
1.04633
1.10259
1.14759
1.18134
1.15884
1.18134
1.24885
1.27135
1.21509
1.27135
1.19259
1.14759
1.12509
1.18134
1.17009
1.18134
1.17009
1.20384
1.15884
1.18134
1.14759
1.18134
1.11384
1.09134
1.09134
1.06883
1.09134
1.06883
1.01258
1.01258
1.00133
0.990077
1.02383
1.01258
1.03508
0.990077
0.990077
1.00133
1.01258
0.922572
0.855067
0.933823
0.922572
0.933823
0.990077
0.967576
0.945074
1.01258
1.04633
1.03508
1.00133
0.990077
1.04633
1.00133
1.08008
1.14759
1.13634
1.09134
1.11384
1.06883
1.00133
1.03508
1.04633
1.08008
0.990077
1.05758
1.09134
1.06883
0.990077
0.933823
0.933823
0.945074
0.922572
1.01258
1.00133
0.978826
0.990077
1.02383
1.03508
1.05758
1.04633
1.03508
1.01258
1.10259
1.05758
1.06883
1.06883
1.08008
1.09134
1.13634
1.11384
1.10259
1.05758
1.08008
1.03508
1.00133
1.04633
0.978826
0.990077
1.02383
1.00133
0.978826
1.04633
1.10259
1.14759
1.04633
1.00133
0.956325
0.978826
0.945074
1.02383
1.03508
1.06883
1.11384
1.14759
1.15884
1.19259
1.11384
1.09134
1.09134
1.02383
1.02383
0.956325
0.933823
0.922572
0.911321
0.877568
0.843816
0.855067
0.821314
0.776311
0.843816
0.832565
0.776311
0.810063
0.821314
0.821314
0.855067
0.855067
0.866318
0.787561
0.832565
0.843816
0.90007
0.933823
0.911321
0.877568
0.933823
0.877568
0.877568
0.945074
0.90007
0.90007
0.956325
0.967576
1.01258
0.990077
0.990077
0.922572
0.933823
0.956325
0.978826
0.956325
0.956325
0.967576
1.01258
1.04633
1.10259
1.01258
0.990077
0.922572
0.978826
1.01258
1.00133
1.01258
0.990077
0.956325
0.978826
0.990077
1.02383
1.02383
1.00133
1.02383
1.03508
1.06883
0.956325
0.933823
0.978826
0.945074
1.02383
1.00133
0.967576
0.956325
0.933823
0.922572
0.990077
1.00133
1.06883
1.05758
0.911321
0.855067
0.832565
0.787561
0.810063
0.798812
0.866318
0.888819
0.945074
1.00133
1.00133
1.01258
1.05758
0.990077
0.933823
0.978826
0.990077
0.978826
0.956325
0.967576
0.956325
0.990077
1.11384
1.11384
1.10259
1.08008
1.13634
1.10259
1.14759
1.11384
1.15884
1.13634
1.13634
1.05758
1.09134
1.05758
1.08008
1.08008
1.01258
1.02383
1.02383
0.990077
1.08008
1.10259
1.10259
1.08008
1.17009
1.17009
1.15884
1.19259
1.13634
1.18134
1.13634
1.13634
1.10259
1.08008
1.01258
1.05758
1.05758
1.03508
1.03508
1.03508
1.03508
1.01258
0.978826
0.956325
0.866318
0.967576
0.922572
0.888819
0.877568
0.888819
0.877568
0.877568
0.855067
0.866318
0.810063
0.810063
0.855067
0.843816
0.888819
0.911321
0.990077
0.990077
0.933823
0.967576
1.00133
0.990077
1.01258
1.06883
1.08008
1.08008
0.990077
1.00133
0.945074
1.02383
0.990077
1.00133
1.03508
1.11384
1.10259
1.05758
0.990077
1.08008
1.12509
1.06883
1.11384
1.12509
1.11384
1.13634
1.08008
1.11384
0.990077
0.978826
0.922572
1.00133
1.05758
1.13634
1.21509
1.21509
1.22635
1.11384
1.04633
0.990077
0.911321
0.855067
0.787561
0.720056
0.787561
0.798812
0.821314
0.810063
0.832565
0.866318
0.888819
0.810063
0.956325
0.933823
0.978826
1.01258
1.03508
1.08008
1.09134
1.08008
1.10259
1.00133
0.922572
0.855067
0.877568
0.911321
1.00133
1.03508
0.967576
0.990077
1.04633
1.03508
1.08008
1.05758
1.08008
1.08008
1.09134
1.02383
1.06883
1.03508
1.02383
1.02383
0.990077
1.02383
0.990077
1.01258
1.00133
1.02383
1.05758
1.05758
1.04633
1.03508
0.933823
0.90007
0.978826
0.978826
1.00133
1.05758
1.08008
1.04633
1.09134
1.03508
1.08008
1.06883
1.10259
1.08008
1.12509
1.08008
1.14759
1.21509
1.22635
1.05758
1.03508
1.00133
0.990077
0.933823
0.843816
0.832565
0.843816
0.821314
0.821314
0.866318
0.843816
0.911321
0.877568
0.843816
0.843816
0.877568
0.855067
0.821314
0.843816
0.911321
0.90007
0.877568
0.855067
0.855067
0.832565
0.832565
0.731307
0.855067
0.855067
0.888819
0.866318
0.843816
0.832565
0.843816
0.832565
0.810063
0.76506
0.686304
0.686304
0.697554
0.76506
0.832565
0.90007
0.956325
0.978826
0.990077
0.922572
0.956325
0.978826
0.967576
0.888819
0.967576
1.06883
1.03508
1.01258
1.01258
1.00133
1.00133
0.990077
1.01258
1.00133
1.03508
1.00133
0.922572
0.956325
1.00133
1.05758
1.15884
1.17009
1.20384
1.11384
1.09134
0.956325
0.956325
0.990077
0.945074
0.888819
0.810063
0.76506
0.776311
0.798812
0.821314
0.911321
0.888819
0.855067
0.90007
0.888819
0.933823
0.855067
0.866318
0.787561
0.76506
0.742558
0.708805
0.663802
0.697554
0.76506
0.787561
0.832565
0.855067
0.810063
0.787561
0.821314
0.855067
0.888819
0.911321
0.922572
0.933823
0.945074
1.01258
1.05758
1.04633
0.990077
0.922572
0.855067
0.911321
0.945074
0.877568
0.843816
0.888819
0.945074
0.922572
0.978826
0.90007
0.967576
0.978826
1.03508
1.05758
0.990077
1.09134
1.05758
1.09134
1.06883
1.04633
0.990077
0.945074
0.922572
0.922572
0.888819
0.877568
0.888819
0.90007
0.978826
0.945074
0.911321
0.843816
0.877568
0.866318
0.810063
0.776311
0.90007
0.888819
0.877568
0.967576
0.945074
0.922572
0.911321
0.922572
0.922572
0.978826
0.978826
0.967576
1.03508
1.04633
1.10259
1.08008
1.10259
1.12509
1.13634
1.11384
1.14759
1.11384
1.14759
1.08008
1.01258
1.04633
1.02383
1.01258
0.911321
0.90007
0.866318
0.832565
0.866318
0.90007
0.933823
0.922572
0.933823
0.967576
0.888819
0.821314
0.821314
0.787561
0.787561
0.798812
0.720056
0.720056
0.686304
0.720056
0.720056
0.742558
0.810063
0.810063
0.821314
0.843816
0.798812
0.798812
0.742558
0.810063
0.866318
0.821314
0.810063
0.753809
0.76506
0.810063
0.821314
0.798812
0.866318
0.922572
0.866318
0.855067
0.888819
0.877568
0.866318
0.888819
0.90007
0.888819
0.945074
0.956325
1.01258
1.06883
1.11384
1.05758
1.08008
1.17009
1.08008
1.04633
1.06883
1.15884
1.12509
1.09134
1.06883
1.10259
1.08008
1.17009
1.20384
1.13634
1.19259
1.17009
1.14759
1.10259
1.08008
1.05758
1.02383
1.03508
1.04633
1.12509
1.06883
1.12509
1.15884
1.09134
1.06883
1.12509
1.03508
0.978826
0.967576
0.978826
0.945074
0.933823
0.855067
0.843816
0.855067
0.810063
0.810063
0.911321
0.967576
0.978826
0.933823
0.945074
0.911321
0.922572
0.922572
0.90007
0.877568
0.832565
0.810063
0.832565
0.810063
0.787561
0.821314
0.866318
0.911321
0.90007
0.922572
0.990077
0.922572
1.00133
1.08008
1.13634
1.10259
1.06883
1.00133
1.02383
0.956325
1.00133
1.01258
1.00133
1.00133
1.00133
0.967576
0.911321
0.922572
1.02383
1.11384
1.13634
1.14759
1.09134
1.10259
1.08008
1.11384
1.02383
1.09134
1.06883
1.04633
1.08008
1.03508
0.990077
0.933823
1.00133
1.05758
1.13634
1.17009
1.18134
1.20384
1.17009
1.18134
1.02383
1.01258
1.03508
1.08008
1.10259
1.09134
1.14759
1.22635
1.21509
1.20384
1.17009
1.12509
1.19259
1.09134
1.01258
0.990077
0.967576
0.922572
0.945074
0.945074
0.990077
1.03508
1.04633
1.05758
1.05758
1.10259
1.12509
1.05758
1.08008
1.06883
1.00133
0.956325
0.967576
1.01258
1.01258
1.01258
0.978826
0.956325
0.945074
1.00133
0.967576
0.922572
0.877568
0.911321
0.888819
0.888819
0.90007
0.832565
0.843816
0.76506
0.787561
0.821314
0.888819
0.877568
0.933823
0.933823
0.911321
0.956325
0.978826
1.00133
1.03508
1.06883
1.11384
1.09134
1.11384
1.05758
1.05758
0.956325
0.978826
0.978826
0.990077
0.967576
0.990077
1.00133
1.00133
1.03508
1.00133
0.978826
1.02383
0.956325
0.956325
1.04633
1.06883
1.10259
1.01258
1.00133
0.911321
0.911321
0.990077
1.02383
1.03508
1.05758
1.05758
1.02383
0.978826
0.967576
0.967576
1.04633
1.01258
0.90007
0.877568
0.978826
0.933823
0.990077
0.933823
0.945074
1.01258
1.04633
1.05758
1.09134
1.13634
1.13634
1.11384
1.12509
1.11384
1.08008
0.978826
0.990077
0.956325
0.855067
0.810063
0.798812
0.855067
0.922572
0.956325
0.945074
0.978826
0.945074
1.04633
1.06883
1.08008
1.15884
1.13634
1.18134
1.11384
1.08008
1.09134
1.10259
1.14759
1.18134
1.13634
1.18134
1.17009
1.17009
1.19259
1.22635
1.22635
1.15884
1.19259
1.2601
1.20384
1.14759
1.15884
1.12509
1.19259
1.19259
1.15884
1.13634
1.10259
1.06883
1.06883
1.05758
1.06883
1.06883
1.08008
1.18134
1.13634
1.13634
1.06883
1.00133
0.967576
1.04633
1.06883
1.06883
1.09134
1.10259
1.08008
1.12509
1.03508
1.14759
1.19259
1.14759
1.15884
1.18134
1.14759
1.15884
1.08008
1.09134
1.09134
1.05758
1.13634
1.06883
0.967576
0.990077
1.00133
1.00133
1.01258
1.11384
1.10259
1.09134
1.14759
1.09134
1.12509
1.09134
1.03508
1.08008
1.10259
1.08008
1.04633
1.04633
0.990077
0.967576
0.956325
0.922572
0.866318
0.843816
0.877568
0.843816
0.776311
0.76506
0.798812
0.776311
0.731307
0.731307
0.776311
0.810063
0.776311
0.832565
0.832565
0.866318
0.922572
0.978826
0.945074
0.978826
0.945074
0.90007
0.877568
0.888819
0.877568
0.978826
0.967576
0.90007
0.922572
0.922572
0.911321
