1.01292
0.932952
0.959607
0.959607
1.02625
1.01292
0.986263
0.986263
1.01292
1.01292
0.972935
0.972935
1.03957
1.02625
1.06623
1.13287
1.11954
1.07956
1.03957
0.959607
0.959607
0.932952
1.01292
1.07956
1.17285
1.10621
1.02625
0.986263
0.892968
0.892968
0.932952
0.906296
0.919624
0.986263
1.06623
1.07956
1.03957
0.972935
1.02625
0.972935
1.01292
1.01292
1.02625
1.07956
1.06623
1.07956
1.03957
1.02625
1.13287
1.11954
1.09289
1.11954
1.13287
1.11954
1.17285
1.21284
1.11954
0.999591
1.01292
0.919624
0.932952
0.919624
0.919624
0.866312
0.87964
0.946279
0.946279
0.906296
0.892968
0.946279
0.866312
0.852984
0.852984
0.813001
0.746361
0.719705
0.733033
0.719705
0.719705
0.786345
0.866312
0.826328
0.906296
0.892968
0.932952
0.906296
0.959607
0.919624
0.959607
0.959607
1.01292
0.959607
0.959607
0.959607
0.999591
0.959607
0.932952
0.892968
0.87964
0.919624
0.946279
0.972935
1.0529
1.06623
0.999591
0.959607
0.932952
0.946279
0.919624
0.972935
0.932952
0.946279
0.959607
0.919624
0.892968
0.959607
0.986263
0.919624
0.999591
1.02625
1.02625
0.999591
0.972935
0.932952
0.986263
0.972935
0.932952
0.946279
0.999591
1.01292
1.01292
0.946279
0.959607
0.946279
0.919624
0.972935
0.959607
0.87964
0.826328
0.799673
0.773017
0.813001
0.852984
0.866312
0.839656
0.906296
0.972935
1.01292
0.999591
1.07956
1.10621
1.07956
1.03957
1.0529
1.11954
1.0529
1.01292
0.999591
0.959607
1.01292
1.0529
1.06623
0.986263
0.919624
0.919624
0.799673
0.892968
0.946279
0.932952
0.959607
1.03957
1.09289
1.11954
1.06623
1.01292
1.03957
1.02625
1.06623
0.986263
0.959607
0.972935
0.959607
0.852984
0.839656
0.866312
0.87964
0.919624
0.932952
0.972935
1.01292
1.10621
1.07956
1.15953
1.15953
1.07956
1.09289
1.07956
1.13287
1.11954
1.07956
1.07956
1.02625
1.07956
1.09289
1.06623
1.09289
1.02625
0.972935
0.999591
0.999591
0.972935
0.932952
0.866312
0.866312
0.919624
0.892968
0.813001
0.892968
0.906296
0.959607
0.919624
0.839656
0.826328
0.866312
0.866312
0.972935
0.972935
0.932952
0.866312
0.759689
0.773017
0.799673
0.839656
0.839656
0.946279
0.986263
0.972935
0.932952
0.839656
0.852984
0.866312
0.852984
0.946279
0.946279
0.919624
0.892968
0.906296
0.946279
0.892968
0.839656
0.839656
0.87964
0.946279
0.892968
0.919624
0.906296
0.999591
0.972935
0.946279
0.932952
0.932952
0.932952
0.892968
0.866312
0.852984
0.799673
0.932952
0.946279
0.986263
0.959607
0.972935
1.03957
0.986263
1.01292
1.09289
1.06623
0.999591
0.959607
0.906296
0.972935
1.0529
1.02625
1.10621
1.10621
1.17285
1.19951
1.10621
1.01292
1.02625
0.986263
0.919624
0.87964
0.919624
0.919624
0.999591
1.03957
1.0529
0.999591
0.946279
0.959607
1.02625
1.06623
1.07956
1.06623
1.06623
1.02625
0.999591
0.999591
1.02625
1.02625
0.946279
0.919624
0.799673
0.799673
0.813001
0.866312
0.972935
0.986263
0.932952
0.866312
0.852984
0.892968
0.826328
0.892968
0.946279
0.946279
0.946279
0.839656
0.813001
0.799673
0.826328
0.852984
0.919624
0.999591
1.02625
1.09289
1.10621
1.13287
1.06623
1.03957
1.02625
0.999591
0.946279
0.972935
0.972935
0.87964
0.906296
0.866312
0.813001
0.826328
0.866312
0.986263
1.02625
0.932952
1.01292
1.09289
1.09289
1.06623
1.11954
1.11954
1.10621
1.07956
1.1462
1.13287
1.11954
1.07956
1.02625
1.03957
1.0529
0.932952
0.999591
0.972935
1.01292
1.06623
1.07956
1.1462
1.09289
1.18618
1.07956
1.07956
1.06623
0.999591
1.01292
0.986263
1.03957
1.10621
1.06623
1.01292
1.03957
1.01292
1.03957
0.986263
0.959607
0.919624
0.839656
0.87964
0.932952
0.959607
1.02625
1.02625
1.0529
1.01292
0.932952
0.946279
0.946279
0.972935
0.946279
0.986263
0.932952
0.892968
0.87964
0.906296
0.866312
0.852984
0.839656
0.813001
0.839656
0.892968
0.972935
0.972935
1.03957
1.10621
1.13287
1.13287
1.09289
1.0529
1.0529
1.07956
1.09289
1.09289
1.06623
1.09289
1.10621
1.01292
0.972935
0.959607
0.999591
0.986263
0.866312
0.799673
0.786345
0.773017
0.786345
0.813001
0.892968
0.932952
0.786345
0.839656
0.813001
0.87964
0.986263
1.07956
1.15953
1.09289
1.11954
1.0529
1.09289
1.01292
1.07956
1.01292
0.932952
0.946279
0.986263
0.946279
0.919624
0.959607
0.986263
0.919624
0.999591
0.986263
1.0529
1.13287
1.07956
1.11954
1.10621
1.18618
1.15953
1.18618
1.0529
0.959607
0.852984
0.87964
0.852984
0.773017
0.826328
0.733033
0.719705
0.773017
0.759689
0.733033
0.786345
0.773017
0.773017
0.773017
0.746361
0.799673
0.813001
0.813001
0.799673
0.813001
0.906296
0.852984
0.87964
0.852984
0.892968
0.932952
0.906296
0.959607
0.946279
0.999591
0.972935
0.959607
0.972935
0.946279
0.986263
0.959607
0.919624
0.972935
0.972935
0.972935
0.932952
0.906296
0.826328
0.813001
0.773017
0.813001
0.759689
0.826328
0.892968
0.892968
0.946279
0.959607
0.972935
0.972935
0.946279
0.919624
0.932952
0.946279
1.03957
0.959607
0.972935
0.972935
0.946279
0.932952
0.919624
0.852984
0.759689
0.813001
0.773017
0.759689
0.786345
0.773017
0.799673
0.839656
0.87964
0.892968
0.852984
0.892968
0.87964
0.892968
0.946279
0.959607
0.87964
0.946279
0.959607
0.946279
0.852984
0.839656
0.906296
0.946279
0.999591
1.06623
1.11954
1.1462
1.13287
1.06623
0.986263
0.986263
0.986263
0.959607
0.972935
0.892968
0.866312
0.826328
0.746361
0.813001
0.866312
0.87964
0.87964
0.999591
0.986263
1.02625
1.02625
1.01292
0.986263
0.986263
1.06623
1.11954
1.10621
1.11954
1.1462
1.1462
1.11954
1.02625
0.999591
0.999591
1.0529
0.986263
1.01292
0.972935
0.946279
0.932952
0.892968
0.972935
1.02625
1.07956
1.06623
1.06623
0.986263
0.986263
0.906296
0.946279
0.946279
0.932952
0.892968
0.892968
0.906296
0.959607
0.999591
0.986263
0.972935
0.87964
0.932952
0.852984
0.786345
0.786345
0.786345
0.799673
0.839656
0.799673
0.773017
0.786345
0.773017
0.813001
0.786345
0.733033
0.773017
0.839656
0.839656
0.87964
0.932952
0.892968
0.932952
0.87964
0.799673
0.759689
0.706378
0.679722
0.653066
0.69305
0.719705
0.773017
0.799673
0.852984
0.892968
0.826328
0.839656
0.813001
0.813001
0.813001
0.813001
0.786345
0.786345
0.813001
0.813001
0.839656
0.826328
0.87964
0.932952
0.932952
0.986263
1.01292
0.986263
1.03957
0.999591
1.03957
0.972935
1.03957
0.972935
0.972935
0.946279
1.01292
0.959607
0.919624
0.972935
0.972935
1.02625
1.11954
1.15953
1.15953
1.22616
1.1462
1.17285
1.11954
1.0529
0.986263
0.972935
0.906296
0.932952
0.932952
0.919624
0.986263
0.959607
0.946279
0.932952
0.959607
0.919624
0.866312
0.799673
0.852984
0.719705
0.773017
0.759689
0.799673
0.87964
0.826328
0.799673
0.759689
0.733033
0.799673
0.799673
0.839656
0.932952
0.972935
1.07956
1.01292
0.986263
0.932952
0.946279
0.866312
0.866312
0.866312
0.932952
0.87964
0.799673
0.786345
0.799673
0.786345
0.773017
0.759689
0.773017
0.69305
0.653066
0.639738
0.69305
0.679722
0.786345
0.759689
0.826328
0.852984
0.866312
0.892968
0.932952
0.932952
0.932952
0.906296
0.813001
0.746361
0.813001
0.786345
0.892968
0.906296
0.906296
0.959607
0.826328
0.892968
0.906296
0.852984
0.866312
0.813001
0.87964
0.87964
0.919624
0.906296
0.866312
0.892968
0.892968
0.946279
0.959607
0.906296
0.972935
0.999591
1.01292
1.02625
1.09289
1.0529
1.02625
0.946279
0.972935
0.946279
1.02625
1.06623
1.06623
0.986263
0.932952
0.87964
0.932952
0.946279
0.839656
0.813001
0.852984
0.826328
0.799673
0.799673
0.892968
0.906296
0.892968
0.946279
0.919624
0.946279
0.999591
0.999591
0.986263
0.906296
0.959607
0.986263
1.01292
1.02625
0.999591
0.986263
1.01292
0.999591
0.959607
1.01292
1.07956
1.09289
1.11954
1.11954
1.11954
1.0529
1.09289
1.10621
1.13287
1.10621
1.11954
1.15953
1.15953
1.1462
1.1462
1.15953
1.07956
1.02625
1.03957
1.09289
1.0529
1.07956
1.11954
1.02625
0.946279
0.906296
1.01292
1.03957
0.999591
0.986263
1.01292
0.986263
0.946279
0.892968
0.852984
0.919624
0.892968
0.87964
0.87964
0.87964
0.919624
0.919624
0.839656
0.826328
0.866312
0.932952
0.919624
0.919624
0.906296
0.892968
0.852984
0.866312
0.813001
0.87964
0.892968
0.946279
0.946279
0.959607
0.972935
0.919624
0.906296
0.906296
0.826328
0.733033
0.733033
0.759689
0.746361
0.746361
0.799673
0.799673
0.839656
0.706378
0.773017
0.679722
0.733033
0.773017
0.813001
0.786345
0.839656
0.826328
0.759689
0.759689
0.866312
0.799673
0.799673
0.839656
0.892968
0.826328
0.826328
0.852984
0.972935
0.892968
0.87964
0.826328
0.773017
0.759689
0.733033
0.759689
0.826328
0.906296
0.826328
0.799673
0.852984
0.87964
0.87964
0.799673
0.852984
0.906296
0.892968
0.839656
0.786345
0.773017
0.826328
0.892968
0.986263
1.0529
1.0529
1.01292
0.972935
0.959607
0.972935
0.986263
0.999591
1.0529
1.06623
1.09289
1.06623
0.999591
0.986263
0.986263
0.959607
0.999591
0.959607
0.932952
0.866312
0.839656
0.826328
0.839656
0.852984
0.87964
0.866312
0.892968
0.932952
0.932952
0.932952
0.892968
0.852984
0.852984
0.906296
0.932952
1.01292
0.946279
0.972935
0.906296
0.959607
0.972935
0.946279
1.03957
1.0529
1.09289
1.07956
1.07956
1.01292
0.892968
0.866312
0.87964
0.946279
0.959607
0.959607
0.906296
0.852984
0.87964
0.852984
0.786345
0.87964
0.986263
1.01292
1.02625
0.999591
1.03957
1.02625
1.03957
0.932952
0.906296
0.946279
0.866312
0.932952
0.932952
0.892968
0.959607
0.919624
0.919624
0.919624
0.852984
0.813001
0.892968
0.972935
0.999591
0.946279
0.946279
0.999591
0.986263
0.932952
0.786345
0.759689
0.759689
0.733033
0.813001
0.892968
0.87964
0.959607
0.986263
1.0529
1.02625
0.999591
1.0529
0.999591
0.906296
0.866312
0.852984
0.892968
0.959607
0.946279
0.986263
0.959607
0.972935
1.01292
0.932952
0.946279
0.919624
0.919624
0.906296
0.87964
0.866312
0.866312
0.919624
0.87964
0.813001
0.773017
0.852984
0.959607
0.946279
0.999591
1.09289
1.06623
1.0529
1.03957
1.03957
0.972935
0.87964
0.866312
0.932952
0.999591
1.06623
1.10621
1.17285
1.17285
1.10621
1.18618
1.09289
1.1462
1.21284
1.17285
1.1462
1.10621
1.06623
1.07956
1.1462
1.10621
1.10621
1.03957
1.06623
1.0529
1.0529
1.13287
1.11954
1.09289
1.15953
1.1462
1.1462
1.15953
1.06623
1.0529
0.999591
0.906296
0.852984
0.786345
0.839656
0.932952
0.959607
0.87964
0.959607
0.946279
0.946279
0.959607
0.906296
0.906296
0.919624
0.959607
1.01292
1.02625
1.03957
0.999591
0.986263
0.972935
1.06623
1.11954
1.1462
1.10621
1.07956
1.0529
1.03957
1.02625
1.06623
1.10621
1.06623
1.11954
1.09289
1.10621
1.15953
1.19951
1.23949
1.19951
1.18618
1.10621
1.13287
1.09289
1.17285
1.13287
1.09289
1.06623
1.07956
1.09289
1.07956
1.15953
1.15953
1.21284
1.11954
1.11954
1.13287
1.06623
1.03957
1.01292
1.0529
1.03957
0.999591
0.946279
0.946279
0.932952
0.919624
0.946279
0.906296
0.946279
0.999591
0.959607
0.999591
1.02625
0.972935
0.999591
1.0529
0.999591
0.946279
0.972935
1.0529
1.06623
1.03957
1.07956
1.02625
0.972935
1.03957
1.01292
0.972935
0.946279
1.07956
1.17285
1.17285
1.21284
1.19951
1.25282
1.27948
1.25282
1.27948
1.23949
1.19951
1.22616
1.27948
1.21284
1.18618
1.11954
1.17285
1.19951
1.13287
1.13287
1.09289
1.01292
1.01292
0.946279
0.986263
1.01292
1.0529
1.06623
1.10621
1.1462
1.10621
1.15953
1.17285
1.11954
1.15953
1.13287
1.15953
1.07956
1.11954
1.07956
1.01292
1.03957
1.01292
0.986263
1.01292
0.999591
1.03957
1.06623
1.15953
1.1462
1.19951
1.19951
1.18618
1.10621
1.09289
1.09289
0.972935
0.946279
0.959607
0.946279
0.959607
0.986263
0.986263
0.959607
0.972935
0.946279
0.946279
0.932952
0.972935
0.866312
0.892968
0.839656
0.866312
0.826328
0.892968
0.839656
0.906296
0.959607
1.0529
0.999591
1.09289
1.01292
0.959607
0.946279
0.986263
0.932952
0.946279
0.852984
0.826328
0.826328
0.866312
0.919624
0.932952
0.839656
0.799673
0.786345
0.786345
0.773017
0.773017
0.746361
0.799673
0.826328
0.839656
0.866312
0.87964
0.906296
1.02625
1.06623
1.10621
1.10621
1.06623
1.03957
1.06623
1.0529
1.02625
1.03957
1.06623
1.07956
1.01292
1.03957
0.999591
1.01292
0.959607
0.932952
0.959607
0.919624
0.932952
1.01292
1.09289
1.06623
1.02625
0.986263
1.02625
0.87964
0.87964
0.906296
0.906296
0.932952
0.919624
1.01292
1.01292
0.972935
0.959607
0.946279
1.02625
1.10621
1.06623
1.09289
1.03957
1.11954
1.03957
0.946279
0.932952
0.932952
0.87964
0.852984
0.852984
0.839656
0.866312
0.892968
0.946279
1.02625
1.02625
0.986263
1.01292
1.07956
1.0529
1.07956
0.972935
1.10621
1.06623
1.01292
0.999591
1.0529
1.01292
1.01292
0.919624
0.919624
0.932952
0.87964
0.852984
0.839656
0.799673
0.826328
0.786345
0.839656
0.826328
0.906296
0.946279
0.866312
0.892968
0.892968
0.986263
1.02625
0.932952
0.919624
0.946279
0.932952
0.972935
1.02625
0.946279
0.919624
0.946279
0.959607
0.946279
0.87964
0.892968
0.906296
0.906296
0.87964
0.826328
0.919624
0.986263
0.946279
0.972935
1.06623
1.15953
1.17285
1.27948
1.25282
1.23949
1.18618
1.18618
1.15953
1.0529
1.03957
1.01292
0.972935
0.972935
1.0529
1.06623
1.06623
1.01292
0.986263
0.999591
1.02625
1.07956
1.0529
1.0529
1.01292
0.946279
1.02625
0.999591
1.03957
0.986263
0.946279
0.946279
0.932952
0.919624
0.87964
0.87964
0.919624
0.959607
0.919624
0.946279
0.946279
0.932952
0.959607
0.946279
0.986263
0.972935
0.946279
0.919624
0.906296
1.01292
1.01292
1.06623
1.06623
1.09289
1.1462
1.02625
0.972935
1.02625
0.986263
0.972935
0.972935
0.87964
0.87964
0.906296
1.03957
1.0529
1.06623
1.10621
0.999591
1.01292
1.02625
1.03957
1.03957
1.09289
1.07956
1.03957
1.0529
1.0529
1.09289
1.06623
0.986263
0.999591
0.959607
0.959607
0.986263
1.11954
1.10621
1.13287
1.17285
1.15953
1.11954
1.11954
1.09289
0.999591
1.06623
1.01292
1.06623
1.06623
1.11954
1.11954
1.10621
1.13287
1.10621
1.02625
0.999591
1.06623
1.02625
1.0529
1.02625
1.10621
1.13287
1.18618
1.10621
1.17285
1.18618
1.1462
1.15953
1.21284
1.23949
1.19951
1.25282
1.19951
1.18618
1.23949
1.25282
1.21284
1.26615
1.33279
1.33279
1.31946
1.2928
1.22616
1.27948
1.19951
1.13287
1.06623
1.02625
0.972935
0.919624
0.906296
0.972935
1.06623
0.999591
0.932952
1.02625
1.10621
1.15953
1.18618
1.13287
1.11954
1.07956
1.13287
1.06623
1.02625
0.932952
0.932952
0.932952
1.03957
1.0529
1.06623
1.02625
1.13287
1.1462
1.06623
1.07956
0.959607
0.986263
1.03957
1.01292
1.0529
0.986263
0.986263
1.02625
1.06623
1.07956
1.03957
1.03957
1.06623
1.03957
1.0529
0.959607
1.07956
1.03957
0.986263
0.986263
0.959607
0.919624
0.999591
0.919624
0.999591
0.972935
1.02625
0.972935
0.946279
1.01292
1.0529
0.986263
0.919624
0.932952
0.999591
0.959607
1.03957
1.03957
0.946279
0.932952
0.959607
0.986263
0.906296
0.892968
0.906296
0.932952
0.892968
0.932952
0.986263
1.01292
0.986263
0.999591
1.01292
0.919624
0.959607
0.999591
0.986263
0.999591
0.972935
0.972935
1.02625
0.999591
1.06623
1.13287
1.13287
1.18618
1.19951
1.19951
1.22616
1.21284
1.22616
1.21284
1.19951
1.11954
1.09289
1.07956
1.03957
0.986263
1.06623
0.999591
0.986263
0.986263
0.999591
0.919624
0.87964
0.959607
0.932952
0.932952
0.919624
0.87964
0.932952
1.02625
1.03957
1.03957
1.0529
1.06623
1.07956
1.0529
1.0529
1.01292
0.959607
0.919624
0.906296
1.01292
0.959607
0.946279
0.986263
0.932952
0.986263
1.03957
1.06623
1.09289
0.986263
0.986263
1.03957
1.02625
0.999591
1.07956
1.02625
0.999591
0.932952
0.892968
0.892968
0.906296
0.87964
0.87964
0.892968
0.932952
0.972935
1.01292
1.02625
1.07956
1.0529
1.0529
1.10621
1.10621
1.03957
0.999591
0.932952
0.932952
0.946279
0.919624
0.932952
1.02625
1.03957
0.946279
0.946279
0.946279
0.919624
0.919624
0.999591
1.02625
1.01292
0.972935
0.946279
1.03957
1.02625
1.02625
0.999591
0.972935
0.999591
0.986263
1.06623
1.11954
1.09289
1.09289
1.06623
1.02625
1.0529
1.01292
0.959607
0.959607
0.986263
0.959607
0.959607
1.0529
1.09289
1.1462
1.17285
1.13287
1.13287
1.11954
1.09289
1.06623
1.17285
1.19951
1.22616
1.18618
1.15953
1.15953
1.19951
1.18618
1.1462
1.06623
1.02625
1.10621
1.10621
1.06623
1.0529
1.06623
1.03957
0.986263
0.999591
0.986263
0.959607
1.09289
1.07956
1.13287
1.0529
1.03957
0.986263
1.01292
1.01292
1.0529
0.999591
0.999591
1.03957
1.0529
1.10621
1.13287
1.0529
1.09289
1.02625
1.01292
0.972935
0.946279
0.906296
0.906296
0.919624
1.02625
1.01292
0.972935
0.972935
0.852984
0.773017
0.866312
0.852984
0.839656
0.892968
0.866312
0.919624
0.946279
0.87964
0.906296
0.986263
0.999591
1.07956
1.13287
1.11954
1.1462
1.19951
1.13287
1.19951
1.21284
1.15953
1.22616
1.11954
1.23949
1.22616
1.17285
1.1462
1.13287
1.11954
1.09289
1.0529
1.03957
1.0529
1.0529
1.10621
1.0529
1.1462
1.17285
1.17285
1.11954
1.03957
1.09289
1.10621
1.07956
1.11954
1.1462
1.18618
1.15953
1.21284
1.25282
1.35944
1.34612
1.34612
1.37277
1.27948
1.23949
1.17285
1.17285
1.23949
1.26615
1.23949
1.25282
1.25282
1.21284
1.18618
1.1462
1.15953
1.03957
1.0529
1.0529
1.01292
1.03957
1.11954
1.18618
1.27948
1.33279
1.39943
1.35944
1.21284
1.09289
1.03957
0.946279
0.986263
1.01292
1.03957
1.10621
1.10621
1.13287
1.19951
1.1462
1.10621
1.11954
1.10621
1.06623
0.986263
0.999591
1.02625
0.959607
0.959607
1.02625
1.02625
1.07956
1.13287
1.09289
1.27948
1.26615
1.21284
1.22616
1.19951
1.17285
1.17285
1.1462
1.19951
1.18618
1.19951
1.18618
1.18618
1.21284
1.27948
1.26615
1.22616
1.23949
1.1462
1.09289
1.07956
1.17285
1.1462
1.09289
1.09289
1.01292
1.01292
0.932952
0.892968
0.87964
0.866312
0.959607
0.946279
0.892968
0.892968
0.932952
0.906296
0.87964
0.906296
0.932952
0.986263
1.0529
1.0529
1.09289
1.11954
1.07956
1.0529
1.06623
0.999591
0.919624
0.892968
0.972935
1.0529
1.0529
1.13287
1.09289
1.07956
1.0529
1.01292
1.03957
1.0529
1.02625
0.972935
0.959607
1.0529
1.03957
1.17285
1.15953
1.19951
1.22616
1.23949
1.19951
1.13287
1.13287
1.19951
1.17285
1.18618
1.22616
1.18618
1.18618
1.17285
1.19951
1.18618
1.22616
1.1462
1.10621
1.15953
1.23949
1.19951
1.15953
1.07956
1.07956
1.06623
1.09289
1.0529
1.01292
1.0529
1.06623
1.13287
1.13287
1.09289
1.10621
1.0529
1.10621
1.07956
1.0529
1.0529
1.01292
1.01292
0.946279
0.892968
0.919624
0.946279
0.932952
0.932952
0.906296
0.839656
0.866312
0.786345
0.733033
0.826328
0.786345
0.826328
0.892968
0.919624
0.826328
0.839656
0.866312
0.839656
0.839656
0.786345
0.892968
0.892968
0.839656
0.839656
