1.08631
1.04885
1.01139
1.06134
0.998907
0.923989
0.973935
1.07383
1.04885
1.07383
1.06134
1.04885
1.03637
1.03637
1.04885
0.986421
0.923989
1.01139
0.986421
1.01139
0.973935
0.923989
0.824099
0.836585
0.824099
0.824099
0.799126
0.811612
0.861558
0.861558
0.88653
0.849071
0.861558
0.899017
0.923989
0.948962
0.961448
1.11128
1.14874
1.06134
1.08631
0.973935
1.04885
0.998907
0.911503
0.923989
0.923989
0.998907
0.948962
0.88653
0.836585
0.849071
0.88653
0.948962
0.961448
0.948962
0.911503
0.948962
0.961448
0.936476
0.948962
0.936476
1.02388
1.04885
1.04885
1.04885
1.04885
1.06134
1.11128
0.998907
1.03637
1.02388
0.998907
0.998907
1.04885
1.04885
1.11128
1.12377
1.11128
1.13626
1.12377
1.07383
1.01139
0.998907
0.973935
1.03637
0.948962
0.899017
0.874044
0.811612
0.774153
0.849071
0.811612
0.836585
0.78664
0.836585
0.836585
0.986421
0.998907
0.973935
0.973935
0.948962
0.961448
0.948962
0.961448
0.911503
0.923989
0.911503
0.874044
0.861558
0.861558
0.936476
1.03637
0.961448
0.961448
0.986421
0.923989
0.961448
0.986421
0.986421
1.01139
0.986421
0.998907
1.03637
0.961448
1.01139
1.07383
1.04885
1.04885
1.01139
1.03637
0.998907
0.986421
0.998907
0.961448
1.04885
0.998907
0.948962
1.01139
0.998907
1.01139
0.998907
0.998907
0.998907
0.948962
1.04885
1.06134
1.07383
1.04885
1.06134
1.03637
1.06134
1.04885
1.04885
1.03637
0.961448
0.973935
0.961448
1.02388
1.11128
1.12377
1.11128
1.14874
1.13626
1.13626
1.0988
1.02388
1.03637
1.02388
1.03637
1.02388
1.04885
1.01139
1.02388
1.04885
0.973935
0.88653
0.911503
0.88653
0.899017
0.849071
0.911503
0.936476
0.899017
0.849071
0.824099
0.799126
0.774153
0.861558
0.88653
0.911503
0.923989
0.874044
0.88653
0.849071
0.948962
0.998907
0.961448
0.986421
0.948962
0.986421
0.936476
0.923989
0.948962
0.961448
0.936476
0.911503
0.861558
0.874044
0.849071
0.899017
0.899017
0.911503
0.911503
0.861558
0.799126
0.774153
0.736694
0.749181
0.836585
0.923989
0.88653
0.899017
0.849071
0.811612
0.849071
0.836585
0.824099
0.88653
0.874044
0.874044
0.861558
0.961448
0.923989
0.936476
0.948962
0.936476
0.998907
1.01139
1.06134
1.0988
1.06134
1.04885
1.02388
1.01139
1.03637
1.01139
0.948962
1.01139
0.911503
0.88653
0.824099
0.836585
0.861558
0.936476
0.936476
0.936476
0.973935
0.973935
0.899017
0.874044
0.874044
0.874044
0.874044
0.811612
0.899017
0.948962
0.948962
0.923989
0.899017
0.874044
0.923989
0.911503
0.849071
0.849071
0.811612
0.811612
0.799126
0.761667
0.749181
0.749181
0.836585
0.836585
0.986421
1.06134
0.973935
0.899017
0.986421
1.07383
1.07383
1.02388
0.961448
0.911503
0.936476
0.923989
0.948962
0.936476
0.936476
0.973935
0.973935
0.961448
0.923989
0.899017
0.923989
0.923989
0.911503
0.874044
0.911503
0.861558
0.911503
0.923989
0.923989
0.849071
0.874044
0.911503
0.923989
0.948962
0.849071
0.948962
0.923989
0.973935
0.973935
0.948962
0.948962
1.04885
1.08631
1.14874
1.1862
1.1862
1.22366
1.21118
1.24863
1.17372
1.12377
1.0988
1.03637
1.01139
1.06134
0.986421
0.948962
0.998907
0.961448
0.923989
0.874044
0.936476
0.961448
1.02388
1.06134
1.04885
0.998907
1.03637
1.08631
1.0988
1.0988
1.04885
1.03637
1.04885
1.07383
1.06134
1.13626
1.0988
1.04885
1.02388
0.948962
0.986421
1.03637
1.03637
1.01139
1.04885
1.02388
1.03637
1.02388
0.973935
0.899017
0.836585
0.874044
0.899017
0.986421
1.01139
1.06134
1.08631
1.03637
1.04885
0.961448
0.874044
0.948962
0.973935
0.998907
1.13626
1.08631
1.11128
1.13626
1.11128
1.07383
1.06134
1.01139
0.986421
0.88653
0.836585
0.849071
0.923989
0.948962
1.03637
1.02388
0.973935
0.973935
1.04885
1.02388
1.03637
1.03637
1.04885
0.998907
0.923989
0.899017
0.88653
0.973935
1.03637
1.02388
0.998907
1.03637
1.01139
1.02388
1.01139
1.01139
1.07383
1.02388
1.02388
1.06134
1.08631
1.04885
1.02388
1.01139
1.03637
0.998907
1.06134
1.12377
1.17372
1.17372
1.21118
1.1862
1.07383
0.998907
0.961448
0.986421
1.0988
1.19869
1.04885
0.973935
0.936476
0.88653
0.799126
0.811612
0.774153
0.811612
0.911503
0.88653
0.899017
0.836585
0.88653
0.861558
0.799126
0.811612
0.761667
0.761667
0.749181
0.824099
0.88653
0.874044
0.948962
0.961448
0.948962
1.03637
1.02388
1.04885
1.03637
1.01139
1.02388
1.06134
1.12377
1.17372
1.17372
1.11128
1.12377
1.08631
1.02388
1.01139
1.07383
1.11128
1.0988
1.13626
1.13626
1.08631
1.0988
1.03637
0.998907
0.923989
0.936476
0.824099
0.799126
0.836585
0.899017
0.899017
0.836585
0.824099
0.824099
0.849071
0.849071
0.849071
0.861558
0.973935
0.948962
0.973935
0.986421
0.948962
0.973935
0.998907
0.923989
0.911503
0.849071
0.811612
0.774153
0.749181
0.699235
0.699235
0.78664
0.811612
0.836585
0.849071
0.861558
0.936476
1.02388
1.07383
0.986421
0.986421
1.03637
1.04885
1.06134
1.06134
1.06134
1.04885
1.03637
0.961448
0.923989
0.88653
0.88653
0.799126
0.811612
0.861558
0.824099
0.911503
0.961448
1.02388
1.02388
0.998907
1.03637
0.986421
1.04885
1.04885
1.02388
1.03637
1.07383
1.04885
1.06134
1.08631
1.03637
1.04885
1.02388
1.01139
0.986421
0.936476
0.899017
0.961448
0.911503
0.936476
0.961448
0.973935
1.01139
1.07383
1.02388
1.01139
1.02388
0.973935
0.923989
0.923989
0.936476
0.936476
0.899017
0.899017
0.861558
0.961448
0.948962
1.06134
1.03637
1.04885
1.08631
1.07383
0.973935
0.961448
0.911503
0.936476
0.923989
0.899017
0.911503
0.948962
0.88653
0.874044
0.749181
0.749181
0.849071
0.749181
0.811612
0.899017
0.836585
0.88653
0.774153
0.761667
0.78664
0.761667
0.774153
0.774153
0.824099
0.736694
0.736694
0.711722
0.736694
0.774153
0.749181
0.686749
0.761667
0.761667
0.761667
0.799126
0.774153
0.78664
0.774153
0.88653
0.923989
0.936476
0.948962
0.923989
0.923989
0.961448
0.998907
0.973935
0.998907
1.01139
1.07383
1.08631
1.07383
1.13626
1.19869
1.17372
1.0988
1.04885
0.998907
0.948962
0.973935
0.998907
0.923989
0.861558
0.88653
0.948962
0.998907
0.948962
0.923989
0.874044
0.861558
0.874044
0.88653
1.03637
1.13626
1.11128
1.17372
1.06134
1.06134
0.998907
0.973935
0.998907
1.04885
1.08631
1.07383
1.11128
1.08631
1.08631
1.03637
1.06134
1.08631
1.0988
1.04885
0.986421
0.998907
0.986421
0.948962
0.973935
1.07383
1.08631
1.07383
1.1862
1.13626
1.11128
1.06134
1.03637
0.986421
0.998907
0.986421
0.936476
0.961448
0.998907
0.998907
0.899017
0.899017
0.88653
0.973935
0.986421
1.01139
0.998907
0.998907
1.02388
1.03637
1.02388
1.06134
1.11128
1.11128
1.08631
1.01139
0.961448
0.923989
0.899017
0.923989
0.874044
0.936476
0.961448
1.04885
1.11128
1.14874
1.27361
1.26112
1.16123
1.11128
1.06134
1.06134
1.16123
1.14874
1.22366
1.24863
1.1862
1.21118
1.19869
1.08631
1.06134
1.02388
1.07383
1.07383
1.12377
1.16123
1.17372
1.13626
1.08631
1.03637
0.923989
1.01139
0.936476
0.961448
0.998907
1.06134
1.13626
1.1862
1.1862
1.21118
1.1862
1.17372
1.16123
1.13626
1.08631
1.08631
1.11128
1.0988
1.12377
1.0988
1.13626
1.14874
1.14874
1.07383
1.0988
1.12377
1.11128
1.06134
1.0988
1.13626
1.14874
1.14874
1.08631
1.11128
1.08631
1.06134
1.11128
1.13626
1.12377
1.1862
1.16123
1.13626
1.11128
1.08631
1.12377
1.14874
1.12377
1.11128
1.0988
1.08631
1.07383
1.07383
1.08631
1.11128
1.17372
1.22366
1.31107
1.27361
1.26112
1.24863
1.26112
1.22366
1.19869
1.16123
1.22366
1.31107
1.27361
1.29858
1.36101
1.32355
1.33604
1.41096
1.41096
1.4609
1.32355
1.26112
1.24863
1.24863
1.29858
1.24863
1.23615
1.1862
1.1862
1.0988
1.01139
0.998907
0.973935
0.998907
0.998907
1.04885
1.06134
1.07383
1.11128
1.0988
1.07383
1.12377
1.01139
0.936476
0.923989
0.961448
0.948962
0.973935
1.01139
1.03637
1.03637
1.04885
1.02388
0.973935
1.06134
1.11128
1.11128
1.08631
1.08631
1.02388
0.986421
0.923989
0.899017
0.874044
0.849071
0.861558
0.88653
0.986421
0.911503
0.973935
0.973935
0.911503
0.811612
0.824099
0.824099
0.824099
0.874044
0.973935
0.986421
1.02388
0.986421
0.986421
1.06134
1.03637
0.973935
0.998907
0.961448
0.849071
0.811612
0.824099
0.874044
0.849071
0.849071
0.923989
0.874044
0.936476
0.936476
0.986421
0.986421
0.986421
0.948962
0.88653
0.911503
0.874044
0.836585
0.88653
0.948962
0.998907
1.0988
1.12377
1.14874
1.11128
1.07383
1.14874
1.1862
1.14874
1.14874
1.17372
1.19869
1.16123
1.12377
1.06134
1.04885
1.11128
1.17372
1.21118
1.11128
1.04885
0.973935
0.986421
0.961448
0.986421
1.01139
1.06134
0.998907
0.998907
0.948962
0.961448
1.04885
1.07383
1.07383
1.06134
1.11128
1.08631
1.11128
1.0988
1.0988
1.0988
1.11128
1.1862
1.14874
1.14874
1.07383
1.07383
1.08631
1.04885
1.12377
1.04885
1.0988
1.07383
1.02388
1.03637
1.06134
1.07383
1.02388
0.961448
0.899017
0.923989
0.899017
0.923989
0.911503
0.88653
0.911503
0.911503
0.874044
1.01139
1.06134
1.02388
1.02388
0.986421
0.961448
0.861558
0.899017
0.936476
0.923989
0.973935
0.998907
0.998907
1.03637
0.998907
1.04885
1.0988
1.12377
1.13626
1.16123
1.04885
0.998907
0.986421
0.948962
0.861558
0.88653
0.874044
0.923989
0.936476
1.03637
1.12377
1.08631
1.07383
0.986421
0.88653
0.874044
0.874044
0.923989
0.936476
0.948962
0.874044
0.874044
0.911503
1.01139
0.986421
0.986421
0.973935
0.973935
1.06134
0.961448
0.961448
0.986421
1.02388
1.01139
1.02388
1.01139
0.948962
0.923989
0.961448
0.948962
1.02388
0.998907
1.04885
1.03637
1.02388
1.03637
1.04885
1.07383
1.01139
0.986421
1.02388
1.04885
1.14874
1.16123
1.24863
1.14874
1.13626
1.16123
1.0988
1.16123
1.21118
1.13626
1.21118
1.1862
1.1862
1.23615
1.26112
1.24863
1.14874
1.03637
0.973935
1.02388
1.04885
0.961448
1.01139
1.03637
0.973935
0.911503
0.936476
0.824099
0.849071
0.861558
0.874044
0.961448
0.923989
0.899017
0.899017
0.849071
0.923989
0.849071
0.899017
0.923989
0.961448
0.961448
0.973935
0.923989
0.961448
0.961448
1.02388
1.0988
1.07383
1.0988
1.12377
1.03637
1.02388
0.998907
0.961448
0.973935
0.973935
1.02388
1.01139
1.02388
1.04885
1.0988
1.06134
1.06134
1.02388
1.06134
0.948962
0.973935
0.961448
1.01139
0.998907
1.02388
1.01139
0.911503
0.973935
1.07383
1.08631
1.17372
1.1862
1.16123
1.17372
1.07383
1.13626
1.07383
1.12377
1.06134
1.08631
1.12377
1.12377
1.07383
1.03637
0.948962
0.936476
0.899017
1.02388
1.06134
1.03637
1.04885
1.01139
1.01139
0.998907
0.88653
0.911503
0.961448
0.874044
0.861558
0.861558
0.861558
0.899017
0.948962
0.88653
0.948962
0.998907
1.03637
0.948962
1.03637
1.11128
1.12377
1.13626
1.11128
1.1862
1.16123
1.13626
0.998907
0.986421
0.923989
0.874044
0.899017
0.899017
0.861558
0.861558
0.811612
0.824099
0.749181
0.836585
0.811612
0.88653
0.961448
0.973935
0.998907
1.01139
1.03637
1.06134
1.12377
1.13626
1.16123
1.14874
1.13626
1.08631
1.04885
1.04885
0.998907
0.998907
0.973935
1.06134
1.03637
0.936476
0.923989
0.911503
0.961448
1.03637
1.04885
1.02388
0.998907
0.998907
0.936476
0.923989
0.998907
0.973935
0.936476
0.899017
0.849071
0.861558
0.836585
0.911503
0.899017
0.948962
0.986421
0.936476
0.961448
0.923989
0.986421
1.04885
1.06134
1.12377
1.07383
1.02388
0.899017
0.911503
0.899017
0.88653
0.836585
0.824099
0.774153
0.799126
0.811612
0.811612
0.861558
0.836585
0.874044
0.911503
0.923989
1.01139
0.998907
1.01139
1.04885
1.07383
1.06134
1.16123
1.16123
1.13626
1.12377
1.03637
1.02388
0.948962
0.961448
0.936476
0.923989
0.923989
0.948962
1.06134
1.07383
1.08631
1.07383
1.04885
1.08631
1.04885
1.02388
0.998907
0.923989
0.923989
0.899017
0.811612
0.874044
0.874044
0.88653
0.861558
0.899017
0.948962
0.998907
1.03637
1.06134
1.08631
1.03637
1.0988
1.12377
1.08631
1.08631
1.03637
0.973935
0.961448
0.936476
0.811612
0.761667
0.711722
0.736694
0.774153
0.849071
0.899017
0.961448
0.923989
0.948962
0.973935
0.973935
0.923989
0.861558
0.874044
0.923989
0.861558
0.986421
0.973935
0.899017
0.961448
0.936476
0.911503
0.849071
0.774153
0.874044
0.936476
0.899017
0.936476
0.973935
1.03637
1.04885
1.01139
1.08631
1.01139
1.07383
1.01139
1.01139
1.03637
0.998907
0.973935
0.961448
0.874044
0.88653
0.861558
0.998907
1.04885
1.04885
0.986421
1.01139
0.923989
0.973935
0.936476
0.973935
0.998907
0.986421
0.948962
0.973935
0.973935
0.923989
0.824099
0.799126
0.849071
0.899017
0.911503
0.861558
0.874044
0.849071
0.861558
0.948962
1.02388
1.04885
0.923989
0.936476
0.948962
1.04885
1.06134
1.06134
1.04885
1.06134
1.03637
1.03637
1.03637
1.03637
1.03637
1.04885
1.04885
1.03637
1.02388
1.03637
1.01139
1.06134
1.06134
1.13626
1.08631
1.07383
1.12377
1.02388
0.973935
0.986421
1.01139
1.07383
1.08631
1.08631
1.0988
1.12377
1.07383
1.03637
0.973935
0.936476
0.911503
0.986421
0.961448
0.923989
0.824099
0.849071
0.811612
0.799126
0.736694
0.674262
0.699235
0.699235
0.674262
0.711722
0.749181
0.78664
0.88653
1.03637
0.998907
0.936476
0.923989
0.899017
0.923989
0.948962
1.03637
1.03637
1.01139
1.08631
1.12377
1.11128
1.02388
1.01139
0.973935
0.973935
0.948962
0.948962
0.961448
1.02388
1.01139
0.998907
0.998907
1.01139
1.01139
1.03637
1.04885
1.01139
1.11128
1.13626
1.06134
1.04885
1.03637
1.07383
1.08631
1.06134
1.08631
1.14874
1.0988
1.08631
1.02388
1.02388
0.923989
1.02388
0.998907
0.998907
1.04885
1.03637
0.961448
0.973935
0.986421
0.911503
0.936476
0.936476
0.948962
0.973935
1.03637
1.14874
1.13626
1.16123
1.13626
1.0988
1.11128
1.08631
1.13626
1.11128
1.11128
1.07383
1.11128
1.13626
1.13626
1.13626
1.13626
1.0988
1.02388
0.998907
1.03637
0.948962
0.986421
0.973935
0.948962
1.02388
0.948962
0.874044
0.849071
0.899017
1.04885
1.07383
1.06134
1.04885
1.01139
1.07383
1.06134
0.986421
0.874044
0.936476
0.948962
0.923989
0.936476
0.861558
0.711722
0.749181
0.811612
0.78664
0.736694
0.711722
0.736694
0.736694
0.78664
0.811612
0.824099
0.88653
0.961448
1.04885
0.998907
1.01139
0.986421
1.03637
1.02388
0.998907
1.13626
0.998907
0.998907
1.11128
1.07383
1.02388
1.07383
1.03637
1.03637
0.973935
1.02388
0.948962
0.911503
0.936476
0.936476
0.986421
1.03637
1.08631
1.1862
1.21118
1.24863
1.27361
1.26112
1.19869
1.07383
1.03637
0.986421
0.961448
0.986421
0.936476
0.948962
0.973935
0.948962
0.923989
0.923989
0.961448
0.923989
0.861558
0.799126
0.836585
0.836585
0.849071
0.811612
0.836585
0.911503
0.973935
1.04885
1.06134
1.08631
1.11128
1.08631
1.13626
1.14874
1.1862
1.22366
1.13626
1.11128
1.13626
1.14874
1.17372
1.16123
1.12377
1.07383
1.04885
1.16123
1.16123
1.21118
1.13626
1.19869
1.08631
1.0988
1.0988
1.08631
1.04885
1.0988
1.06134
1.13626
1.11128
1.07383
1.13626
1.0988
1.13626
1.07383
1.11128
1.07383
1.06134
1.03637
1.03637
1.06134
1.0988
1.08631
1.06134
1.11128
1.11128
1.11128
1.07383
0.961448
0.936476
0.936476
0.961448
0.998907
1.01139
1.06134
1.02388
0.986421
1.03637
1.06134
0.986421
0.948962
0.998907
0.936476
0.911503
0.936476
0.88653
0.88653
0.88653
0.849071
0.911503
0.986421
1.11128
1.0988
1.12377
1.06134
1.07383
1.07383
1.07383
1.07383
0.986421
1.04885
1.0988
1.06134
1.0988
1.12377
1.13626
1.12377
1.06134
1.12377
1.13626
1.0988
1.16123
1.19869
1.19869
1.16123
1.13626
1.11128
1.07383
1.06134
1.0988
1.0988
1.01139
1.01139
1.04885
1.01139
0.998907
0.973935
1.03637
0.936476
0.88653
0.936476
0.911503
0.861558
0.874044
0.836585
0.849071
0.811612
0.824099
0.824099
0.799126
0.88653
1.04885
1.06134
1.01139
1.03637
1.11128
1.19869
1.21118
1.13626
1.12377
1.04885
0.998907
0.973935
0.986421
0.973935
0.986421
0.923989
0.936476
0.936476
1.01139
1.03637
1.11128
1.07383
1.07383
1.02388
0.923989
0.911503
0.849071
0.811612
0.811612
0.836585
0.836585
0.849071
0.811612
0.824099
0.899017
0.911503
0.849071
0.88653
0.899017
0.88653
0.948962
0.973935
0.986421
0.973935
1.03637
1.02388
0.973935
1.02388
1.02388
0.998907
0.961448
0.911503
0.874044
0.861558
0.88653
0.899017
0.861558
0.849071
0.961448
0.961448
1.01139
1.02388
0.961448
0.948962
0.986421
0.973935
1.02388
1.04885
1.06134
1.01139
0.998907
1.04885
1.06134
1.03637
1.03637
1.07383
1.0988
1.03637
1.01139
0.961448
0.948962
0.923989
0.961448
0.911503
0.911503
0.936476
0.986421
0.923989
0.88653
0.986421
1.03637
1.06134
1.08631
1.07383
1.03637
0.998907
1.03637
1.02388
0.948962
0.936476
0.948962
0.899017
0.948962
0.998907
1.03637
0.973935
0.923989
1.02388
0.973935
1.0988
1.03637
0.998907
1.04885
1.07383
1.06134
1.02388
1.04885
1.12377
1.11128
1.12377
1.06134
1.01139
0.948962
0.936476
0.936476
1.01139
1.03637
1.16123
1.21118
1.0988
1.12377
1.17372
1.17372
1.13626
1.0988
1.11128
1.02388
0.973935
0.961448
1.02388
1.03637
1.03637
0.986421
0.961448
0.961448
1.03637
0.973935
0.998907
1.03637
0.973935
0.986421
1.08631
1.0988
1.0988
1.12377
1.11128
1.03637
0.973935
0.961448
0.923989
0.911503
0.88653
0.874044
0.874044
0.874044
0.923989
0.961448
0.986421
1.01139
1.04885
0.973935
0.986421
0.998907
0.948962
0.973935
0.936476
0.88653
0.899017
0.948962
1.01139
1.02388
0.948962
0.874044
0.824099
0.849071
0.849071
0.88653
0.899017
0.936476
0.948962
0.973935
0.911503
0.911503
0.874044
0.948962
0.948962
0.948962
0.961448
1.03637
0.973935
0.973935
0.986421
0.998907
1.01139
1.01139
1.07383
1.08631
1.03637
0.948962
0.948962
0.936476
0.923989
0.936476
0.899017
0.899017
0.899017
0.874044
0.811612
0.799126
0.811612
0.861558
0.874044
0.861558
0.874044
0.998907
0.973935
1.03637
1.02388
1.01139
0.961448
0.948962
0.948962
0.961448
0.961448
0.861558
0.874044
0.923989
0.899017
0.861558
0.849071
0.861558
0.861558
0.88653
0.88653
0.874044
0.936476
0.861558
0.899017
0.948962
0.948962
0.986421
1.03637
1.07383
1.06134
1.07383
1.03637
1.01139
0.911503
0.824099
0.911503
0.998907
1.03637
1.01139
0.948962
0.973935
0.961448
0.973935
0.936476
0.948962
0.948962
0.948962
0.936476
1.01139
0.961448
0.948962
0.961448
1.03637
1.07383
1.0988
1.06134
1.01139
0.998907
0.973935
1.04885
0.973935
0.998907
0.973935
1.04885
1.03637
1.03637
0.948962
0.948962
1.04885
1.06134
1.02388
0.961448
1.04885
1.01139
1.07383
1.07383
1.06134
1.16123
1.13626
1.07383
1.07383
1.06134
1.07383
1.12377
1.07383
1.01139
1.02388
1.06134
1.12377
1.0988
1.0988
1.11128
1.1862
1.19869
1.1862
1.14874
1.04885
1.03637
1.02388
1.06134
1.0988
1.13626
1.11128
1.19869
1.19869
1.1862
1.13626
