0.856115
0.947842
0.947842
0.932554
0.963129
0.917266
1.00899
0.917266
0.932554
0.917266
0.901978
0.856115
0.886691
0.947842
0.932554
0.932554
0.856115
0.779676
0.718525
0.764388
0.733813
0.718525
0.749101
0.764388
0.871403
0.947842
0.932554
0.963129
0.901978
0.901978
0.932554
0.978417
0.993705
1.10072
1.03957
1.02428
1.02428
0.993705
1.00899
1.02428
0.963129
0.963129
0.963129
0.963129
0.963129
1.02428
1.05486
0.978417
0.963129
0.963129
0.978417
0.932554
0.856115
0.917266
0.978417
0.871403
0.794964
0.810252
0.82554
0.749101
0.764388
0.779676
0.856115
0.932554
0.856115
0.886691
0.840827
0.901978
0.917266
0.856115
0.901978
0.856115
0.779676
0.917266
0.932554
0.978417
1.05486
0.993705
0.978417
1.00899
1.00899
0.901978
0.993705
0.947842
0.932554
0.978417
0.901978
0.932554
0.932554
0.947842
0.932554
0.978417
0.993705
0.978417
1.00899
1.00899
1.08543
0.978417
0.993705
0.978417
0.917266
0.963129
0.871403
0.963129
0.993705
0.993705
0.963129
1.02428
1.00899
1.03957
1.07014
1.02428
1.07014
1.02428
0.978417
1.02428
1.00899
1.07014
1.14658
1.19245
1.14658
1.03957
1.00899
0.978417
1.00899
1.02428
1.05486
1.03957
1.10072
1.13129
1.07014
1.05486
1.07014
1.07014
1.05486
1.08543
1.05486
1.10072
1.16187
1.22302
1.26888
1.22302
1.16187
1.13129
1.14658
1.20773
1.19245
1.19245
1.05486
1.00899
1.13129
1.11601
1.13129
1.13129
1.17716
1.19245
1.20773
1.23831
1.33004
1.33004
1.28417
1.40647
1.36061
1.39119
1.3759
1.36061
1.31475
1.34532
1.29946
1.13129
1.02428
1.03957
1.10072
0.993705
0.963129
0.856115
0.810252
0.703237
0.672662
0.626799
0.703237
0.733813
0.82554
0.840827
0.856115
0.871403
0.901978
0.82554
0.917266
0.901978
0.947842
0.978417
0.963129
0.978417
1.02428
0.947842
0.947842
0.963129
0.963129
0.947842
0.993705
0.871403
0.779676
0.749101
0.810252
0.779676
0.810252
0.917266
0.871403
0.856115
0.963129
0.917266
0.963129
1.05486
1.05486
1.05486
1.13129
1.08543
1.02428
0.993705
1.02428
1.02428
1.03957
1.00899
0.993705
1.03957
1.03957
1.11601
1.02428
1.00899
0.963129
0.917266
0.917266
0.840827
0.871403
0.794964
0.794964
0.917266
0.978417
0.932554
0.978417
1.02428
1.00899
0.978417
0.932554
0.917266
0.901978
0.947842
0.82554
0.810252
0.764388
0.794964
0.764388
0.82554
0.810252
0.856115
0.886691
0.82554
0.840827
0.810252
0.642086
0.626799
0.718525
0.733813
0.733813
0.764388
0.749101
0.733813
0.733813
0.810252
0.749101
0.779676
0.840827
0.840827
0.764388
0.733813
0.733813
0.733813
0.718525
0.764388
0.840827
0.810252
0.779676
0.764388
0.764388
0.68795
0.718525
0.68795
0.749101
0.703237
0.82554
0.810252
0.810252
0.871403
0.886691
0.963129
0.856115
0.886691
0.963129
0.993705
1.02428
1.00899
0.917266
0.963129
1.07014
1.00899
0.932554
0.993705
0.978417
0.901978
0.871403
0.856115
0.871403
0.917266
1.00899
1.05486
1.08543
1.00899
1.00899
0.963129
0.993705
0.978417
1.03957
1.07014
1.00899
1.02428
0.993705
1.03957
0.993705
1.00899
0.993705
1.02428
1.05486
0.993705
1.07014
1.02428
1.10072
1.16187
1.07014
1.05486
1.10072
1.10072
1.10072
1.20773
1.14658
1.11601
1.07014
1.05486
0.978417
0.901978
0.947842
0.901978
0.932554
1.00899
1.00899
1.08543
0.993705
1.00899
0.963129
0.947842
0.947842
0.978417
1.03957
1.00899
0.993705
0.963129
0.886691
0.901978
0.932554
0.901978
0.856115
0.886691
0.901978
0.840827
0.810252
0.871403
0.886691
0.886691
0.82554
0.810252
0.764388
0.749101
0.718525
0.703237
0.794964
0.764388
0.749101
0.718525
0.718525
0.749101
0.779676
0.749101
0.840827
0.82554
0.779676
0.810252
0.856115
0.82554
0.764388
0.82554
0.82554
0.810252
0.703237
0.68795
0.733813
0.764388
0.794964
0.856115
0.947842
0.810252
0.901978
0.978417
0.947842
0.947842
1.07014
1.07014
0.993705
0.963129
0.947842
0.963129
0.963129
0.917266
0.871403
0.917266
0.871403
0.947842
0.917266
0.947842
0.917266
0.886691
0.82554
0.886691
0.871403
0.886691
0.764388
0.82554
0.886691
0.917266
1.07014
1.07014
1.02428
1.05486
1.07014
1.08543
1.08543
1.07014
1.02428
1.08543
1.07014
0.978417
1.00899
1.03957
0.947842
0.856115
0.886691
0.871403
0.871403
0.932554
0.947842
0.993705
0.993705
0.963129
0.901978
0.932554
0.917266
0.947842
0.963129
0.871403
0.917266
0.917266
0.917266
0.947842
0.978417
0.932554
0.840827
0.840827
0.840827
0.82554
0.901978
0.947842
0.978417
0.963129
0.993705
1.07014
1.07014
1.07014
1.07014
1.05486
0.993705
0.901978
0.993705
0.932554
0.871403
0.932554
0.917266
0.917266
0.917266
0.932554
0.886691
0.856115
0.917266
0.871403
0.840827
0.856115
0.840827
0.810252
0.794964
0.794964
0.840827
0.871403
0.810252
0.840827
0.840827
0.840827
0.932554
0.932554
0.932554
0.932554
1.00899
1.07014
1.08543
1.13129
1.10072
1.00899
0.932554
0.978417
1.07014
1.05486
1.00899
1.00899
0.947842
1.02428
1.02428
1.02428
1.00899
0.963129
1.07014
1.02428
1.05486
1.08543
1.17716
1.17716
1.03957
0.993705
0.917266
0.871403
0.840827
0.871403
0.871403
0.794964
0.886691
0.886691
0.932554
0.932554
0.963129
0.963129
0.947842
0.917266
0.886691
0.901978
0.947842
0.932554
0.978417
1.07014
1.10072
1.05486
0.917266
0.917266
0.963129
0.963129
0.993705
0.901978
0.886691
0.917266
0.963129
0.932554
0.978417
0.917266
0.917266
0.932554
0.932554
1.02428
1.00899
1.05486
0.993705
0.963129
0.932554
0.932554
0.871403
0.82554
0.749101
0.718525
0.810252
0.810252
0.82554
0.749101
0.703237
0.718525
0.703237
0.810252
0.871403
0.886691
0.871403
0.794964
0.764388
0.779676
0.794964
0.749101
0.764388
0.82554
0.794964
0.810252
0.749101
0.794964
0.794964
0.810252
0.779676
0.749101
0.733813
0.749101
0.810252
0.856115
0.856115
0.749101
0.764388
0.733813
0.68795
0.794964
0.871403
0.840827
0.886691
0.932554
0.871403
0.947842
0.993705
0.932554
0.932554
0.963129
0.947842
0.901978
0.917266
0.947842
0.993705
0.993705
0.901978
0.901978
0.901978
0.856115
0.978417
0.993705
0.963129
0.947842
0.917266
0.871403
0.871403
0.886691
0.886691
0.886691
0.901978
0.901978
0.947842
0.978417
0.917266
0.932554
0.886691
0.886691
0.947842
0.963129
0.963129
0.978417
0.840827
0.963129
0.917266
0.963129
0.947842
0.963129
0.978417
1.07014
1.16187
1.16187
1.22302
1.17716
1.22302
1.16187
1.14658
1.07014
1.05486
1.02428
1.00899
0.993705
1.08543
1.10072
1.02428
0.963129
0.993705
0.993705
0.993705
0.871403
0.886691
0.82554
0.764388
0.794964
0.871403
0.901978
0.993705
0.978417
0.978417
0.917266
0.932554
1.00899
1.00899
1.03957
0.978417
0.932554
0.963129
0.947842
0.901978
0.947842
0.947842
1.00899
0.993705
0.993705
0.917266
0.993705
0.947842
0.947842
1.00899
0.963129
0.871403
0.871403
0.947842
1.00899
1.05486
1.10072
1.05486
0.993705
1.02428
0.963129
0.978417
0.947842
1.00899
1.02428
1.07014
1.05486
1.07014
1.10072
1.14658
1.08543
0.963129
1.02428
1.02428
0.978417
1.02428
1.11601
1.07014
0.932554
0.886691
0.901978
0.886691
0.779676
0.856115
0.901978
0.901978
1.02428
1.05486
1.13129
1.00899
0.978417
0.963129
0.993705
0.901978
0.978417
1.00899
1.11601
1.11601
1.07014
0.947842
0.917266
0.886691
0.871403
0.856115
0.856115
0.978417
0.993705
1.03957
1.05486
1.00899
0.932554
0.917266
0.901978
0.856115
0.82554
0.856115
0.886691
0.917266
0.978417
0.947842
0.978417
1.00899
1.03957
1.00899
0.993705
1.07014
1.16187
1.13129
1.13129
1.03957
0.917266
0.993705
1.05486
1.07014
1.14658
1.10072
1.05486
1.05486
1.11601
1.02428
0.978417
1.00899
1.00899
1.02428
1.02428
1.11601
1.14658
1.07014
1.11601
1.02428
1.03957
1.07014
1.07014
1.03957
0.932554
0.810252
0.749101
0.810252
0.733813
0.749101
0.810252
0.764388
0.810252
0.840827
0.82554
0.901978
0.886691
0.886691
0.901978
0.901978
0.963129
1.03957
1.00899
1.10072
1.03957
0.993705
0.993705
0.932554
0.993705
0.917266
0.901978
0.947842
1.03957
0.993705
1.05486
1.00899
1.05486
0.993705
1.08543
1.16187
1.13129
1.08543
1.14658
1.17716
1.16187
1.13129
1.13129
1.16187
1.13129
1.05486
0.932554
0.947842
1.02428
1.02428
1.00899
0.871403
0.886691
0.963129
0.963129
0.993705
1.05486
1.17716
1.16187
1.02428
0.993705
1.03957
0.978417
1.03957
1.03957
1.02428
1.00899
0.978417
0.978417
1.02428
1.00899
1.00899
0.963129
1.03957
0.978417
0.963129
0.947842
0.886691
0.917266
0.901978
0.886691
0.794964
0.779676
0.840827
0.856115
0.82554
0.82554
0.840827
0.764388
0.840827
0.947842
1.03957
0.993705
0.993705
1.02428
1.05486
1.10072
1.10072
1.16187
1.20773
1.28417
1.29946
1.14658
1.11601
1.03957
1.07014
1.13129
1.10072
1.10072
1.02428
0.978417
1.08543
1.10072
1.07014
1.03957
1.02428
0.963129
1.02428
1.00899
1.07014
1.11601
1.19245
1.19245
1.14658
1.16187
1.20773
1.10072
1.11601
0.932554
1.05486
1.07014
1.19245
1.2536
1.33004
1.33004
1.3759
1.36061
1.31475
1.17716
1.2536
1.23831
1.19245
1.14658
1.07014
0.993705
0.993705
0.947842
0.901978
0.901978
0.978417
0.840827
0.82554
0.856115
0.917266
0.871403
0.840827
0.82554
0.917266
0.840827
0.932554
1.00899
1.03957
1.02428
1.11601
1.14658
1.17716
1.10072
1.08543
1.02428
1.07014
1.05486
1.07014
1.08543
1.02428
0.963129
1.03957
1.05486
1.10072
1.08543
1.03957
1.05486
1.03957
1.03957
1.10072
1.13129
1.17716
1.16187
1.20773
1.22302
1.2536
1.22302
1.28417
1.22302
1.17716
1.13129
1.05486
0.978417
0.963129
1.03957
1.03957
1.07014
1.05486
0.963129
0.917266
0.947842
0.917266
0.901978
0.840827
0.840827
0.82554
0.886691
0.871403
0.856115
0.901978
0.963129
1.03957
1.03957
1.03957
0.901978
0.886691
0.917266
0.886691
0.901978
0.963129
0.978417
0.963129
0.932554
0.932554
0.963129
0.932554
0.871403
0.993705
1.07014
0.993705
1.00899
1.08543
1.07014
1.08543
1.03957
1.13129
1.17716
1.16187
1.13129
1.19245
1.13129
1.16187
1.11601
1.07014
1.13129
1.00899
0.947842
1.00899
0.947842
0.947842
0.917266
0.947842
0.917266
0.886691
0.886691
0.856115
0.82554
0.840827
0.901978
0.856115
0.749101
0.794964
0.840827
0.963129
0.993705
1.05486
1.14658
1.10072
1.11601
1.02428
1.08543
1.02428
1.02428
1.08543
1.13129
1.14658
1.08543
0.993705
1.07014
1.10072
0.978417
0.993705
1.02428
1.02428
0.978417
1.02428
1.13129
1.20773
1.23831
1.20773
1.20773
1.19245
1.20773
1.29946
1.23831
1.17716
1.14658
1.19245
1.05486
0.993705
0.947842
0.917266
0.947842
0.886691
0.932554
1.02428
1.08543
1.07014
1.14658
1.23831
1.2536
1.28417
1.26888
1.34532
1.22302
1.20773
1.22302
1.23831
1.16187
1.14658
1.07014
1.07014
0.978417
1.02428
0.978417
0.978417
0.901978
0.947842
1.03957
1.00899
1.03957
0.978417
0.963129
0.901978
0.901978
0.917266
0.947842
0.963129
1.05486
1.10072
1.10072
1.05486
1.08543
1.07014
1.10072
1.14658
1.16187
1.16187
1.08543
0.963129
0.993705
0.932554
0.82554
0.856115
0.82554
0.764388
0.749101
0.871403
0.871403
0.932554
0.963129
1.03957
1.02428
1.02428
1.03957
0.978417
1.00899
1.07014
1.07014
1.03957
1.03957
0.993705
1.02428
1.03957
1.02428
1.02428
1.00899
0.978417
0.963129
0.917266
0.963129
0.993705
1.02428
1.13129
1.14658
1.14658
1.14658
1.13129
1.14658
1.22302
1.19245
1.19245
1.19245
1.11601
1.10072
1.10072
1.11601
1.05486
0.963129
0.993705
0.932554
0.978417
0.947842
0.993705
1.00899
0.963129
1.03957
1.02428
0.978417
0.901978
0.963129
0.871403
0.886691
0.856115
0.901978
0.901978
0.886691
0.947842
0.947842
1.05486
1.00899
1.00899
1.13129
0.993705
0.963129
0.947842
0.963129
0.886691
0.963129
0.901978
0.978417
0.963129
0.901978
0.901978
0.917266
0.932554
0.963129
1.07014
1.07014
1.11601
1.05486
1.07014
1.16187
1.19245
1.28417
1.20773
1.17716
1.17716
1.14658
1.13129
1.16187
1.08543
1.07014
1.07014
1.05486
1.02428
0.932554
0.978417
1.11601
1.16187
1.14658
1.16187
1.16187
1.19245
1.17716
1.17716
1.14658
1.14658
1.08543
1.02428
1.00899
1.13129
1.20773
1.19245
1.17716
1.20773
1.20773
1.16187
1.14658
1.16187
1.14658
1.07014
1.03957
0.963129
0.932554
0.932554
0.871403
0.856115
0.886691
0.871403
0.901978
0.932554
0.963129
0.978417
0.932554
1.05486
1.08543
1.02428
1.05486
1.00899
0.932554
0.856115
0.917266
0.932554
0.917266
0.993705
1.05486
1.05486
1.10072
1.10072
1.10072
1.23831
1.29946
1.2536
1.16187
1.23831
1.22302
1.29946
1.2536
1.22302
1.11601
1.10072
1.03957
1.05486
1.00899
1.02428
1.07014
1.03957
1.10072
1.05486
1.10072
1.07014
1.08543
1.03957
1.02428
0.978417
0.978417
1.03957
1.02428
1.10072
1.10072
1.14658
1.17716
1.13129
1.11601
1.19245
1.10072
1.03957
0.993705
1.07014
1.13129
1.13129
1.17716
1.19245
1.20773
1.13129
1.14658
1.13129
1.17716
1.10072
1.19245
1.36061
1.43705
1.40647
1.34532
1.34532
1.26888
1.20773
1.19245
1.10072
1.11601
1.16187
1.14658
1.08543
1.03957
0.932554
0.917266
0.963129
0.963129
0.886691
0.917266
0.932554
0.978417
1.05486
0.993705
1.00899
0.947842
1.03957
1.00899
1.07014
1.10072
1.16187
1.14658
1.11601
1.14658
1.10072
1.07014
1.03957
1.08543
1.05486
1.11601
1.16187
1.11601
1.13129
1.17716
1.22302
1.20773
1.11601
1.05486
1.00899
0.978417
1.02428
0.978417
0.917266
0.947842
0.871403
0.947842
1.02428
1.03957
1.05486
0.932554
0.856115
0.963129
0.901978
0.947842
0.963129
0.932554
0.932554
0.978417
0.993705
1.02428
0.993705
1.02428
1.08543
1.11601
1.16187
1.19245
1.08543
1.11601
1.19245
1.13129
1.05486
1.08543
1.17716
1.19245
1.17716
1.20773
1.14658
1.10072
1.05486
1.05486
1.07014
1.11601
1.26888
1.2536
1.22302
1.16187
1.10072
1.05486
1.02428
0.947842
0.840827
0.917266
0.886691
0.794964
0.840827
0.840827
0.932554
0.886691
0.82554
0.856115
0.840827
0.840827
0.901978
0.840827
0.886691
0.947842
0.993705
0.963129
0.947842
0.901978
0.886691
0.871403
0.810252
0.764388
0.82554
0.82554
0.82554
0.82554
0.82554
0.856115
0.901978
0.810252
0.840827
0.901978
0.917266
1.02428
1.07014
1.14658
1.13129
1.16187
1.16187
1.19245
1.23831
1.29946
1.31475
1.26888
1.16187
1.17716
1.20773
1.16187
1.16187
1.19245
1.20773
1.26888
1.19245
1.03957
1.02428
1.02428
1.00899
1.07014
1.08543
1.07014
1.07014
0.963129
0.932554
0.947842
0.978417
0.963129
0.886691
0.856115
0.840827
0.840827
0.886691
0.993705
0.978417
0.947842
0.978417
0.932554
0.947842
0.932554
0.917266
0.963129
0.947842
0.886691
0.917266
0.947842
1.02428
1.05486
0.993705
1.05486
1.11601
1.07014
1.00899
0.947842
0.993705
1.08543
1.02428
1.02428
1.03957
0.993705
0.993705
0.978417
1.07014
1.03957
0.993705
0.963129
0.978417
1.07014
1.03957
1.08543
1.08543
1.10072
1.03957
0.978417
1.02428
1.02428
0.978417
0.963129
0.917266
1.02428
1.05486
1.05486
1.03957
0.978417
0.978417
0.947842
1.00899
1.02428
1.05486
1.00899
1.05486
1.11601
1.11601
1.14658
1.11601
1.14658
1.20773
1.16187
1.20773
1.26888
1.2536
1.19245
1.05486
1.07014
1.05486
1.08543
1.11601
1.05486
1.10072
1.02428
0.947842
0.947842
1.02428
1.02428
1.05486
1.08543
1.05486
1.03957
1.03957
1.13129
1.17716
1.14658
1.16187
1.02428
0.978417
0.978417
0.932554
0.947842
0.917266
1.00899
0.978417
1.07014
1.08543
1.14658
1.19245
1.23831
1.2536
1.2536
1.20773
1.19245
1.17716
1.17716
1.2536
1.17716
1.20773
1.22302
1.10072
1.08543
1.11601
1.08543
1.02428
1.00899
1.00899
0.978417
0.947842
0.917266
0.901978
0.901978
0.886691
0.871403
0.82554
0.810252
0.840827
0.886691
0.901978
0.917266
0.932554
0.932554
0.779676
0.779676
0.672662
0.657374
0.703237
0.810252
0.779676
0.779676
0.917266
0.993705
0.947842
0.917266
0.963129
0.917266
0.886691
0.932554
0.886691
0.947842
0.947842
0.963129
1.05486
0.993705
0.901978
0.901978
0.901978
0.856115
0.856115
0.901978
1.02428
1.00899
0.963129
0.856115
0.794964
0.779676
0.82554
0.871403
0.947842
0.932554
0.932554
0.932554
0.917266
0.932554
0.947842
0.901978
0.856115
0.840827
0.82554
0.779676
0.733813
0.733813
0.840827
0.947842
1.07014
1.10072
1.13129
1.08543
1.03957
1.00899
0.978417
1.08543
1.10072
1.07014
1.11601
1.10072
1.14658
1.08543
1.16187
1.19245
1.26888
1.17716
1.13129
1.11601
1.10072
1.11601
1.19245
1.02428
0.917266
0.886691
0.932554
0.963129
0.993705
1.07014
1.11601
1.14658
1.08543
0.963129
0.886691
0.871403
0.82554
0.810252
0.856115
0.779676
0.840827
0.901978
0.871403
0.947842
0.901978
0.886691
0.856115
0.810252
0.840827
0.886691
0.871403
0.917266
0.978417
0.947842
0.947842
0.978417
0.947842
0.856115
0.82554
0.856115
0.810252
0.901978
0.901978
0.978417
0.886691
0.871403
0.856115
0.794964
0.810252
0.779676
0.840827
0.901978
0.963129
1.02428
1.07014
1.16187
1.13129
1.14658
1.13129
1.14658
1.11601
1.10072
1.03957
1.07014
1.13129
1.10072
1.07014
1.07014
1.05486
1.03957
1.00899
1.03957
0.978417
1.03957
1.02428
0.917266
0.978417
1.10072
1.14658
1.08543
1.02428
1.02428
1.03957
1.02428
0.963129
0.917266
0.917266
0.932554
0.963129
1.02428
1.02428
1.03957
1.03957
1.08543
1.11601
1.07014
1.05486
1.03957
1.03957
0.993705
1.02428
0.978417
0.978417
0.978417
0.932554
0.886691
0.901978
0.871403
0.901978
0.810252
0.794964
0.779676
0.856115
0.871403
0.871403
0.871403
0.871403
0.871403
0.901978
0.871403
0.871403
0.901978
0.901978
0.932554
0.993705
0.932554
0.963129
0.932554
0.871403
0.856115
0.932554
0.886691
0.978417
1.00899
1.02428
1.03957
1.05486
0.963129
0.963129
0.993705
0.917266
0.947842
0.963129
0.947842
0.963129
0.947842
0.963129
1.03957
1.03957
0.993705
0.963129
0.932554
0.856115
0.886691
0.917266
0.978417
0.917266
0.932554
0.886691
0.871403
0.82554
0.840827
0.779676
0.764388
0.764388
0.68795
0.779676
0.794964
0.840827
0.963129
0.978417
1.02428
0.963129
0.947842
0.978417
0.978417
0.993705
0.963129
0.993705
0.917266
0.886691
0.886691
0.947842
0.932554
0.917266
0.82554
0.779676
0.810252
0.840827
0.886691
0.947842
0.932554
0.886691
0.932554
0.947842
0.963129
1.02428
1.02428
0.963129
0.947842
0.993705
1.05486
1.05486
1.07014
1.02428
0.917266
0.810252
0.82554
0.840827
0.764388
0.749101
0.779676
0.886691
0.886691
0.840827
0.840827
0.749101
0.764388
0.794964
0.810252
0.840827
0.82554
0.840827
0.840827
0.871403
0.764388
0.901978
0.886691
0.932554
0.963129
0.932554
0.932554
0.917266
0.856115
0.810252
0.794964
0.871403
0.947842
0.978417
0.963129
1.05486
1.02428
1.03957
1.03957
1.08543
1.02428
1.10072
1.07014
1.07014
1.05486
1.07014
0.993705
0.947842
0.901978
0.978417
0.932554
0.963129
0.871403
0.810252
0.871403
0.871403
0.82554
0.82554
0.886691
0.856115
0.947842
0.947842
0.978417
0.932554
0.963129
0.978417
0.947842
0.932554
0.947842
0.794964
0.779676
0.749101
0.840827
0.947842
1.02428
1.00899
1.08543
1.07014
1.19245
