0.851459
0.892993
0.934528
1.0799
1.10067
1.12143
1.16297
1.18374
1.12143
1.0176
1.03836
1.0176
1.0799
1.0799
1.12143
1.0799
0.955295
0.872226
0.851459
0.76839
0.830691
0.913761
0.892993
0.913761
0.955295
0.892993
0.934528
0.934528
0.892993
0.892993
0.809924
0.76839
0.872226
0.830691
0.913761
0.934528
0.913761
0.934528
0.892993
0.976062
0.934528
0.976062
0.955295
0.913761
1.05913
1.0176
1.12143
1.12143
1.0799
1.05913
0.934528
0.955295
0.892993
0.892993
0.976062
0.99683
0.976062
0.976062
1.05913
1.0176
1.05913
1.0176
1.03836
1.0799
1.03836
0.955295
0.872226
0.892993
0.851459
0.851459
0.955295
0.955295
0.830691
0.851459
0.913761
0.892993
0.934528
1.03836
1.0799
1.16297
1.18374
1.28757
1.30834
1.32911
1.34987
1.30834
1.28757
1.22527
1.1422
1.16297
1.24604
1.28757
1.32911
1.34987
1.30834
1.28757
1.16297
1.16297
1.03836
1.0176
0.99683
0.892993
0.892993
0.872226
0.934528
0.934528
1.03836
0.976062
0.955295
0.955295
0.976062
0.976062
0.892993
0.913761
0.830691
0.872226
0.892993
0.913761
0.830691
0.892993
0.913761
0.934528
0.955295
0.976062
1.0799
1.05913
1.0176
1.10067
1.1422
1.03836
1.03836
1.03836
1.03836
0.99683
0.976062
0.913761
0.851459
0.872226
0.955295
1.0176
0.955295
1.0176
1.0176
1.0799
1.10067
1.0799
1.03836
1.05913
1.05913
0.955295
1.0176
0.99683
0.99683
1.0176
1.03836
1.1422
1.12143
1.10067
1.12143
1.16297
1.12143
1.10067
1.0799
1.10067
1.12143
1.2045
1.2045
1.16297
1.1422
1.16297
1.22527
1.30834
1.34987
1.30834
1.30834
1.32911
1.32911
1.30834
1.2668
1.2045
1.22527
1.18374
1.24604
1.2045
1.12143
1.1422
1.16297
1.2045
1.2045
1.2045
1.18374
1.22527
1.16297
1.2045
1.2045
1.1422
1.1422
1.18374
1.18374
1.12143
1.0799
1.03836
1.0799
1.12143
1.1422
1.05913
1.10067
1.03836
1.05913
1.0799
1.10067
1.2045
1.1422
1.18374
1.1422
1.22527
1.2045
1.22527
1.34987
1.34987
1.43294
1.45371
1.51601
1.37064
1.45371
1.39141
1.39141
1.34987
1.34987
1.37064
1.34987
1.28757
1.41218
1.43294
1.32911
1.10067
1.12143
1.16297
1.16297
1.12143
1.03836
1.03836
1.0176
0.913761
0.934528
1.05913
1.18374
1.22527
1.16297
1.1422
1.16297
1.2045
1.32911
1.32911
1.32911
1.24604
1.18374
1.10067
1.10067
1.24604
1.12143
1.18374
1.0799
1.03836
1.0176
1.0799
1.16297
1.12143
1.10067
1.2045
1.28757
1.28757
1.24604
1.32911
1.22527
1.05913
0.955295
0.99683
0.976062
0.976062
0.955295
0.976062
0.892993
1.03836
1.0176
1.0176
0.99683
0.955295
0.830691
0.913761
0.955295
0.976062
1.0176
1.0176
1.0799
1.0799
1.18374
1.12143
1.16297
1.18374
1.18374
1.2668
1.1422
1.1422
1.1422
1.0176
0.976062
0.99683
1.0176
1.0799
1.16297
1.16297
1.22527
1.22527
1.18374
1.10067
1.12143
1.0799
1.12143
1.0176
1.03836
1.0176
0.99683
0.976062
0.955295
0.892993
0.99683
0.913761
0.934528
0.851459
0.892993
0.955295
0.99683
1.0176
1.0799
1.05913
1.03836
1.0176
0.892993
0.872226
0.830691
0.809924
0.892993
0.913761
0.872226
0.955295
0.99683
0.99683
0.913761
0.934528
0.955295
0.976062
0.976062
0.872226
0.747622
0.726855
0.76839
0.851459
0.872226
0.934528
0.892993
0.892993
0.913761
0.976062
0.892993
0.934528
0.955295
0.99683
0.99683
1.03836
0.976062
0.934528
0.892993
0.851459
0.872226
0.830691
0.892993
0.955295
0.976062
0.955295
0.851459
0.934528
0.872226
0.872226
0.913761
0.934528
0.913761
0.955295
1.0176
0.934528
0.99683
0.955295
0.913761
0.934528
0.934528
0.934528
0.99683
1.0176
0.99683
1.0176
0.934528
0.99683
0.976062
0.934528
0.76839
0.747622
0.664553
0.726855
0.706088
0.789157
0.747622
0.76839
0.851459
0.913761
0.913761
0.913761
0.99683
1.03836
1.03836
0.99683
0.955295
0.934528
0.851459
0.747622
0.76839
0.809924
0.809924
0.851459
0.892993
0.851459
0.851459
0.955295
0.955295
0.934528
0.872226
0.955295
0.913761
0.913761
0.99683
1.0176
1.12143
1.12143
1.12143
1.12143
1.0799
1.10067
1.05913
1.03836
1.0799
1.0799
1.05913
1.03836
1.05913
1.12143
1.18374
1.24604
1.2668
1.28757
1.24604
1.16297
1.18374
1.10067
1.12143
1.0176
0.955295
0.976062
1.0176
1.10067
1.12143
1.12143
1.1422
1.1422
1.10067
1.10067
1.18374
1.1422
1.10067
1.03836
0.99683
0.934528
0.934528
0.955295
0.913761
0.934528
0.934528
1.0176
0.955295
0.976062
0.913761
0.872226
0.789157
0.851459
0.851459
0.913761
0.934528
0.913761
0.872226
0.872226
0.892993
0.872226
0.955295
1.05913
1.03836
1.0176
1.12143
1.16297
1.22527
1.22527
1.22527
1.12143
1.10067
1.03836
1.16297
1.12143
1.10067
1.1422
1.1422
1.1422
1.0799
1.1422
1.16297
1.05913
1.03836
1.10067
1.10067
1.05913
1.12143
0.976062
0.913761
0.851459
0.913761
0.872226
0.872226
0.892993
0.809924
0.934528
0.892993
0.892993
1.0176
1.10067
1.0799
1.12143
1.05913
0.955295
1.03836
0.976062
1.0176
1.03836
1.0799
1.0176
0.934528
0.830691
0.76839
0.726855
0.747622
0.789157
0.789157
0.809924
0.747622
0.809924
0.789157
0.809924
0.872226
0.830691
0.830691
0.872226
0.913761
0.872226
0.955295
0.955295
0.913761
0.955295
0.99683
0.99683
0.99683
1.03836
0.99683
0.955295
0.99683
0.99683
0.955295
0.955295
0.872226
0.99683
1.0799
1.16297
1.24604
1.28757
1.28757
1.30834
1.1422
1.1422
1.0799
1.0176
1.03836
1.05913
1.05913
1.0799
1.16297
1.0799
1.03836
0.976062
0.934528
0.872226
0.789157
0.830691
0.851459
0.830691
0.830691
0.789157
0.789157
0.830691
0.830691
0.706088
0.664553
0.623019
0.726855
0.747622
0.789157
0.789157
0.664553
0.789157
0.747622
0.68532
0.726855
0.726855
0.623019
0.664553
0.76839
0.747622
0.809924
0.851459
0.934528
0.892993
1.0176
0.913761
0.892993
0.892993
0.955295
0.892993
0.976062
0.913761
0.872226
0.830691
0.913761
0.934528
1.03836
1.0176
1.03836
1.03836
1.0799
1.16297
1.10067
1.12143
1.10067
1.1422
1.1422
1.05913
1.05913
1.0799
0.99683
0.99683
0.934528
0.872226
0.913761
1.0799
1.03836
1.03836
1.0799
0.955295
0.913761
0.913761
0.955295
0.809924
0.809924
0.872226
0.99683
1.0799
1.0176
0.976062
0.913761
0.830691
0.809924
0.892993
0.789157
0.851459
0.934528
0.99683
1.03836
0.892993
0.872226
0.830691
0.789157
0.830691
0.934528
0.872226
0.955295
0.99683
0.934528
0.913761
0.892993
0.872226
0.872226
0.872226
0.892993
0.809924
0.76839
0.706088
0.76839
0.830691
0.830691
0.955295
1.05913
1.0176
1.12143
0.934528
0.934528
0.913761
0.851459
0.892993
0.830691
0.934528
0.913761
0.913761
0.976062
0.913761
0.892993
0.913761
0.913761
0.934528
0.99683
0.955295
1.10067
1.03836
1.1422
1.10067
0.892993
1.0176
1.0176
1.05913
1.10067
1.10067
1.18374
1.1422
1.1422
1.1422
1.24604
1.28757
1.2668
1.2045
1.2045
1.1422
1.10067
1.0799
1.03836
0.976062
0.955295
0.955295
0.955295
1.03836
1.12143
1.1422
0.99683
0.976062
1.0176
0.99683
0.976062
0.913761
0.934528
0.913761
0.872226
0.872226
0.892993
0.851459
0.76839
0.851459
0.830691
0.747622
0.789157
0.789157
0.789157
0.872226
0.809924
0.789157
0.872226
0.955295
0.955295
0.976062
0.934528
0.913761
0.851459
0.851459
0.955295
0.976062
1.0799
0.976062
0.851459
0.809924
0.789157
0.809924
0.76839
0.851459
0.809924
0.809924
0.789157
0.726855
0.789157
0.830691
0.851459
0.747622
0.789157
0.747622
0.892993
1.03836
1.10067
1.12143
1.03836
1.1422
1.16297
1.1422
1.05913
1.05913
0.955295
1.05913
0.976062
0.934528
0.934528
1.05913
0.955295
0.955295
0.913761
0.892993
0.913761
0.99683
0.913761
0.851459
0.789157
0.851459
0.809924
0.809924
0.872226
0.99683
1.03836
0.99683
0.99683
1.03836
0.976062
0.976062
1.03836
0.99683
0.99683
0.955295
0.872226
0.872226
0.76839
0.76839
0.809924
0.830691
0.789157
0.789157
0.789157
0.706088
0.789157
0.809924
0.851459
0.913761
0.99683
1.05913
1.03836
1.0176
1.0176
0.913761
0.809924
0.76839
0.830691
0.934528
0.99683
0.892993
0.976062
0.976062
0.872226
0.851459
0.892993
0.913761
0.976062
0.99683
0.99683
0.934528
1.05913
0.934528
0.913761
0.892993
0.976062
0.99683
0.99683
0.99683
0.976062
1.0176
0.976062
1.0176
0.99683
0.976062
0.934528
0.99683
0.934528
0.851459
0.726855
0.747622
0.809924
0.830691
0.892993
0.913761
0.913761
0.955295
0.955295
0.99683
1.10067
1.12143
1.05913
1.03836
1.0176
1.10067
1.12143
1.0176
1.10067
1.12143
1.05913
1.03836
1.03836
1.03836
0.976062
1.0799
1.10067
1.03836
1.0799
1.0799
1.0176
1.0799
1.12143
1.10067
1.03836
1.05913
1.22527
1.12143
1.10067
1.10067
0.99683
1.0176
0.976062
0.955295
0.99683
1.0176
0.99683
0.892993
0.913761
0.872226
0.955295
0.99683
0.913761
0.99683
0.955295
0.913761
0.976062
0.99683
0.955295
0.913761
0.955295
0.934528
0.976062
0.955295
0.955295
1.0176
0.934528
0.934528
1.03836
1.03836
0.934528
0.955295
0.955295
0.851459
0.830691
0.872226
0.830691
0.851459
0.872226
0.872226
0.913761
0.851459
0.851459
0.809924
0.830691
0.851459
0.892993
0.851459
0.913761
0.851459
0.789157
0.851459
0.809924
0.830691
0.851459
0.872226
0.913761
0.830691
0.726855
0.623019
0.747622
0.789157
0.76839
0.809924
0.934528
0.913761
0.913761
0.892993
0.851459
0.851459
0.809924
0.851459
0.913761
0.913761
0.76839
0.892993
0.934528
0.789157
0.851459
0.934528
0.934528
0.913761
0.99683
1.05913
0.99683
1.0799
1.2045
1.18374
1.18374
1.12143
0.934528
0.872226
0.809924
0.809924
0.789157
0.789157
0.851459
0.976062
0.955295
1.10067
1.12143
1.03836
1.12143
1.16297
1.24604
1.0799
1.0799
1.03836
1.05913
1.1422
1.18374
1.18374
1.24604
1.24604
1.18374
1.10067
1.05913
1.12143
1.05913
1.03836
1.05913
0.892993
0.913761
0.830691
0.789157
0.76839
0.643786
0.68532
0.706088
0.68532
0.68532
0.809924
0.809924
0.872226
0.934528
0.955295
0.99683
0.976062
0.99683
0.99683
0.913761
0.976062
0.934528
0.892993
0.99683
0.892993
0.913761
0.892993
0.955295
0.955295
0.789157
0.76839
0.726855
0.664553
0.68532
0.581484
0.581484
0.664553
0.664553
0.706088
0.872226
0.892993
0.934528
0.934528
0.913761
0.851459
0.789157
0.809924
0.830691
0.830691
0.830691
0.892993
0.809924
0.789157
0.789157
0.747622
0.726855
0.76839
0.851459
0.726855
0.664553
0.643786
0.643786
0.68532
0.68532
0.664553
0.789157
0.726855
0.76839
0.892993
0.976062
0.892993
0.851459
0.830691
0.789157
0.872226
0.809924
0.830691
0.934528
0.934528
0.934528
0.955295
1.03836
0.913761
0.976062
0.934528
0.955295
0.99683
1.10067
0.99683
1.05913
1.0799
1.03836
0.99683
0.976062
0.913761
0.809924
0.851459
0.789157
0.789157
0.892993
0.851459
0.76839
0.643786
0.664553
0.664553
0.747622
0.76839
0.76839
0.706088
0.664553
0.664553
0.643786
0.664553
0.664553
0.747622
0.76839
0.726855
0.68532
0.789157
0.851459
0.892993
0.934528
0.872226
0.851459
0.747622
0.747622
0.726855
0.76839
0.76839
0.851459
0.892993
0.913761
0.934528
0.892993
0.892993
0.892993
0.913761
0.955295
1.10067
1.10067
1.05913
1.03836
0.913761
0.934528
0.892993
0.892993
0.872226
0.851459
0.830691
0.809924
0.809924
0.872226
0.830691
0.830691
0.809924
0.809924
0.747622
0.726855
0.872226
0.892993
0.892993
0.976062
1.03836
1.05913
1.10067
0.976062
0.934528
1.0176
1.12143
1.1422
1.1422
1.22527
1.10067
1.03836
0.99683
1.03836
1.12143
1.10067
1.2668
1.24604
1.28757
1.22527
1.30834
1.28757
1.28757
1.30834
1.30834
1.2668
1.24604
1.24604
1.1422
1.0799
0.955295
1.0176
0.955295
0.955295
0.955295
0.913761
0.99683
0.99683
1.0176
1.0176
0.955295
0.892993
0.976062
0.934528
0.99683
1.0176
0.99683
0.955295
1.03836
1.0176
1.0799
1.1422
1.05913
1.0799
1.0176
0.913761
0.934528
0.851459
0.892993
0.892993
0.830691
0.809924
0.726855
0.623019
0.664553
0.809924
0.872226
0.830691
0.913761
0.976062
1.1422
1.1422
1.18374
1.16297
1.0799
1.05913
1.0799
1.0799
1.12143
0.913761
0.913761
0.892993
0.892993
0.809924
0.872226
0.830691
0.830691
0.851459
0.892993
0.789157
0.913761
0.934528
0.809924
0.76839
0.76839
0.706088
0.76839
0.789157
0.892993
0.934528
1.03836
1.10067
1.1422
1.05913
1.1422
1.1422
1.0799
1.03836
1.0176
1.0799
1.1422
1.05913
1.05913
1.05913
1.0176
0.955295
1.12143
1.03836
0.955295
0.955295
0.934528
0.872226
0.99683
0.99683
1.03836
1.03836
0.955295
0.809924
0.809924
0.789157
0.76839
0.892993
0.934528
0.872226
0.872226
0.955295
0.913761
0.913761
1.12143
1.22527
1.30834
1.37064
1.37064
1.2045
1.28757
1.2045
1.16297
1.05913
1.03836
1.0799
1.18374
1.0799
1.1422
1.12143
1.12143
1.0799
1.03836
0.955295
0.955295
1.0176
1.03836
0.955295
0.976062
1.05913
0.934528
0.872226
0.809924
0.747622
0.643786
0.68532
0.809924
0.726855
0.726855
0.76839
0.747622
0.643786
0.809924
0.76839
0.913761
0.892993
0.872226
0.934528
0.955295
0.955295
0.872226
0.851459
0.851459
0.76839
0.789157
0.789157
0.830691
0.789157
0.830691
0.809924
0.809924
0.892993
0.892993
0.830691
0.747622
0.872226
0.872226
0.934528
0.99683
0.934528
0.934528
0.934528
0.976062
1.03836
0.976062
0.934528
0.976062
0.99683
0.99683
0.976062
0.892993
0.892993
0.913761
0.892993
0.913761
0.955295
0.955295
0.934528
0.913761
0.934528
0.955295
0.955295
0.913761
0.99683
1.0799
1.16297
1.16297
1.18374
1.1422
1.16297
1.10067
1.16297
1.03836
1.0176
1.05913
1.03836
0.892993
0.913761
0.789157
0.76839
0.809924
0.872226
0.809924
0.872226
0.872226
0.934528
0.99683
0.955295
0.955295
1.0176
1.03836
1.12143
1.2045
1.05913
0.955295
0.955295
0.892993
0.892993
0.872226
0.851459
0.913761
0.934528
0.934528
0.913761
0.955295
0.934528
0.955295
0.892993
0.892993
0.892993
0.976062
1.0799
0.976062
0.976062
1.0176
1.10067
1.05913
1.1422
1.1422
1.16297
1.22527
1.10067
1.0799
1.1422
0.955295
0.913761
0.955295
0.934528
1.03836
1.10067
1.10067
1.2045
1.22527
1.28757
1.28757
1.34987
1.39141
1.39141
1.49524
1.43294
1.37064
1.28757
1.24604
1.0799
1.05913
1.12143
1.16297
1.12143
1.12143
1.18374
1.22527
1.2045
1.18374
1.18374
1.0176
1.0176
0.976062
1.0176
1.0176
0.99683
1.0799
0.99683
0.99683
1.05913
0.99683
0.99683
0.934528
0.99683
0.976062
1.0176
1.0799
1.16297
1.10067
1.05913
1.10067
1.12143
1.1422
1.03836
0.99683
0.976062
1.05913
1.05913
1.03836
1.05913
1.16297
1.1422
1.0176
1.1422
1.16297
1.18374
1.10067
1.1422
0.976062
0.913761
0.892993
0.955295
0.99683
0.851459
0.955295
0.955295
0.99683
0.934528
1.0176
1.0176
1.0176
1.10067
1.12143
1.12143
1.0176
1.0176
0.913761
0.913761
0.955295
0.976062
0.913761
0.934528
0.789157
0.934528
0.99683
0.913761
1.03836
0.934528
0.872226
0.830691
0.789157
0.830691
0.851459
0.789157
0.789157
0.872226
0.913761
0.913761
0.955295
1.0176
1.0176
1.0176
0.934528
0.976062
0.934528
1.0176
0.955295
0.955295
0.872226
0.851459
0.851459
0.851459
0.851459
0.830691
0.851459
0.789157
0.68532
0.664553
0.643786
0.706088
0.789157
0.934528
0.913761
0.955295
0.99683
0.99683
0.976062
0.913761
0.892993
0.851459
0.976062
0.913761
0.934528
0.99683
1.03836
1.0799
1.03836
1.0176
0.976062
0.934528
0.892993
0.913761
1.03836
0.99683
0.976062
0.955295
0.913761
0.892993
0.913761
0.872226
0.830691
0.872226
0.892993
0.976062
1.0799
0.99683
1.03836
0.955295
0.892993
0.789157
0.76839
0.830691
0.830691
0.830691
0.955295
1.0799
1.10067
0.99683
1.03836
1.03836
1.12143
1.1422
1.2045
1.2045
1.34987
1.37064
1.34987
1.24604
1.2045
1.05913
1.0799
1.03836
1.10067
1.1422
1.24604
1.22527
1.18374
1.2045
1.0799
1.1422
1.18374
1.18374
1.1422
1.05913
1.0799
0.955295
0.872226
0.934528
0.955295
1.0176
1.1422
1.05913
0.955295
0.934528
0.955295
0.892993
0.913761
0.99683
1.05913
1.0799
0.976062
0.955295
0.976062
0.955295
1.0176
0.99683
0.934528
0.934528
0.976062
0.955295
0.913761
0.913761
0.892993
0.76839
0.726855
0.872226
0.830691
0.872226
0.892993
0.851459
0.955295
1.03836
0.955295
1.0176
0.99683
0.913761
0.809924
0.76839
0.76839
0.726855
0.809924
0.830691
0.976062
0.976062
1.0799
1.03836
1.0176
1.16297
1.12143
1.03836
1.05913
0.99683
1.03836
1.03836
1.03836
0.976062
0.830691
0.955295
0.872226
0.872226
0.913761
0.976062
0.934528
0.99683
1.1422
1.12143
1.10067
1.0799
1.05913
0.99683
1.03836
1.0799
1.0176
0.976062
0.913761
0.934528
1.03836
1.05913
0.976062
1.03836
1.03836
1.05913
0.976062
0.976062
1.0176
0.934528
0.934528
0.976062
1.10067
1.0799
1.05913
1.18374
1.10067
1.0799
1.10067
1.03836
1.03836
0.934528
0.934528
0.872226
0.934528
0.976062
0.99683
0.955295
1.0799
1.03836
1.0176
1.03836
1.0176
0.99683
1.03836
1.05913
1.0799
1.12143
1.10067
1.03836
1.10067
1.22527
1.22527
1.12143
1.1422
1.03836
1.03836
1.05913
1.0799
1.03836
1.10067
1.0176
0.99683
0.99683
0.99683
0.851459
0.934528
0.934528
0.955295
0.934528
0.934528
0.830691
0.726855
0.706088
0.706088
0.68532
0.76839
0.809924
0.851459
0.913761
0.955295
0.872226
0.789157
0.76839
0.872226
0.892993
0.830691
0.892993
0.851459
0.872226
0.99683
0.976062
0.99683
0.976062
0.976062
1.05913
1.0176
1.05913
1.18374
1.18374
1.18374
1.03836
1.03836
1.0799
1.05913
1.03836
1.03836
1.0799
1.16297
1.12143
1.12143
1.10067
1.05913
0.976062
0.955295
0.99683
1.03836
1.18374
1.2045
1.2045
1.12143
1.0799
1.05913
0.976062
0.892993
0.934528
0.913761
0.934528
0.913761
0.955295
0.934528
0.913761
0.934528
1.12143
1.05913
1.03836
0.99683
0.851459
0.830691
0.892993
0.789157
0.809924
0.76839
0.809924
0.934528
1.03836
1.10067
1.0176
0.892993
0.851459
0.892993
0.913761
0.892993
0.872226
0.872226
0.955295
1.03836
1.10067
1.18374
1.1422
1.12143
0.99683
0.99683
1.0176
1.05913
1.0799
1.2045
1.18374
1.16297
1.03836
1.12143
1.12143
1.0176
0.976062
0.99683
0.851459
0.830691
0.830691
0.872226
0.955295
0.892993
0.955295
1.0176
1.03836
1.05913
1.0799
1.05913
1.0176
0.913761
0.872226
0.872226
0.934528
0.830691
0.706088
0.726855
0.747622
0.706088
0.809924
0.789157
0.747622
0.664553
0.706088
0.726855
0.76839
0.76839
0.789157
0.809924
0.872226
0.851459
0.851459
0.892993
0.976062
0.976062
0.976062
0.976062
0.934528
0.830691
0.892993
1.03836
1.05913
1.03836
1.05913
1.05913
1.03836
1.0176
0.976062
0.934528
1.10067
1.0799
1.0799
1.05913
0.976062
1.0176
1.05913
1.16297
1.12143
1.10067
1.05913
1.1422
1.10067
1.05913
1.03836
1.03836
1.05913
1.0799
1.12143
1.10067
1.10067
1.18374
1.1422
1.12143
1.05913
1.0799
1.0799
1.12143
1.0799
1.05913
1.03836
0.99683
1.03836
0.892993
0.934528
0.955295
0.934528
0.955295
0.99683
0.99683
