0.939368
0.923712
0.923712
0.939368
0.8924
0.861087
0.829775
0.861087
0.908056
0.876743
0.876743
0.939368
0.908056
0.814119
0.861087
0.876743
0.876743
0.955024
1.00199
0.8924
0.861087
0.861087
0.876743
0.908056
0.8924
0.814119
0.814119
0.8924
0.876743
0.908056
0.845431
0.8924
0.861087
0.798463
0.908056
0.939368
0.955024
0.908056
0.908056
0.861087
0.845431
0.876743
0.8924
0.908056
0.876743
0.923712
0.97068
0.97068
0.986336
1.04896
1.01765
0.939368
0.986336
0.97068
0.923712
0.8924
0.876743
0.845431
0.798463
0.876743
0.955024
0.923712
0.939368
0.845431
0.8924
0.876743
0.923712
0.782807
0.861087
0.908056
0.923712
1.00199
1.00199
0.8924
0.845431
0.829775
0.814119
0.798463
0.782807
0.861087
0.923712
1.00199
0.955024
0.939368
0.97068
0.955024
0.955024
0.939368
0.923712
1.00199
1.0333
1.00199
1.01765
1.09593
1.11159
1.09593
1.00199
1.04896
1.08027
1.09593
1.20552
1.15855
1.22118
1.22118
1.1429
1.08027
1.06462
0.955024
0.923712
0.8924
0.8924
0.939368
0.8924
0.829775
0.923712
0.845431
0.923712
0.908056
0.876743
0.829775
0.939368
1.0333
1.00199
0.97068
1.09593
1.09593
1.04896
1.0333
0.923712
0.923712
0.923712
0.908056
0.908056
1.01765
1.08027
1.09593
1.08027
1.09593
1.0333
1.01765
1.04896
1.11159
1.17421
1.25249
1.20552
1.18987
1.25249
1.18987
1.2838
1.29946
1.18987
1.23683
1.31512
1.31512
1.2838
1.31512
1.2838
1.20552
1.11159
1.06462
1.06462
0.986336
1.09593
1.12724
1.0333
1.08027
1.08027
0.986336
0.97068
1.01765
1.08027
1.11159
1.01765
0.97068
1.00199
1.09593
1.11159
1.12724
1.18987
1.20552
1.06462
1.06462
1.01765
1.01765
1.0333
1.0333
1.01765
1.12724
1.0333
1.06462
1.11159
1.15855
1.17421
1.18987
1.12724
1.11159
1.00199
1.01765
0.955024
1.01765
0.923712
1.01765
1.06462
1.08027
1.00199
1.00199
0.8924
0.845431
0.845431
0.829775
0.735838
0.735838
0.704526
0.704526
0.673214
0.735838
0.814119
0.876743
0.8924
0.861087
0.782807
0.814119
0.814119
0.908056
0.8924
0.76715
0.76715
0.751494
0.829775
0.861087
0.923712
0.955024
0.97068
1.00199
0.97068
1.01765
1.00199
0.8924
0.829775
0.814119
0.798463
0.735838
0.626245
0.641901
0.626245
0.751494
0.704526
0.720182
0.845431
0.798463
0.861087
0.876743
0.923712
0.876743
0.876743
0.814119
0.829775
0.845431
0.861087
0.908056
0.939368
0.861087
0.720182
0.751494
0.8924
0.798463
0.814119
0.782807
0.751494
0.68887
0.720182
0.735838
0.751494
0.720182
0.751494
0.720182
0.673214
0.704526
0.720182
0.673214
0.626245
0.626245
0.641901
0.673214
0.657558
0.704526
0.735838
0.751494
0.76715
0.861087
0.829775
0.829775
0.861087
0.845431
0.861087
0.751494
0.720182
0.829775
0.751494
0.782807
0.76715
0.76715
0.814119
0.782807
0.704526
0.735838
0.76715
0.845431
0.939368
1.0333
1.01765
1.04896
1.01765
0.939368
0.876743
0.8924
0.8924
0.861087
0.8924
0.986336
1.00199
1.11159
1.04896
0.8924
1.01765
0.8924
1.00199
1.00199
1.00199
1.01765
1.00199
1.00199
0.986336
0.97068
0.955024
0.876743
0.798463
0.76715
0.829775
0.861087
0.923712
0.97068
0.861087
0.751494
0.814119
0.939368
1.01765
1.0333
1.09593
1.12724
1.11159
1.17421
1.04896
0.939368
0.939368
0.8924
0.97068
0.939368
1.00199
0.97068
1.0333
1.04896
0.955024
0.923712
0.8924
0.923712
0.908056
0.876743
0.923712
0.923712
0.923712
0.955024
0.923712
0.908056
0.939368
0.8924
0.829775
0.814119
0.8924
0.845431
0.8924
0.939368
0.939368
0.955024
0.76715
0.735838
0.751494
0.751494
0.720182
0.782807
0.704526
0.673214
0.610589
0.673214
0.641901
0.626245
0.641901
0.704526
0.798463
0.908056
0.8924
0.876743
0.8924
0.908056
0.876743
0.908056
0.876743
0.955024
0.923712
1.00199
0.939368
0.939368
0.955024
0.986336
1.0333
1.00199
1.06462
1.06462
1.09593
1.06462
1.0333
1.06462
1.00199
0.97068
1.00199
0.8924
0.8924
0.8924
0.939368
0.923712
0.923712
1.01765
0.986336
0.97068
0.986336
0.923712
0.939368
0.955024
0.8924
0.814119
0.8924
0.923712
0.8924
0.955024
1.00199
1.0333
0.986336
0.8924
0.908056
0.923712
0.97068
0.923712
0.908056
0.876743
0.814119
0.704526
0.704526
0.68887
0.751494
0.704526
0.704526
0.76715
0.751494
0.68887
0.751494
0.798463
0.704526
0.845431
0.908056
0.908056
0.8924
0.861087
0.8924
0.939368
1.0333
1.04896
1.04896
1.0333
0.845431
0.8924
0.876743
0.876743
0.908056
0.814119
0.829775
0.829775
0.798463
0.829775
0.829775
0.845431
0.845431
0.861087
0.829775
0.829775
0.876743
0.876743
0.845431
0.8924
0.876743
0.8924
0.845431
1.01765
0.955024
0.986336
1.06462
1.09593
1.12724
1.17421
1.1429
1.12724
1.15855
1.15855
1.23683
1.23683
1.18987
1.1429
1.15855
1.1429
1.09593
1.01765
1.01765
1.0333
1.04896
1.0333
1.01765
0.955024
0.908056
0.939368
0.939368
0.939368
0.908056
0.908056
0.908056
0.939368
0.955024
0.986336
0.939368
0.908056
0.908056
0.908056
0.829775
0.814119
0.876743
0.845431
0.845431
0.829775
0.876743
0.798463
0.845431
0.923712
0.908056
0.876743
0.814119
0.814119
0.829775
0.76715
0.782807
0.798463
0.829775
0.829775
0.845431
0.876743
0.829775
0.845431
0.814119
0.861087
0.908056
0.923712
0.986336
1.00199
0.939368
1.04896
1.08027
1.15855
1.08027
1.09593
1.01765
1.0333
1.00199
0.939368
0.876743
0.76715
0.76715
0.76715
0.876743
0.829775
0.8924
0.861087
0.939368
0.97068
1.04896
1.06462
0.923712
0.923712
0.923712
0.955024
0.955024
0.861087
0.8924
0.814119
0.751494
0.735838
0.704526
0.876743
0.908056
0.876743
0.8924
0.923712
0.939368
0.939368
0.939368
0.955024
0.986336
0.955024
0.908056
0.923712
0.923712
0.986336
0.955024
0.845431
0.814119
0.861087
0.8924
0.97068
0.986336
1.0333
1.08027
1.0333
1.00199
0.955024
0.97068
0.861087
0.908056
0.829775
0.76715
0.814119
0.829775
0.986336
0.955024
1.00199
1.06462
0.97068
0.923712
0.908056
0.908056
0.939368
0.97068
1.00199
0.939368
0.97068
1.01765
0.955024
0.97068
0.923712
0.908056
0.845431
0.845431
0.845431
0.829775
0.923712
0.782807
0.735838
0.814119
0.829775
0.876743
0.876743
0.876743
0.908056
0.845431
0.782807
0.845431
0.845431
0.814119
0.876743
1.01765
1.00199
1.0333
0.923712
0.861087
0.8924
0.939368
0.955024
0.876743
0.8924
0.8924
0.923712
0.908056
0.876743
0.829775
0.798463
0.829775
0.798463
0.8924
0.876743
0.923712
0.923712
0.939368
0.908056
0.876743
0.8924
0.923712
1.00199
0.986336
0.8924
0.861087
0.829775
0.923712
0.955024
0.8924
0.782807
0.751494
0.68887
0.751494
0.735838
0.735838
0.751494
0.751494
0.735838
0.735838
0.782807
0.829775
0.798463
0.845431
0.829775
0.814119
0.829775
0.845431
0.939368
1.06462
1.15855
1.11159
1.09593
1.1429
1.17421
1.12724
1.1429
1.09593
1.0333
0.986336
0.986336
0.8924
0.939368
0.876743
0.861087
0.8924
0.876743
0.814119
0.8924
0.923712
0.876743
0.876743
0.876743
0.861087
0.829775
0.8924
0.97068
1.00199
1.08027
1.06462
1.12724
1.12724
1.09593
1.04896
0.986336
0.97068
0.939368
1.00199
1.00199
1.01765
1.11159
1.18987
1.0333
0.97068
0.955024
0.97068
1.00199
1.09593
0.986336
1.0333
1.11159
1.00199
0.923712
0.876743
0.876743
0.814119
0.798463
0.814119
0.845431
0.782807
0.845431
0.8924
0.908056
0.876743
0.8924
0.845431
0.751494
0.735838
0.641901
0.720182
0.76715
0.782807
0.76715
0.720182
0.68887
0.720182
0.735838
0.814119
0.8924
0.861087
0.814119
0.814119
0.798463
0.76715
0.829775
0.861087
0.829775
0.876743
0.861087
0.908056
0.908056
0.939368
1.00199
0.97068
0.939368
1.04896
0.986336
1.01765
0.97068
0.8924
0.923712
0.986336
1.04896
1.12724
1.1429
1.0333
1.04896
1.06462
0.955024
0.923712
0.861087
0.908056
0.908056
0.861087
0.876743
0.861087
0.829775
0.845431
0.814119
0.76715
0.782807
0.720182
0.845431
0.876743
0.908056
0.923712
0.876743
0.97068
1.00199
1.00199
1.00199
0.97068
0.845431
0.876743
0.876743
0.939368
0.955024
1.04896
1.0333
1.04896
1.01765
1.01765
1.04896
1.06462
1.09593
1.06462
1.09593
1.06462
1.06462
1.00199
0.986336
1.01765
1.15855
1.20552
1.11159
1.11159
1.01765
1.0333
0.97068
0.908056
0.939368
0.939368
0.986336
0.955024
0.986336
0.876743
0.861087
0.8924
0.923712
0.939368
0.8924
0.861087
0.845431
0.798463
0.814119
0.76715
0.798463
0.829775
0.814119
0.829775
0.76715
0.798463
0.76715
0.814119
0.845431
0.876743
0.986336
0.986336
1.0333
0.986336
1.0333
1.04896
0.986336
0.923712
0.97068
0.939368
0.939368
0.97068
0.939368
0.97068
0.876743
0.845431
0.814119
0.861087
0.97068
0.986336
1.11159
1.08027
0.986336
1.04896
1.01765
0.986336
0.986336
0.829775
0.861087
0.845431
0.908056
0.923712
0.955024
0.955024
0.955024
0.908056
0.923712
0.908056
0.923712
0.986336
1.00199
1.01765
1.08027
1.17421
1.2838
1.2838
1.26815
1.22118
1.20552
1.06462
1.0333
0.986336
1.06462
1.00199
1.0333
0.97068
1.04896
1.09593
1.0333
0.955024
1.00199
1.0333
1.09593
1.20552
1.20552
1.17421
1.15855
1.09593
1.11159
1.11159
1.09593
1.09593
1.20552
1.11159
1.25249
1.12724
1.09593
1.06462
0.986336
1.00199
1.01765
0.939368
0.97068
0.986336
1.0333
1.08027
1.12724
1.06462
1.09593
1.1429
1.11159
1.06462
1.09593
0.986336
1.00199
0.986336
0.97068
0.955024
1.00199
0.986336
1.0333
0.986336
0.986336
1.00199
1.06462
1.04896
1.0333
1.00199
1.00199
0.986336
1.09593
1.06462
1.11159
1.15855
1.12724
1.15855
1.09593
1.01765
1.0333
1.11159
1.06462
1.06462
1.09593
1.09593
1.08027
1.12724
1.12724
1.17421
1.1429
1.04896
1.04896
1.00199
0.986336
0.955024
1.0333
1.04896
1.01765
0.955024
0.939368
0.8924
0.845431
0.845431
0.876743
0.8924
0.97068
0.97068
1.06462
1.0333
1.06462
1.08027
1.12724
1.00199
1.08027
1.0333
1.09593
1.04896
1.04896
1.17421
1.17421
1.09593
1.1429
1.23683
1.2838
1.31512
1.22118
1.20552
1.18987
1.09593
1.12724
1.09593
1.22118
1.22118
1.20552
1.17421
1.1429
1.08027
1.04896
1.0333
1.0333
1.0333
1.09593
1.11159
1.18987
1.20552
1.09593
1.08027
1.06462
1.1429
1.09593
1.18987
1.12724
1.17421
1.15855
1.04896
0.97068
0.955024
0.939368
0.986336
0.908056
0.861087
0.923712
0.97068
0.955024
0.986336
1.11159
1.04896
1.01765
1.0333
0.97068
1.0333
1.08027
1.04896
1.06462
0.923712
1.00199
1.06462
1.06462
0.97068
0.923712
0.955024
0.97068
1.04896
1.09593
1.11159
1.0333
0.97068
0.876743
0.876743
0.939368
0.939368
0.955024
1.00199
1.06462
0.986336
1.00199
1.06462
0.955024
0.923712
0.97068
1.01765
1.0333
1.0333
1.00199
0.97068
1.00199
1.00199
1.06462
1.0333
1.00199
1.06462
1.0333
1.04896
1.09593
1.09593
1.15855
1.12724
1.0333
1.09593
0.986336
1.00199
0.986336
1.0333
1.00199
1.0333
0.955024
0.97068
0.8924
0.908056
0.939368
0.97068
0.955024
0.955024
1.06462
1.11159
1.09593
1.08027
1.11159
1.15855
1.18987
1.15855
1.09593
1.06462
1.06462
1.0333
1.0333
1.11159
1.09593
1.0333
1.08027
1.04896
1.04896
1.09593
1.06462
1.08027
1.06462
1.1429
1.1429
1.1429
1.1429
1.0333
1.0333
1.01765
1.09593
1.0333
1.04896
1.11159
1.08027
1.06462
1.09593
1.01765
1.01765
0.955024
0.876743
0.8924
0.845431
0.829775
0.8924
0.861087
0.861087
0.876743
0.939368
0.923712
0.939368
0.876743
0.861087
0.908056
0.845431
0.861087
0.876743
0.955024
0.8924
0.939368
0.876743
0.8924
0.845431
0.829775
0.829775
0.798463
0.798463
0.782807
0.829775
0.829775
0.861087
0.8924
0.8924
0.908056
0.923712
0.955024
1.01765
1.00199
0.876743
0.876743
0.939368
0.8924
0.876743
0.97068
1.0333
0.955024
0.97068
0.955024
1.00199
1.00199
0.955024
0.939368
0.876743
0.845431
0.861087
0.861087
0.8924
0.923712
0.8924
1.00199
1.06462
1.11159
1.22118
1.17421
1.1429
1.15855
1.15855
1.17421
1.18987
1.15855
1.18987
1.11159
0.923712
0.955024
1.00199
0.986336
1.06462
1.18987
1.1429
1.04896
1.04896
1.04896
1.04896
0.97068
0.908056
0.876743
0.76715
0.798463
0.782807
0.814119
0.861087
1.00199
1.06462
1.09593
1.15855
1.1429
1.12724
1.23683
1.23683
1.15855
1.12724
1.06462
1.11159
1.09593
1.08027
1.0333
0.97068
0.8924
0.923712
0.908056
0.876743
0.8924
0.876743
0.798463
0.751494
0.704526
0.76715
0.76715
0.829775
0.76715
0.720182
0.829775
0.861087
0.845431
0.876743
0.845431
0.955024
1.0333
1.04896
1.08027
1.08027
1.0333
1.0333
1.06462
1.00199
1.0333
0.923712
0.876743
0.845431
0.908056
0.939368
0.97068
1.06462
1.01765
1.01765
0.939368
1.00199
1.00199
1.04896
0.97068
0.955024
1.01765
1.00199
1.00199
1.0333
1.04896
1.06462
1.06462
1.04896
1.01765
1.0333
0.955024
0.97068
1.06462
1.09593
1.12724
1.17421
1.18987
1.15855
0.97068
0.8924
0.908056
0.861087
0.814119
0.923712
0.986336
0.97068
1.12724
1.11159
1.11159
1.12724
1.08027
1.01765
1.00199
1.00199
1.01765
1.04896
1.09593
1.00199
1.0333
1.00199
1.06462
1.12724
1.08027
1.12724
1.1429
1.17421
1.11159
1.08027
1.00199
1.00199
0.97068
1.00199
0.97068
0.97068
1.0333
1.01765
1.04896
0.97068
0.986336
0.97068
0.908056
0.8924
0.939368
0.986336
0.955024
1.01765
1.09593
1.09593
1.12724
1.20552
1.17421
1.1429
1.12724
1.17421
1.18987
1.09593
1.11159
1.15855
1.17421
1.08027
1.08027
1.01765
1.01765
1.06462
1.08027
1.04896
1.0333
0.986336
0.923712
0.908056
0.845431
0.845431
0.876743
0.876743
0.986336
0.97068
0.986336
1.08027
1.06462
1.08027
1.01765
0.986336
0.97068
0.955024
1.01765
1.06462
1.04896
1.00199
0.986336
0.908056
0.798463
0.829775
0.814119
0.829775
0.939368
0.97068
0.986336
1.06462
1.09593
1.09593
1.11159
1.18987
1.12724
1.20552
1.12724
1.17421
1.25249
1.22118
1.20552
1.23683
1.18987
1.18987
1.15855
1.06462
1.01765
1.04896
1.06462
1.09593
1.18987
1.20552
1.20552
1.25249
1.18987
1.26815
1.25249
1.29946
1.31512
1.22118
1.08027
1.11159
1.06462
1.08027
1.04896
0.97068
0.8924
0.908056
0.908056
0.939368
0.923712
0.97068
0.986336
0.97068
0.923712
1.00199
1.11159
1.0333
1.01765
0.97068
0.97068
0.829775
0.829775
0.782807
0.814119
0.923712
0.923712
0.908056
0.923712
0.845431
0.814119
0.814119
0.798463
0.908056
0.939368
1.00199
0.955024
0.923712
0.97068
1.00199
1.01765
1.01765
1.01765
0.939368
1.04896
1.01765
1.04896
1.11159
1.08027
1.08027
1.09593
1.12724
1.1429
1.09593
1.00199
1.0333
1.04896
1.01765
1.11159
0.955024
0.939368
0.955024
0.908056
0.97068
0.908056
0.908056
0.923712
0.845431
0.814119
0.8924
0.8924
0.876743
0.908056
0.861087
0.939368
1.06462
1.04896
1.00199
1.0333
1.11159
1.17421
1.15855
1.09593
1.12724
1.0333
1.00199
0.986336
0.923712
1.04896
0.986336
0.986336
0.908056
0.8924
0.908056
0.876743
0.861087
0.829775
0.814119
0.829775
0.939368
0.986336
0.97068
0.955024
0.97068
1.04896
1.01765
1.01765
1.04896
0.939368
0.923712
0.908056
0.939368
1.0333
0.97068
0.955024
0.939368
0.939368
0.939368
0.955024
1.06462
1.08027
1.06462
0.955024
0.97068
1.00199
0.923712
0.955024
0.908056
0.97068
0.876743
0.876743
0.923712
0.939368
1.00199
1.09593
1.08027
1.17421
1.08027
1.09593
1.04896
1.08027
1.00199
0.923712
0.8924
0.845431
0.814119
0.829775
0.798463
0.861087
0.861087
0.939368
0.908056
0.829775
0.923712
0.8924
0.8924
0.861087
0.814119
0.782807
0.798463
0.829775
0.798463
0.735838
0.814119
0.923712
1.00199
1.00199
0.986336
0.955024
0.97068
1.11159
1.06462
1.01765
0.97068
0.939368
0.939368
0.908056
0.923712
1.0333
1.0333
1.12724
1.17421
1.22118
1.17421
1.12724
1.1429
1.12724
1.08027
1.0333
1.04896
1.06462
1.06462
1.04896
0.986336
1.06462
0.97068
1.06462
1.0333
0.986336
1.15855
1.17421
1.20552
1.15855
1.17421
1.08027
1.00199
0.939368
0.986336
1.0333
1.06462
1.11159
1.12724
1.04896
1.0333
1.00199
0.986336
0.8924
0.8924
0.8924
0.861087
0.861087
0.908056
0.939368
0.986336
0.986336
1.06462
1.06462
1.0333
1.04896
1.0333
0.97068
1.00199
1.00199
0.955024
1.0333
1.0333
1.04896
1.04896
0.986336
1.04896
1.12724
1.17421
1.12724
1.22118
1.17421
1.09593
0.986336
1.04896
1.01765
1.09593
1.1429
1.15855
1.0333
1.09593
1.04896
1.06462
1.0333
1.09593
1.06462
1.00199
0.923712
0.908056
0.955024
0.986336
1.0333
1.09593
1.11159
1.09593
1.0333
1.04896
0.97068
0.97068
0.939368
0.861087
0.939368
1.01765
1.11159
1.18987
1.09593
1.12724
1.09593
1.01765
0.939368
0.955024
0.955024
0.829775
0.845431
0.876743
0.845431
0.798463
0.845431
0.782807
0.782807
0.814119
0.814119
0.829775
0.8924
0.955024
0.955024
1.06462
1.0333
0.955024
0.876743
0.908056
0.923712
0.814119
0.829775
0.876743
0.908056
0.908056
0.8924
0.939368
1.04896
1.00199
0.97068
0.986336
1.0333
0.923712
0.908056
0.923712
0.955024
0.986336
1.01765
0.939368
0.939368
0.986336
0.97068
0.908056
0.908056
0.923712
1.09593
1.08027
1.06462
1.06462
1.11159
1.08027
1.0333
1.09593
1.08027
1.00199
0.97068
0.955024
0.908056
0.861087
0.876743
0.876743
0.908056
0.876743
0.861087
0.845431
0.814119
0.8924
0.861087
0.814119
0.845431
0.876743
0.939368
0.908056
0.861087
0.923712
0.955024
0.8924
0.814119
0.845431
0.861087
0.829775
0.876743
0.814119
0.845431
0.939368
1.00199
1.04896
0.955024
0.955024
0.955024
1.0333
0.97068
0.97068
0.939368
0.923712
0.845431
0.908056
0.845431
0.798463
0.782807
0.751494
0.798463
0.782807
0.76715
0.720182
0.735838
0.751494
0.704526
0.68887
0.720182
0.704526
0.751494
0.798463
0.876743
0.845431
0.955024
1.00199
0.955024
0.876743
0.876743
0.876743
0.829775
0.845431
0.8924
1.0333
0.986336
0.908056
0.923712
0.939368
0.861087
0.97068
1.00199
1.01765
1.0333
1.01765
1.00199
1.0333
1.06462
1.08027
1.0333
1.0333
0.97068
1.00199
0.923712
0.939368
0.908056
0.876743
0.829775
0.845431
0.829775
0.955024
0.97068
0.986336
1.06462
0.955024
0.97068
0.955024
0.939368
0.923712
0.861087
0.8924
0.908056
0.8924
0.939368
0.923712
0.845431
0.751494
0.751494
0.735838
0.720182
0.704526
0.657558
0.673214
0.673214
0.673214
0.735838
0.751494
0.720182
0.735838
0.814119
0.829775
0.861087
0.876743
0.829775
0.782807
0.782807
0.782807
0.798463
0.814119
0.845431
0.861087
0.751494
0.814119
0.8924
0.8924
0.986336
1.04896
1.04896
0.986336
1.0333
1.15855
1.18987
1.1429
1.11159
1.06462
0.955024
0.908056
0.845431
0.908056
0.861087
0.8924
0.829775
0.845431
0.908056
0.923712
0.908056
0.939368
1.00199
0.97068
0.908056
0.939368
1.01765
1.04896
1.06462
0.908056
0.8924
0.986336
0.986336
0.8924
0.939368
0.861087
0.8924
0.829775
0.861087
0.876743
0.861087
0.814119
0.845431
0.798463
0.939368
0.939368
0.955024
0.923712
0.8924
0.845431
0.829775
0.814119
0.782807
0.704526
