0.860018
0.926173
0.904121
0.871044
0.848992
0.871044
0.871044
0.793862
0.793862
0.815914
0.848992
0.860018
0.848992
0.815914
0.804888
0.882069
0.882069
0.904121
0.926173
0.926173
0.860018
0.837966
0.716681
0.69463
0.69463
0.82694
0.82694
0.893095
0.882069
0.882069
0.882069
0.882069
0.893095
0.893095
0.848992
0.882069
0.82694
0.837966
0.815914
0.738733
0.749759
0.771811
0.782837
0.860018
0.848992
0.915147
0.959251
0.970276
1.04746
1.06951
1.10259
1.04746
1.02541
0.992328
0.926173
0.871044
0.904121
0.871044
0.915147
0.882069
0.926173
0.981302
1.01438
1.04746
1.00335
1.02541
1.02541
1.04746
1.03643
1.02541
1.02541
0.970276
0.893095
0.782837
0.804888
0.815914
0.793862
0.848992
0.915147
0.882069
0.848992
0.860018
0.882069
0.926173
0.915147
0.915147
0.871044
0.882069
0.959251
0.959251
0.992328
0.970276
0.959251
0.948225
0.992328
1.02541
1.08054
1.10259
1.03643
1.01438
0.970276
0.970276
0.948225
0.904121
0.904121
0.915147
0.959251
0.981302
0.970276
1.00335
1.09156
1.03643
0.992328
1.05848
1.03643
1.01438
0.981302
0.937199
0.926173
0.937199
0.915147
0.904121
0.948225
0.915147
0.959251
1.04746
1.00335
0.937199
0.959251
0.959251
0.948225
0.992328
1.03643
0.981302
0.937199
0.948225
0.893095
0.926173
0.871044
0.915147
0.970276
0.926173
0.992328
0.981302
0.970276
0.915147
0.871044
0.893095
0.893095
0.871044
0.893095
0.970276
1.00335
1.10259
1.11361
1.09156
1.05848
0.970276
0.871044
0.904121
0.882069
0.904121
0.915147
0.937199
0.915147
0.981302
1.02541
1.03643
1.01438
1.02541
1.08054
0.992328
0.959251
0.959251
0.937199
0.937199
0.915147
0.937199
0.992328
0.981302
0.915147
0.970276
0.970276
0.992328
0.904121
0.860018
0.837966
0.882069
0.915147
0.959251
0.948225
0.970276
0.959251
0.959251
0.992328
0.981302
1.00335
1.04746
1.13566
1.17977
1.15772
1.16874
1.12464
1.10259
1.06951
1.06951
1.02541
1.03643
1.03643
1.03643
1.02541
1.00335
0.981302
1.06951
1.04746
0.992328
1.02541
1.00335
1.05848
1.05848
1.01438
1.06951
1.05848
1.11361
1.11361
1.15772
1.08054
1.05848
1.00335
0.981302
0.970276
0.937199
0.882069
0.893095
0.915147
0.959251
0.937199
0.893095
0.926173
1.08054
1.10259
1.15772
1.13566
1.04746
1.05848
1.14669
1.11361
1.09156
1.05848
1.05848
1.04746
1.01438
1.01438
1.03643
1.02541
1.02541
1.08054
1.03643
1.01438
1.01438
1.03643
1.06951
1.04746
1.06951
1.04746
1.03643
1.04746
1.06951
1.01438
0.970276
0.959251
0.926173
0.926173
0.970276
1.00335
0.981302
0.937199
0.926173
0.893095
0.904121
0.848992
0.815914
0.82694
0.837966
0.837966
0.793862
0.705656
0.771811
0.893095
0.926173
0.937199
0.926173
0.860018
0.871044
0.893095
0.837966
0.804888
0.82694
0.871044
0.948225
0.992328
0.981302
0.981302
0.937199
0.981302
0.937199
0.926173
0.915147
0.871044
0.904121
0.837966
0.837966
0.848992
0.860018
0.804888
0.793862
0.771811
0.793862
0.804888
0.82694
0.815914
0.893095
0.848992
0.860018
0.882069
0.871044
0.871044
0.904121
0.926173
0.948225
0.926173
0.992328
1.02541
0.970276
1.01438
0.970276
1.03643
1.02541
0.970276
0.937199
0.893095
0.793862
0.782837
0.815914
0.815914
0.837966
0.904121
0.959251
0.981302
0.948225
0.992328
0.926173
0.904121
0.981302
0.948225
0.948225
0.937199
0.948225
0.926173
0.904121
0.882069
0.871044
0.848992
0.882069
0.871044
0.804888
0.860018
0.82694
0.815914
0.82694
0.871044
0.926173
0.970276
1.02541
1.06951
1.03643
0.948225
0.970276
1.04746
0.992328
0.959251
0.848992
0.860018
0.837966
0.904121
0.882069
0.926173
0.970276
0.959251
1.03643
0.959251
0.948225
0.937199
0.915147
0.970276
1.03643
1.03643
1.08054
1.04746
1.06951
1.04746
1.06951
1.06951
1.02541
1.03643
0.992328
0.948225
0.82694
0.882069
0.948225
0.937199
0.915147
0.970276
1.05848
1.12464
1.12464
1.03643
1.03643
0.937199
0.959251
0.926173
0.860018
0.837966
0.882069
0.860018
0.893095
0.882069
0.937199
1.00335
0.937199
0.904121
0.82694
0.871044
0.893095
0.815914
0.793862
0.749759
0.749759
0.837966
0.793862
0.793862
0.771811
0.793862
0.837966
0.804888
0.815914
0.860018
0.893095
0.904121
0.959251
0.992328
1.08054
1.14669
1.11361
0.959251
0.959251
0.981302
1.02541
0.959251
1.00335
1.00335
0.981302
0.926173
0.893095
0.904121
0.948225
0.981302
0.959251
0.904121
0.82694
0.760785
0.738733
0.683604
0.650526
0.749759
0.860018
0.860018
0.815914
0.815914
0.871044
0.848992
0.815914
0.860018
0.882069
0.848992
0.926173
0.992328
0.915147
0.992328
1.06951
1.04746
1.02541
1.03643
0.992328
0.970276
0.893095
0.871044
0.937199
0.926173
0.981302
0.937199
0.970276
1.02541
1.00335
0.937199
0.937199
0.926173
0.926173
1.00335
1.06951
1.01438
1.03643
0.893095
0.937199
0.926173
0.882069
0.893095
0.848992
0.882069
0.782837
0.793862
0.771811
0.837966
0.848992
0.82694
0.926173
0.937199
0.970276
1.01438
1.00335
1.05848
1.02541
1.03643
1.09156
1.05848
1.02541
1.00335
1.02541
0.992328
0.959251
0.926173
0.915147
0.959251
0.926173
1.00335
1.00335
1.04746
0.959251
0.992328
1.01438
1.00335
1.04746
1.03643
1.01438
0.970276
0.948225
0.970276
0.970276
0.959251
0.981302
1.00335
0.970276
1.02541
1.08054
1.05848
1.02541
0.970276
0.904121
0.882069
0.860018
0.860018
0.871044
0.848992
0.804888
0.815914
0.82694
0.860018
0.837966
0.804888
0.893095
0.904121
0.937199
0.915147
0.937199
0.926173
0.992328
1.02541
1.02541
0.992328
1.02541
0.959251
0.992328
1.00335
1.06951
1.04746
1.09156
1.11361
1.11361
1.10259
1.12464
1.09156
1.09156
1.01438
1.00335
0.970276
0.959251
0.893095
0.893095
0.948225
0.926173
0.904121
0.882069
0.937199
1.00335
0.959251
0.970276
1.01438
0.970276
0.992328
1.02541
1.02541
0.992328
1.05848
1.11361
1.06951
1.09156
1.06951
1.00335
1.02541
0.992328
0.981302
0.959251
0.937199
0.882069
0.904121
0.915147
0.893095
0.82694
0.904121
0.904121
0.970276
0.981302
0.981302
1.06951
1.14669
1.15772
1.16874
1.15772
1.14669
1.11361
1.04746
1.02541
0.981302
1.01438
1.03643
1.05848
1.10259
1.04746
1.06951
1.04746
1.00335
1.01438
0.970276
1.01438
1.00335
0.981302
0.992328
0.959251
0.882069
0.937199
0.915147
0.882069
0.815914
0.782837
0.815914
0.815914
0.760785
0.69463
0.738733
0.837966
0.871044
0.926173
0.926173
0.893095
0.915147
0.837966
0.860018
0.82694
0.793862
0.837966
0.871044
0.981302
1.01438
1.04746
0.959251
0.970276
1.00335
0.992328
1.03643
1.02541
1.03643
1.06951
1.04746
1.13566
1.17977
1.12464
1.13566
1.19079
1.14669
1.16874
1.15772
1.14669
1.08054
1.11361
1.10259
1.05848
0.959251
0.882069
0.904121
0.926173
0.981302
1.00335
1.06951
1.03643
1.03643
1.02541
1.08054
1.05848
1.10259
1.05848
1.00335
0.981302
0.992328
1.04746
1.02541
1.02541
1.02541
1.06951
1.10259
1.09156
1.02541
1.06951
1.10259
1.16874
1.16874
1.11361
1.14669
1.09156
1.04746
1.04746
1.16874
1.14669
1.15772
1.25695
1.25695
1.24592
1.19079
1.16874
1.05848
1.08054
1.05848
1.12464
1.16874
1.14669
1.11361
1.13566
1.04746
1.06951
1.04746
1.09156
1.03643
1.02541
1.01438
1.05848
1.06951
1.08054
1.08054
0.981302
0.937199
0.848992
0.882069
0.948225
0.970276
1.03643
1.05848
1.08054
1.03643
1.03643
0.992328
0.959251
0.904121
0.882069
0.904121
0.959251
0.948225
0.970276
0.992328
0.915147
0.837966
0.937199
0.904121
0.959251
0.970276
1.05848
1.08054
1.09156
1.10259
1.03643
0.992328
0.959251
1.01438
0.981302
0.926173
0.915147
0.948225
0.948225
0.970276
0.970276
0.981302
0.959251
0.871044
0.882069
0.915147
0.871044
0.926173
0.992328
0.970276
1.01438
1.02541
1.04746
1.11361
1.06951
1.08054
1.02541
1.03643
1.10259
1.05848
0.959251
0.926173
0.948225
0.848992
0.837966
0.871044
0.860018
0.871044
0.837966
0.815914
0.793862
0.771811
0.760785
0.793862
0.716681
0.738733
0.893095
0.948225
0.959251
0.981302
0.926173
0.959251
0.937199
0.904121
0.882069
0.948225
0.992328
1.05848
1.08054
1.13566
1.13566
1.10259
1.03643
0.992328
0.959251
1.03643
1.02541
1.05848
1.08054
1.08054
1.09156
1.11361
1.12464
1.11361
1.14669
1.08054
1.01438
1.12464
1.12464
1.11361
1.10259
1.12464
1.11361
1.03643
1.03643
1.03643
1.01438
0.981302
0.959251
0.959251
0.959251
0.915147
0.882069
0.893095
0.926173
0.981302
1.00335
1.00335
1.01438
0.981302
1.01438
1.01438
0.948225
0.915147
0.970276
0.948225
0.959251
1.02541
1.04746
1.08054
1.01438
0.948225
1.04746
0.937199
0.948225
0.904121
0.992328
1.09156
1.08054
1.02541
1.03643
1.05848
1.02541
1.03643
1.06951
1.13566
1.11361
1.11361
1.15772
1.13566
1.12464
1.09156
1.14669
1.12464
1.14669
1.14669
1.05848
1.05848
1.02541
1.01438
0.981302
1.02541
1.04746
1.14669
1.16874
1.2349
1.22387
1.2349
1.16874
1.11361
1.20182
1.22387
1.21285
1.16874
1.19079
1.12464
1.16874
1.19079
1.19079
1.10259
1.12464
1.12464
1.15772
1.11361
1.14669
1.16874
1.20182
1.19079
1.19079
1.14669
1.13566
1.15772
1.13566
1.22387
1.22387
1.17977
1.19079
1.15772
1.11361
1.06951
1.08054
1.09156
1.08054
1.09156
1.10259
1.11361
1.10259
1.15772
1.22387
1.24592
1.20182
1.2349
1.21285
1.30105
1.21285
1.21285
1.26797
1.14669
1.13566
1.22387
1.12464
1.09156
1.02541
1.09156
1.13566
1.03643
1.08054
1.06951
1.03643
1.02541
1.01438
0.948225
0.992328
0.992328
1.02541
1.15772
1.19079
1.13566
1.19079
1.14669
1.11361
1.03643
1.02541
0.970276
0.915147
0.937199
0.992328
0.992328
1.02541
1.09156
1.06951
1.08054
1.08054
1.13566
1.12464
1.12464
1.10259
1.06951
1.06951
1.10259
1.17977
1.17977
1.17977
1.16874
1.17977
1.2349
1.16874
1.19079
1.20182
1.16874
1.16874
1.17977
1.21285
1.21285
1.16874
1.10259
1.09156
1.04746
1.02541
0.992328
0.970276
0.959251
0.981302
0.970276
1.00335
0.992328
0.970276
0.992328
0.937199
0.981302
0.981302
0.992328
0.981302
0.948225
1.00335
1.03643
1.10259
1.06951
1.13566
1.10259
1.11361
1.05848
1.06951
1.05848
1.04746
1.08054
1.13566
1.14669
1.11361
1.12464
1.14669
1.06951
1.03643
1.01438
0.948225
0.915147
0.937199
0.882069
0.937199
0.948225
1.01438
0.970276
0.959251
0.981302
1.00335
0.981302
1.00335
0.981302
0.992328
1.02541
1.02541
1.02541
1.02541
1.04746
1.10259
1.06951
1.02541
1.03643
1.10259
1.08054
1.04746
1.00335
0.915147
0.860018
0.893095
0.882069
0.860018
0.837966
0.882069
0.948225
0.937199
0.948225
0.937199
0.970276
0.948225
0.860018
0.882069
0.904121
0.948225
0.926173
1.00335
0.937199
1.05848
1.06951
1.03643
1.06951
1.12464
1.06951
1.02541
1.05848
1.03643
1.05848
0.970276
0.937199
0.871044
0.871044
0.871044
0.848992
0.848992
0.848992
0.893095
0.815914
0.893095
0.871044
0.893095
0.837966
0.848992
0.837966
0.837966
0.860018
0.848992
0.871044
0.970276
0.992328
0.970276
1.04746
1.06951
1.04746
1.06951
1.12464
1.06951
1.01438
0.937199
0.992328
1.10259
1.13566
1.15772
1.2349
1.17977
1.12464
1.04746
1.02541
0.948225
0.937199
0.893095
0.904121
0.871044
0.882069
0.904121
0.937199
1.04746
1.06951
1.06951
1.05848
1.09156
1.11361
1.06951
1.10259
1.00335
0.937199
0.981302
1.03643
0.959251
0.937199
0.904121
0.860018
0.926173
0.926173
0.970276
0.937199
0.970276
0.937199
0.893095
0.82694
0.837966
0.782837
0.893095
0.915147
0.937199
1.01438
0.970276
0.959251
1.00335
1.00335
1.04746
0.959251
1.03643
1.08054
1.08054
1.01438
0.948225
0.915147
0.948225
0.915147
0.915147
0.893095
0.882069
0.893095
0.937199
0.948225
0.948225
1.01438
0.970276
0.959251
0.992328
0.992328
0.959251
0.904121
0.937199
0.882069
0.860018
0.837966
0.793862
0.893095
0.904121
0.915147
0.926173
0.82694
0.82694
0.804888
0.782837
0.793862
0.893095
0.848992
0.915147
0.915147
0.848992
0.904121
1.02541
1.14669
1.25695
1.2349
1.20182
1.16874
1.16874
1.15772
1.12464
1.09156
1.06951
1.04746
1.10259
1.14669
1.11361
1.10259
1.10259
1.03643
1.01438
1.10259
1.06951
1.01438
0.981302
0.937199
0.959251
0.937199
0.970276
0.915147
0.970276
0.970276
0.959251
0.915147
0.937199
0.937199
0.915147
0.893095
0.882069
0.959251
0.981302
1.02541
1.04746
1.01438
1.05848
1.03643
1.08054
1.01438
1.04746
1.06951
1.06951
1.06951
1.00335
0.970276
0.992328
0.981302
0.926173
1.00335
0.981302
0.959251
0.926173
0.871044
0.860018
0.948225
0.915147
0.948225
0.959251
0.981302
0.970276
1.03643
1.00335
1.04746
1.03643
1.04746
1.01438
0.981302
0.992328
1.05848
1.11361
1.03643
1.05848
1.02541
1.03643
1.02541
1.04746
1.04746
0.981302
0.981302
0.948225
0.981302
1.00335
0.937199
0.937199
0.992328
0.904121
0.948225
0.915147
0.970276
0.992328
1.04746
1.02541
1.05848
1.06951
1.05848
0.926173
0.882069
0.893095
0.848992
0.82694
0.815914
0.882069
0.882069
0.893095
0.948225
1.00335
1.00335
0.937199
0.959251
0.915147
0.904121
0.815914
0.82694
0.848992
0.871044
0.959251
1.05848
1.10259
1.10259
1.09156
1.06951
1.03643
0.959251
0.904121
0.915147
0.871044
0.860018
0.981302
0.915147
0.915147
0.904121
0.837966
0.793862
0.782837
0.815914
0.893095
0.837966
0.970276
1.03643
1.09156
1.08054
1.02541
0.904121
0.937199
0.915147
0.915147
0.882069
0.970276
0.948225
0.959251
1.00335
0.981302
0.959251
0.948225
0.926173
0.915147
0.970276
0.915147
0.959251
0.882069
0.871044
0.915147
0.937199
0.992328
0.992328
1.04746
1.08054
1.06951
1.12464
1.19079
1.2349
1.17977
1.11361
1.04746
1.03643
1.03643
0.981302
0.981302
0.970276
0.948225
0.937199
0.915147
0.948225
0.959251
0.904121
0.893095
0.882069
0.882069
0.871044
0.837966
0.815914
0.860018
0.915147
0.937199
1.00335
1.03643
0.981302
0.948225
1.01438
0.981302
1.01438
1.01438
1.06951
1.04746
1.05848
1.02541
0.992328
0.893095
0.882069
0.915147
0.904121
0.893095
0.959251
0.915147
0.992328
0.893095
0.782837
0.69463
0.705656
0.716681
0.727707
0.760785
0.760785
0.782837
0.804888
0.815914
0.937199
0.970276
0.948225
0.915147
0.948225
0.948225
1.00335
0.981302
1.04746
1.04746
1.01438
1.02541
1.03643
0.948225
0.893095
0.959251
0.970276
0.871044
0.882069
0.926173
0.948225
0.948225
0.959251
0.937199
0.926173
0.981302
1.01438
0.981302
0.981302
0.948225
0.915147
0.915147
0.970276
0.970276
1.01438
0.981302
0.970276
0.904121
0.948225
1.00335
1.00335
0.981302
0.904121
0.926173
0.915147
0.937199
0.948225
0.915147
0.882069
0.837966
0.926173
0.937199
0.970276
0.893095
0.882069
0.860018
0.882069
0.893095
0.871044
0.882069
0.893095
0.992328
1.00335
1.00335
1.00335
0.959251
0.959251
0.970276
0.959251
0.981302
0.959251
0.959251
0.948225
0.937199
0.904121
0.970276
0.937199
0.915147
0.904121
0.970276
0.948225
0.915147
0.959251
0.904121
0.937199
1.03643
1.05848
1.03643
1.04746
1.01438
1.05848
1.00335
0.981302
0.970276
0.981302
0.992328
0.970276
0.937199
0.970276
0.948225
0.959251
1.00335
1.04746
1.00335
0.948225
0.948225
0.959251
0.948225
0.926173
0.904121
0.893095
0.915147
0.904121
0.970276
0.959251
0.926173
0.926173
0.937199
0.937199
0.981302
0.948225
0.937199
0.882069
0.848992
0.837966
0.871044
0.82694
0.893095
0.904121
0.959251
0.970276
1.01438
0.959251
0.970276
0.948225
1.05848
1.10259
1.00335
0.981302
0.992328
1.06951
1.10259
1.09156
1.16874
1.09156
1.04746
1.02541
0.992328
0.848992
0.848992
0.893095
0.970276
0.948225
0.904121
0.981302
0.926173
1.00335
1.06951
1.06951
1.06951
1.05848
1.06951
1.03643
1.02541
1.03643
1.00335
1.01438
0.981302
0.915147
0.893095
0.904121
0.970276
0.992328
1.03643
1.01438
0.970276
1.01438
0.970276
0.948225
0.959251
0.959251
0.937199
1.02541
1.05848
0.992328
0.981302
1.00335
0.937199
0.948225
0.970276
0.992328
0.948225
0.948225
0.937199
0.904121
0.926173
1.05848
1.12464
1.14669
1.00335
1.05848
0.992328
0.959251
0.926173
0.970276
0.937199
0.904121
0.926173
0.926173
0.992328
0.981302
0.992328
0.970276
1.05848
0.992328
0.992328
0.992328
0.937199
0.970276
0.959251
0.915147
0.970276
0.970276
0.937199
1.00335
1.03643
1.03643
1.05848
1.06951
1.13566
1.14669
1.17977
1.13566
1.15772
1.09156
1.01438
1.01438
0.959251
0.992328
0.948225
0.926173
0.904121
0.959251
0.915147
0.981302
1.03643
1.04746
1.06951
1.06951
1.06951
1.03643
1.03643
0.937199
0.926173
0.992328
0.959251
0.948225
0.882069
0.815914
0.82694
0.82694
0.837966
0.871044
0.848992
0.970276
0.981302
1.00335
1.01438
1.02541
1.06951
1.16874
1.13566
1.19079
1.17977
1.09156
1.05848
1.02541
1.09156
1.06951
1.10259
1.00335
1.05848
1.03643
1.04746
1.13566
1.12464
1.13566
1.21285
1.21285
1.20182
1.12464
1.12464
1.08054
1.05848
1.06951
1.13566
1.08054
1.12464
1.13566
1.12464
1.02541
0.959251
1.00335
0.882069
0.848992
0.871044
0.860018
0.915147
0.915147
0.915147
1.06951
1.11361
1.05848
1.10259
1.16874
1.12464
1.11361
1.06951
0.948225
0.860018
0.882069
0.904121
0.860018
0.837966
0.848992
0.848992
0.882069
0.871044
0.882069
0.871044
0.848992
0.915147
1.00335
1.05848
1.04746
1.05848
0.981302
1.03643
1.10259
1.09156
1.05848
1.12464
1.15772
1.19079
1.19079
1.13566
1.21285
1.14669
1.13566
1.02541
1.00335
0.981302
1.02541
1.01438
1.00335
1.04746
1.03643
0.959251
0.882069
0.848992
0.871044
0.926173
0.937199
1.01438
1.11361
1.08054
1.05848
1.10259
1.00335
0.981302
1.00335
0.981302
0.904121
0.937199
0.937199
0.970276
0.871044
0.882069
0.782837
0.815914
0.771811
0.82694
0.793862
0.815914
0.804888
0.683604
0.661552
0.683604
0.727707
0.716681
0.760785
0.738733
0.804888
0.782837
0.782837
0.771811
0.882069
0.915147
0.837966
0.937199
0.926173
0.904121
0.970276
1.01438
0.948225
0.992328
0.959251
0.871044
0.915147
0.937199
0.848992
0.904121
0.948225
0.915147
0.981302
1.04746
1.11361
1.10259
1.11361
1.04746
1.02541
0.981302
1.03643
1.04746
1.12464
1.04746
1.02541
1.06951
1.01438
1.04746
1.10259
1.19079
1.20182
1.13566
1.10259
1.05848
1.03643
1.06951
1.08054
1.06951
1.10259
1.14669
1.14669
1.16874
1.26797
1.30105
1.24592
1.29003
1.34516
1.3231
1.3231
1.24592
1.21285
1.24592
1.279
1.31208
1.30105
1.31208
1.2349
1.21285
1.14669
1.14669
1.10259
1.11361
1.12464
1.06951
1.11361
1.17977
1.13566
1.12464
1.13566
1.13566
1.10259
1.05848
1.01438
1.04746
1.00335
0.970276
1.02541
1.09156
1.02541
1.09156
1.04746
1.10259
1.08054
1.06951
1.11361
1.02541
1.10259
1.11361
1.10259
1.05848
1.02541
0.992328
0.882069
0.882069
0.915147
0.848992
0.82694
0.871044
0.871044
0.871044
0.82694
0.749759
0.782837
0.727707
0.782837
0.860018
0.882069
0.860018
0.915147
0.959251
0.937199
0.904121
1.01438
1.04746
1.01438
1.01438
0.981302
0.992328
1.02541
1.05848
1.00335
1.08054
1.02541
1.03643
0.970276
0.937199
0.904121
0.981302
0.893095
0.882069
0.904121
0.904121
0.937199
1.00335
0.981302
0.970276
1.02541
0.915147
0.915147
0.970276
