0.926661
1.00843
0.994798
0.981171
0.981171
0.953916
0.885779
0.885779
0.926661
0.953916
0.872152
0.899406
0.885779
0.899406
0.913034
0.858524
0.858524
0.83127
0.913034
0.994798
1.02205
0.994798
0.953916
0.940288
0.940288
0.953916
1.07656
1.13107
1.25372
1.25372
1.25372
1.18558
1.17195
1.1447
1.11744
1.07656
1.07656
1.07656
1.10382
1.07656
0.994798
1.02205
0.994798
0.981171
1.00843
1.00843
1.07656
1.06293
0.981171
0.953916
0.926661
0.885779
0.926661
0.926661
0.899406
0.872152
0.899406
1.00843
1.00843
0.981171
1.02205
1.1447
1.07656
1.1447
1.18558
1.11744
1.07656
1.02205
1.02205
0.994798
1.04931
1.04931
1.04931
1.03568
0.994798
1.04931
1.04931
1.07656
1.10382
1.11744
1.09019
1.11744
1.02205
1.00843
1.09019
1.07656
1.04931
1.07656
0.994798
0.994798
1.07656
1.11744
1.11744
1.04931
0.967543
0.940288
0.885779
0.872152
0.885779
0.885779
0.872152
0.953916
0.817642
0.83127
0.858524
0.858524
0.885779
0.899406
1.00843
0.913034
0.899406
0.872152
0.885779
0.953916
0.926661
0.953916
0.967543
0.981171
0.913034
0.940288
0.953916
0.926661
0.953916
1.07656
1.10382
1.10382
1.07656
1.02205
1.10382
1.03568
1.00843
1.06293
1.06293
0.940288
0.926661
0.899406
0.858524
0.953916
0.981171
0.953916
1.00843
0.953916
0.913034
0.872152
0.844897
0.844897
0.844897
0.844897
0.817642
0.885779
0.885779
0.885779
0.872152
0.858524
0.83127
0.844897
0.899406
0.913034
0.967543
0.913034
0.913034
1.00843
1.13107
1.18558
1.21284
1.26735
1.18558
1.1447
1.06293
1.07656
1.04931
0.994798
0.967543
1.02205
1.10382
1.15833
1.18558
1.1447
1.26735
1.32185
1.26735
1.28097
1.38999
1.36274
1.32185
1.2946
1.28097
1.28097
1.1447
1.09019
1.07656
1.11744
1.03568
0.994798
1.06293
1.09019
1.06293
1.00843
0.967543
0.981171
0.981171
0.994798
0.967543
0.967543
0.899406
0.926661
1.03568
1.11744
1.07656
1.00843
1.03568
1.09019
1.07656
1.03568
0.994798
0.913034
0.994798
0.913034
0.913034
0.926661
0.953916
0.994798
1.03568
1.04931
0.994798
0.940288
0.967543
1.03568
1.09019
1.09019
1.09019
1.10382
1.09019
1.09019
0.994798
0.994798
0.994798
0.994798
1.13107
1.1447
1.09019
1.06293
1.04931
0.926661
0.953916
1.02205
0.967543
0.967543
0.981171
0.981171
0.967543
0.981171
0.926661
0.899406
0.926661
0.913034
0.899406
0.940288
0.885779
0.872152
0.83127
0.858524
0.926661
0.885779
0.872152
0.913034
0.844897
0.77676
0.817642
0.885779
0.844897
0.790387
0.817642
0.844897
0.899406
0.994798
1.04931
1.09019
1.09019
1.13107
1.06293
0.994798
1.00843
1.03568
0.817642
0.804015
0.885779
0.940288
0.940288
0.926661
0.913034
0.913034
0.913034
0.913034
0.885779
0.885779
0.858524
0.885779
0.926661
0.885779
0.817642
0.77676
0.899406
0.885779
0.885779
0.885779
0.926661
0.83127
0.858524
0.83127
0.899406
0.926661
0.981171
0.953916
0.981171
0.940288
0.926661
0.872152
0.913034
0.913034
0.940288
0.953916
0.994798
0.981171
0.953916
0.967543
0.940288
0.994798
0.994798
1.06293
1.04931
1.06293
0.967543
0.940288
0.926661
0.885779
0.844897
0.763133
0.749505
0.763133
0.763133
0.790387
0.844897
0.858524
0.899406
0.940288
0.940288
0.913034
0.981171
0.953916
0.940288
0.885779
0.899406
0.981171
0.953916
0.899406
0.899406
0.940288
0.981171
0.994798
0.967543
0.994798
0.899406
0.872152
0.872152
0.981171
1.03568
1.03568
1.03568
1.07656
1.00843
1.06293
1.03568
0.994798
0.994798
0.913034
0.885779
0.83127
0.913034
0.953916
0.913034
0.940288
0.953916
0.953916
0.953916
0.953916
1.03568
1.09019
0.994798
0.967543
0.885779
0.885779
0.926661
0.940288
0.981171
0.967543
0.926661
0.872152
0.913034
0.83127
0.749505
0.749505
0.858524
0.885779
0.926661
0.940288
0.967543
0.953916
0.953916
1.00843
1.00843
0.953916
0.967543
0.994798
0.885779
0.926661
0.926661
0.899406
0.858524
0.885779
0.872152
0.953916
1.03568
0.967543
0.967543
0.953916
0.981171
0.967543
0.994798
0.967543
0.981171
0.953916
0.981171
0.994798
1.02205
1.00843
1.02205
1.04931
1.04931
1.06293
1.04931
1.13107
1.15833
1.07656
0.994798
1.00843
1.04931
0.994798
1.00843
1.00843
0.967543
0.872152
0.981171
1.02205
1.00843
1.11744
1.13107
1.18558
1.15833
1.1447
1.15833
1.22646
1.11744
1.10382
1.10382
1.04931
1.07656
1.1447
1.00843
1.06293
1.02205
0.994798
0.994798
0.926661
0.885779
0.749505
0.790387
0.722251
0.844897
0.858524
0.967543
0.981171
1.02205
1.13107
1.02205
1.04931
1.09019
1.03568
1.04931
1.09019
1.06293
1.03568
1.00843
1.11744
1.11744
1.10382
1.03568
1.03568
1.04931
1.03568
1.03568
1.03568
0.967543
0.913034
0.967543
0.994798
0.994798
0.953916
0.940288
0.899406
0.981171
0.926661
0.967543
1.00843
0.981171
0.926661
0.994798
0.940288
0.913034
0.872152
0.885779
0.926661
0.981171
1.00843
1.04931
0.967543
0.981171
0.967543
0.926661
0.913034
0.83127
0.940288
0.899406
0.844897
0.899406
0.899406
0.858524
0.817642
0.817642
0.899406
0.899406
0.858524
0.83127
0.77676
0.77676
0.735878
0.844897
0.790387
0.804015
0.804015
0.804015
0.804015
0.77676
0.763133
0.77676
0.804015
0.804015
0.790387
0.804015
0.899406
0.83127
0.83127
0.953916
0.899406
0.885779
0.926661
0.913034
0.967543
1.02205
1.03568
0.994798
0.899406
0.83127
0.817642
0.899406
0.940288
1.04931
1.02205
1.03568
1.06293
1.06293
1.09019
1.03568
1.09019
1.03568
1.04931
0.940288
0.981171
0.981171
0.953916
0.926661
0.872152
0.913034
0.926661
1.00843
1.04931
0.967543
0.899406
0.899406
0.858524
0.858524
0.844897
0.872152
0.981171
0.994798
1.07656
1.02205
1.02205
1.09019
1.15833
1.25372
1.24009
1.21284
1.22646
1.19921
1.18558
1.18558
1.19921
1.25372
1.19921
1.15833
1.13107
1.11744
1.09019
1.09019
1.09019
1.02205
0.981171
0.926661
0.913034
0.885779
0.885779
0.858524
0.844897
0.899406
0.899406
0.844897
0.858524
0.844897
0.817642
0.899406
0.872152
0.872152
0.858524
0.885779
0.885779
0.858524
0.858524
0.790387
0.735878
0.667741
0.722251
0.681368
0.735878
0.858524
0.926661
0.994798
1.02205
1.03568
0.967543
0.953916
0.926661
0.858524
0.872152
0.83127
0.844897
0.858524
0.885779
1.02205
1.00843
0.994798
0.994798
0.994798
1.00843
1.00843
0.994798
1.03568
1.03568
1.04931
1.07656
0.953916
0.858524
0.953916
0.967543
0.981171
1.04931
1.07656
0.981171
1.02205
0.994798
0.994798
0.913034
0.872152
0.899406
0.940288
0.899406
0.940288
0.940288
0.872152
0.858524
0.858524
0.913034
0.899406
0.83127
0.899406
1.02205
1.02205
1.03568
1.06293
1.03568
1.06293
0.953916
0.940288
0.913034
0.885779
0.817642
0.858524
0.926661
0.953916
0.913034
0.994798
0.926661
0.885779
0.899406
0.804015
0.858524
0.844897
0.913034
0.926661
0.885779
0.885779
0.885779
0.899406
0.77676
0.735878
0.735878
0.681368
0.77676
0.763133
0.83127
0.804015
0.844897
0.885779
0.858524
0.885779
0.872152
0.844897
0.858524
0.83127
0.844897
0.885779
0.899406
0.940288
0.981171
0.940288
1.03568
0.994798
1.04931
0.981171
0.858524
0.817642
0.790387
0.77676
0.763133
0.735878
0.749505
0.763133
0.77676
0.844897
0.913034
0.899406
0.953916
0.940288
0.926661
1.11744
1.06293
1.06293
1.13107
1.18558
1.11744
1.04931
0.967543
0.858524
0.885779
0.913034
0.899406
0.913034
0.872152
0.885779
0.994798
0.953916
0.844897
0.817642
0.83127
0.844897
0.913034
0.967543
1.04931
0.994798
1.06293
1.02205
1.00843
0.926661
0.981171
0.981171
0.981171
0.994798
0.981171
1.04931
1.02205
0.926661
0.981171
0.967543
0.953916
0.940288
0.899406
0.913034
0.872152
0.844897
0.844897
0.858524
0.844897
0.817642
0.872152
0.913034
0.899406
0.953916
0.967543
0.994798
0.940288
0.844897
0.872152
0.967543
0.885779
0.953916
0.940288
0.967543
0.926661
0.981171
1.02205
0.981171
1.00843
0.940288
0.913034
0.953916
0.940288
0.994798
0.885779
0.885779
0.913034
0.926661
0.967543
0.967543
0.913034
0.940288
0.899406
0.817642
0.844897
0.844897
0.817642
0.749505
0.749505
0.708623
0.763133
0.735878
0.77676
0.790387
0.83127
0.817642
0.804015
0.83127
0.899406
0.872152
0.899406
0.817642
0.83127
0.844897
0.790387
0.708623
0.722251
0.694996
0.708623
0.654114
0.694996
0.763133
0.804015
0.967543
0.967543
0.953916
0.926661
0.967543
0.981171
0.967543
1.06293
1.1447
1.10382
1.1447
1.22646
1.22646
1.18558
1.21284
1.15833
1.11744
1.03568
0.994798
0.994798
0.981171
0.967543
0.981171
1.00843
0.899406
0.926661
0.953916
0.872152
0.899406
0.885779
0.872152
0.899406
0.885779
0.858524
0.804015
0.817642
0.872152
0.790387
0.735878
0.749505
0.817642
0.885779
0.858524
0.967543
0.940288
0.926661
0.981171
0.981171
1.03568
1.00843
0.967543
0.926661
0.899406
0.899406
0.872152
0.804015
0.899406
0.953916
1.00843
1.04931
1.00843
0.913034
0.913034
0.885779
0.913034
0.913034
0.953916
0.953916
0.926661
0.872152
0.844897
0.858524
0.804015
0.817642
0.77676
0.817642
0.844897
0.872152
0.899406
0.913034
0.953916
0.926661
0.981171
0.981171
1.04931
0.994798
1.00843
0.899406
0.913034
0.885779
0.817642
0.858524
0.913034
0.913034
0.953916
0.83127
0.844897
0.844897
0.872152
0.899406
0.844897
0.872152
0.899406
0.981171
1.03568
0.953916
0.981171
0.981171
1.00843
1.03568
1.09019
1.1447
1.13107
1.10382
0.981171
1.00843
0.994798
1.02205
1.03568
1.02205
1.06293
1.06293
1.00843
0.953916
0.913034
0.926661
0.899406
0.790387
0.790387
0.77676
0.790387
0.804015
0.83127
0.926661
0.872152
0.953916
0.913034
0.858524
0.790387
0.804015
0.83127
0.872152
0.967543
0.885779
0.885779
0.899406
0.899406
0.913034
0.885779
0.940288
1.03568
1.18558
1.22646
1.32185
1.4445
1.4445
1.36274
1.24009
1.18558
1.18558
1.13107
1.02205
0.885779
0.858524
0.913034
1.00843
1.02205
1.06293
1.04931
0.967543
0.940288
1.00843
1.00843
1.00843
1.03568
1.04931
1.04931
1.02205
0.981171
1.02205
0.994798
0.981171
0.981171
0.967543
0.994798
1.11744
1.1447
1.1447
1.13107
1.11744
1.1447
1.13107
1.10382
1.10382
1.09019
1.07656
1.1447
1.22646
1.17195
1.10382
1.02205
1.07656
1.02205
0.953916
0.926661
0.981171
1.00843
1.02205
1.09019
1.11744
1.21284
1.22646
1.18558
1.1447
1.15833
1.03568
1.03568
1.04931
1.07656
1.07656
1.02205
1.09019
1.00843
1.04931
1.02205
0.940288
0.967543
0.885779
0.872152
0.899406
0.926661
0.940288
0.953916
0.926661
1.02205
0.981171
0.899406
0.858524
0.913034
0.899406
0.953916
0.953916
0.913034
1.00843
0.981171
1.02205
1.00843
1.00843
1.07656
1.07656
1.13107
1.10382
1.13107
1.11744
1.04931
0.940288
0.953916
1.00843
1.02205
1.07656
0.994798
0.981171
0.940288
0.967543
1.04931
1.03568
1.03568
0.994798
0.967543
0.994798
1.03568
1.06293
1.13107
1.04931
1.11744
1.07656
1.11744
1.18558
1.21284
1.15833
1.21284
1.21284
1.07656
1.06293
0.967543
1.00843
0.953916
0.940288
0.899406
0.953916
0.953916
0.858524
0.872152
0.817642
0.899406
0.913034
0.926661
0.981171
0.953916
0.967543
1.02205
1.00843
1.00843
1.04931
1.00843
1.03568
1.04931
1.03568
1.09019
1.07656
1.02205
1.00843
1.00843
1.02205
0.994798
0.981171
1.06293
1.03568
1.1447
1.10382
1.07656
1.03568
0.953916
0.994798
1.00843
1.02205
1.09019
1.02205
1.02205
0.926661
1.00843
0.994798
1.02205
1.03568
1.07656
1.15833
1.19921
1.1447
1.10382
1.13107
1.21284
1.19921
1.22646
1.22646
1.19921
1.15833
1.10382
1.09019
1.13107
1.10382
1.07656
1.13107
1.10382
1.09019
1.1447
1.13107
1.11744
1.09019
1.1447
1.09019
1.09019
1.1447
1.1447
1.11744
1.09019
1.03568
1.06293
1.07656
1.09019
1.00843
1.03568
1.07656
1.09019
1.11744
1.28097
1.26735
1.26735
1.36274
1.38999
1.37636
1.36274
1.28097
1.1447
1.10382
1.10382
1.03568
0.994798
0.981171
0.926661
0.899406
0.967543
0.899406
0.940288
0.981171
1.10382
1.00843
1.07656
1.06293
1.07656
0.981171
1.02205
1.03568
1.07656
1.13107
1.13107
1.06293
1.04931
0.967543
1.03568
1.02205
1.04931
1.00843
0.899406
0.926661
0.953916
0.967543
1.00843
0.953916
0.981171
0.967543
0.967543
1.02205
1.03568
1.04931
0.967543
0.981171
1.00843
0.994798
1.09019
1.06293
1.02205
1.02205
0.967543
0.967543
0.899406
0.926661
0.981171
0.940288
0.953916
0.994798
0.885779
0.913034
0.913034
0.885779
0.872152
0.885779
0.981171
0.981171
0.899406
0.885779
0.899406
0.940288
1.00843
1.02205
1.10382
1.06293
1.07656
1.03568
1.06293
1.04931
0.953916
0.926661
0.981171
1.09019
1.18558
1.10382
1.03568
1.02205
1.02205
1.07656
0.994798
0.967543
0.967543
1.03568
1.03568
0.981171
0.981171
0.981171
0.926661
0.940288
0.899406
0.817642
0.77676
0.763133
0.804015
0.844897
0.872152
0.899406
0.83127
0.885779
0.885779
0.844897
0.858524
0.885779
0.926661
0.994798
1.02205
1.03568
1.03568
1.03568
1.09019
1.09019
1.11744
1.07656
1.06293
1.00843
0.953916
0.940288
0.913034
0.926661
0.953916
1.03568
1.03568
0.926661
0.981171
1.04931
1.11744
1.15833
1.11744
1.11744
1.00843
1.07656
1.06293
1.03568
1.04931
1.09019
1.17195
1.15833
1.19921
1.10382
1.09019
1.09019
1.03568
1.09019
1.1447
1.07656
1.02205
1.00843
1.02205
0.981171
0.967543
1.00843
0.994798
0.994798
0.994798
1.00843
1.00843
1.02205
1.06293
0.994798
1.00843
0.981171
0.940288
0.913034
0.967543
1.02205
1.00843
0.926661
0.967543
0.967543
0.967543
0.981171
0.913034
0.967543
0.926661
0.953916
0.967543
0.981171
0.981171
0.981171
1.04931
1.11744
1.09019
1.00843
1.03568
1.00843
0.940288
0.953916
0.913034
0.926661
0.913034
0.967543
0.981171
1.02205
1.00843
0.953916
0.899406
0.844897
0.817642
0.817642
0.763133
0.899406
0.885779
0.83127
0.83127
0.913034
0.913034
0.953916
0.953916
0.994798
0.913034
0.872152
0.858524
0.817642
0.790387
0.735878
0.694996
0.735878
0.749505
0.722251
0.77676
0.83127
0.913034
1.02205
0.967543
0.940288
0.953916
1.03568
1.09019
1.10382
1.03568
0.981171
1.00843
0.981171
0.953916
0.953916
1.03568
1.00843
1.04931
1.03568
0.953916
0.953916
0.940288
0.953916
0.953916
0.981171
0.981171
0.994798
1.00843
1.04931
1.04931
0.967543
1.04931
0.994798
1.00843
1.03568
1.00843
0.885779
1.00843
1.00843
1.04931
1.02205
1.06293
0.981171
0.940288
0.940288
0.913034
0.940288
0.967543
0.994798
0.981171
1.02205
0.981171
0.967543
0.981171
0.967543
0.994798
1.06293
1.02205
1.10382
1.13107
1.21284
1.1447
1.17195
1.17195
1.22646
1.18558
1.15833
1.22646
1.28097
1.18558
1.10382
1.06293
1.07656
1.06293
0.994798
1.04931
1.02205
1.11744
1.11744
1.18558
1.17195
1.15833
1.11744
1.15833
1.1447
1.13107
1.07656
1.07656
1.1447
1.13107
1.15833
1.09019
1.06293
0.994798
0.994798
1.02205
1.03568
1.03568
0.994798
0.981171
0.967543
0.913034
0.899406
0.844897
0.83127
0.899406
0.872152
0.885779
0.899406
0.926661
0.953916
0.953916
0.967543
1.06293
1.06293
1.07656
1.07656
1.04931
1.02205
0.940288
0.872152
0.940288
1.02205
0.940288
0.899406
0.913034
0.83127
0.817642
0.83127
0.790387
0.83127
0.804015
0.817642
0.817642
0.844897
0.872152
0.885779
0.872152
0.926661
0.967543
0.926661
0.953916
0.926661
0.994798
0.926661
0.913034
0.940288
1.00843
1.02205
1.04931
0.981171
1.04931
1.02205
1.04931
1.13107
1.13107
1.13107
1.1447
1.15833
1.11744
1.13107
1.09019
1.09019
1.09019
1.11744
1.18558
1.18558
1.21284
1.18558
1.11744
1.09019
1.02205
1.04931
1.1447
1.10382
1.06293
1.07656
1.09019
1.06293
1.03568
1.04931
1.03568
1.00843
0.953916
0.953916
0.885779
0.899406
0.967543
0.953916
1.03568
1.07656
1.06293
1.00843
0.913034
0.967543
0.981171
0.940288
1.00843
1.03568
1.03568
0.994798
0.981171
1.04931
0.967543
0.967543
1.07656
1.11744
1.03568
1.02205
1.00843
1.03568
1.04931
1.02205
1.02205
1.02205
1.02205
0.940288
0.953916
0.926661
0.926661
0.885779
0.858524
0.885779
0.885779
0.885779
0.885779
1.00843
0.994798
1.03568
0.981171
0.981171
1.00843
1.03568
0.981171
0.994798
1.02205
1.09019
1.02205
1.06293
1.06293
1.06293
1.04931
1.10382
1.07656
1.07656
1.00843
1.03568
1.06293
1.07656
1.11744
1.06293
1.07656
0.994798
1.02205
1.03568
1.04931
1.09019
1.15833
1.1447
1.13107
1.17195
1.25372
1.21284
1.22646
1.21284
1.1447
1.06293
1.00843
0.994798
0.940288
0.967543
0.994798
0.953916
0.981171
0.899406
0.913034
0.885779
0.899406
0.872152
0.83127
0.83127
0.858524
0.885779
0.899406
0.926661
0.885779
0.858524
0.885779
0.899406
0.899406
0.844897
0.940288
0.790387
0.804015
0.817642
0.804015
0.858524
0.858524
0.940288
0.967543
1.03568
1.06293
1.10382
1.13107
1.10382
1.04931
0.994798
0.940288
0.913034
0.872152
0.872152
0.83127
0.913034
0.926661
1.03568
1.11744
1.1447
1.11744
1.10382
1.03568
1.03568
1.03568
1.03568
1.07656
1.11744
1.07656
1.10382
1.17195
1.1447
1.04931
1.06293
1.06293
1.13107
1.15833
1.10382
1.11744
1.03568
1.04931
0.994798
1.02205
0.940288
0.994798
0.994798
1.02205
0.967543
0.953916
0.967543
0.83127
0.844897
0.913034
0.981171
0.926661
0.953916
1.00843
1.07656
1.09019
1.09019
1.15833
1.09019
1.22646
1.19921
1.24009
1.24009
1.25372
1.26735
1.22646
1.25372
1.19921
1.10382
1.1447
1.11744
1.1447
1.04931
1.09019
1.02205
1.09019
1.07656
1.04931
1.10382
1.10382
1.13107
1.17195
1.11744
1.1447
1.1447
1.07656
1.09019
1.17195
1.07656
1.1447
1.15833
1.28097
1.25372
1.26735
1.25372
1.15833
1.15833
1.07656
1.03568
0.953916
0.885779
0.913034
0.926661
0.967543
0.994798
1.02205
1.04931
1.09019
1.00843
0.940288
0.940288
0.872152
0.817642
0.804015
0.885779
0.913034
0.953916
0.967543
1.10382
1.11744
1.10382
1.10382
1.07656
1.06293
1.00843
0.994798
0.981171
1.00843
0.899406
0.967543
1.00843
0.940288
0.981171
0.967543
1.00843
0.981171
0.953916
0.940288
0.940288
0.899406
0.858524
0.872152
0.885779
0.981171
0.994798
0.940288
0.953916
0.981171
0.981171
0.967543
1.04931
1.11744
1.10382
1.13107
1.1447
1.17195
1.18558
1.17195
1.18558
1.15833
1.18558
1.17195
1.13107
1.13107
1.07656
1.07656
1.04931
1.09019
1.07656
0.994798
0.994798
0.994798
0.940288
0.926661
0.899406
0.981171
1.07656
1.10382
1.10382
1.03568
0.981171
0.994798
0.926661
0.981171
0.967543
1.03568
1.00843
0.926661
1.00843
1.03568
1.04931
1.09019
1.03568
1.10382
1.03568
1.06293
1.02205
1.02205
0.940288
1.00843
1.03568
1.00843
0.899406
0.967543
0.953916
0.885779
0.885779
0.83127
0.83127
0.844897
0.940288
0.926661
0.994798
0.967543
0.967543
0.940288
0.953916
0.967543
0.994798
0.926661
0.994798
0.926661
0.913034
0.981171
0.967543
0.926661
0.926661
0.940288
0.981171
0.940288
0.981171
0.899406
0.858524
0.885779
0.913034
0.913034
0.953916
0.994798
0.994798
1.02205
1.02205
1.03568
1.02205
1.02205
1.02205
1.00843
1.04931
1.1447
1.10382
1.04931
0.926661
0.913034
0.885779
0.953916
0.994798
0.967543
0.994798
0.981171
1.02205
0.967543
0.994798
0.994798
1.02205
