0.863931
0.913299
0.814564
0.765196
0.863931
1.01203
0.98735
1.0614
1.08608
1.08608
1.11077
0.962666
0.913299
0.863931
0.888615
1.08608
1.18482
1.11077
1.11077
1.03672
1.08608
1.01203
0.98735
0.888615
0.888615
0.962666
0.962666
0.962666
1.01203
1.0614
0.962666
0.913299
0.962666
1.16014
1.2095
1.2095
1.16014
1.03672
1.03672
0.863931
0.888615
0.888615
0.962666
1.03672
1.0614
1.0614
0.98735
1.0614
1.2095
1.23419
1.2095
1.23419
1.2095
1.18482
1.08608
1.08608
1.01203
1.01203
0.98735
0.98735
0.913299
0.888615
0.863931
0.888615
0.98735
1.0614
1.08608
1.16014
1.08608
1.08608
1.03672
0.937982
0.962666
0.98735
0.98735
0.98735
0.937982
0.937982
1.0614
1.01203
1.01203
0.888615
0.814564
0.814564
0.839247
0.765196
0.78988
0.888615
0.863931
0.937982
1.0614
1.01203
1.01203
0.937982
1.0614
1.03672
1.0614
1.08608
1.16014
0.98735
0.913299
0.937982
1.0614
1.13545
1.03672
1.01203
1.11077
1.11077
1.16014
1.16014
1.13545
1.08608
1.11077
1.13545
1.18482
1.11077
1.03672
1.01203
0.863931
0.937982
0.839247
0.913299
0.863931
0.937982
0.98735
0.98735
1.0614
1.16014
1.2095
1.2095
1.23419
1.18482
1.2095
1.18482
1.28355
1.23419
1.11077
1.2095
1.35761
1.33292
1.2095
1.13545
1.08608
1.11077
1.18482
1.18482
1.28355
1.33292
1.30824
1.2095
1.11077
1.03672
1.03672
1.11077
1.18482
1.2095
1.25887
1.30824
1.18482
1.2095
1.2095
1.18482
1.11077
0.98735
0.913299
0.913299
0.814564
0.913299
0.888615
0.888615
0.863931
0.839247
0.913299
0.78988
0.839247
0.839247
0.937982
0.937982
0.962666
1.01203
0.962666
0.962666
1.01203
1.08608
1.13545
1.0614
1.0614
1.11077
1.11077
0.937982
0.937982
1.01203
0.962666
0.98735
0.863931
0.888615
0.913299
0.839247
0.839247
0.814564
0.814564
0.78988
0.937982
0.888615
0.913299
0.888615
0.839247
0.888615
0.888615
0.962666
0.937982
0.839247
0.962666
1.01203
1.03672
1.16014
1.18482
1.18482
1.25887
1.16014
1.01203
0.98735
1.03672
1.01203
1.03672
1.0614
1.0614
0.913299
1.03672
1.08608
1.25887
1.23419
1.25887
1.35761
1.25887
1.11077
1.08608
1.11077
1.0614
1.0614
1.03672
1.28355
1.35761
1.30824
1.28355
1.23419
1.11077
1.16014
1.2095
1.2095
1.16014
1.16014
1.13545
1.11077
1.18482
1.28355
1.25887
1.11077
1.08608
1.01203
1.11077
1.0614
1.08608
0.98735
0.98735
0.740512
0.765196
0.59241
0.715829
0.641777
0.641777
0.740512
0.814564
0.814564
0.863931
0.839247
0.839247
0.78988
0.913299
0.913299
0.814564
0.98735
0.962666
1.0614
1.11077
1.2095
1.11077
1.16014
1.25887
1.23419
1.2095
1.18482
1.11077
1.03672
0.98735
0.98735
0.913299
0.98735
0.888615
0.888615
0.888615
0.814564
0.863931
0.765196
0.666461
0.691145
0.814564
0.765196
0.814564
0.715829
0.691145
0.814564
0.814564
0.888615
0.962666
0.962666
1.0614
1.08608
1.25887
1.2095
1.2095
1.33292
1.48102
1.40697
1.35761
1.35761
1.23419
1.0614
0.913299
0.863931
0.863931
0.863931
0.740512
0.814564
0.78988
0.78988
0.765196
0.78988
0.839247
0.839247
0.913299
0.937982
1.01203
1.16014
1.2095
1.23419
1.35761
1.33292
1.13545
1.23419
1.35761
1.30824
1.38229
1.25887
1.30824
1.2095
1.13545
1.18482
1.18482
1.16014
1.23419
1.16014
1.28355
1.18482
1.01203
0.888615
0.888615
0.863931
0.863931
0.839247
0.814564
0.913299
1.01203
1.0614
1.11077
1.01203
0.98735
0.863931
0.839247
0.863931
0.814564
0.863931
0.937982
0.937982
1.01203
1.03672
1.03672
0.98735
1.11077
0.98735
0.98735
0.913299
0.863931
0.814564
0.913299
0.913299
0.962666
0.913299
1.01203
1.01203
1.08608
1.13545
1.11077
1.03672
1.01203
1.01203
1.03672
1.01203
0.888615
0.937982
1.03672
1.03672
1.01203
0.962666
0.913299
0.937982
0.962666
0.888615
0.913299
0.839247
0.765196
0.691145
0.691145
0.78988
0.814564
0.839247
0.937982
0.98735
1.16014
1.13545
1.13545
1.11077
1.11077
1.13545
1.11077
0.98735
1.08608
1.03672
0.962666
0.814564
0.78988
0.740512
0.740512
0.888615
0.962666
0.962666
0.913299
0.913299
0.937982
0.863931
0.863931
0.839247
0.98735
0.962666
1.0614
1.11077
1.23419
1.11077
1.11077
1.0614
1.03672
0.98735
1.03672
1.11077
1.03672
1.08608
1.03672
1.18482
1.25887
1.35761
1.25887
1.23419
1.25887
1.30824
1.35761
1.38229
1.40697
1.33292
1.45634
1.43166
1.38229
1.33292
1.28355
1.33292
1.25887
1.13545
1.2095
1.13545
1.2095
1.11077
1.16014
1.18482
1.08608
1.11077
1.08608
1.11077
1.16014
1.18482
1.11077
1.01203
1.18482
1.25887
1.23419
1.23419
1.13545
1.01203
0.98735
1.01203
0.913299
0.937982
0.962666
0.913299
0.98735
0.98735
0.98735
0.888615
0.962666
1.03672
1.01203
0.98735
0.962666
0.98735
1.03672
0.98735
0.962666
1.01203
1.11077
1.11077
1.11077
1.01203
1.01203
0.863931
0.913299
0.888615
0.913299
0.863931
0.888615
0.814564
0.814564
0.937982
0.962666
1.0614
1.0614
1.0614
1.0614
1.08608
1.08608
1.11077
1.08608
1.13545
1.16014
1.16014
1.13545
1.18482
1.23419
1.23419
1.2095
1.25887
1.23419
1.18482
1.0614
1.08608
0.98735
0.98735
1.03672
1.08608
1.13545
0.937982
0.937982
0.839247
0.814564
0.78988
0.863931
0.913299
0.888615
0.839247
0.765196
0.814564
0.839247
0.863931
0.765196
0.814564
0.740512
0.765196
0.765196
0.765196
0.740512
0.765196
0.863931
0.863931
0.913299
0.913299
0.765196
0.78988
0.814564
0.863931
0.863931
0.937982
0.937982
1.01203
1.08608
1.13545
1.25887
1.25887
1.25887
1.25887
1.25887
1.18482
1.11077
1.0614
1.08608
1.18482
1.16014
1.08608
1.16014
1.28355
1.30824
1.2095
1.2095
1.23419
1.18482
1.08608
1.13545
1.0614
0.913299
0.98735
1.08608
1.18482
1.08608
1.18482
1.08608
1.0614
1.11077
1.01203
1.01203
1.03672
1.01203
1.08608
1.01203
0.937982
1.01203
0.98735
1.0614
1.11077
1.03672
0.888615
0.937982
0.98735
1.08608
1.03672
0.98735
0.913299
0.888615
0.814564
0.839247
0.962666
0.98735
1.01203
0.962666
0.98735
0.913299
0.765196
0.814564
0.962666
0.962666
0.962666
1.03672
1.11077
1.01203
1.0614
0.98735
0.888615
1.01203
1.03672
1.08608
1.08608
1.11077
1.03672
1.03672
0.913299
0.913299
0.863931
0.863931
0.814564
0.78988
0.937982
0.888615
0.937982
0.888615
0.863931
0.78988
0.814564
0.863931
1.01203
1.08608
1.08608
1.0614
0.98735
1.03672
1.01203
0.962666
1.03672
1.08608
1.03672
1.01203
0.962666
0.937982
0.962666
0.937982
0.962666
0.98735
0.98735
0.962666
1.0614
1.08608
1.13545
1.08608
1.11077
1.11077
1.23419
1.43166
1.33292
1.38229
1.33292
1.25887
1.23419
1.30824
1.28355
1.30824
1.35761
1.35761
1.30824
1.35761
1.35761
1.38229
1.30824
1.30824
1.33292
1.28355
1.40697
1.45634
1.48102
1.38229
1.33292
1.23419
1.11077
1.13545
1.0614
0.98735
1.01203
1.01203
1.03672
1.0614
1.11077
1.16014
1.2095
1.2095
1.08608
1.03672
1.08608
0.98735
0.98735
0.913299
0.937982
1.03672
1.0614
1.0614
1.0614
1.18482
1.2095
1.2095
1.08608
1.0614
1.11077
1.03672
1.0614
1.01203
0.962666
1.01203
1.0614
1.13545
1.25887
1.30824
1.38229
1.35761
1.40697
1.50571
1.50571
1.35761
1.43166
1.48102
1.45634
1.35761
1.38229
1.28355
1.16014
1.08608
1.03672
1.0614
1.03672
0.888615
0.962666
0.962666
0.962666
0.913299
0.78988
0.765196
0.765196
0.715829
0.691145
0.765196
0.765196
0.715829
0.78988
0.78988
0.863931
0.863931
0.715829
0.691145
0.715829
0.641777
0.691145
0.641777
0.715829
0.691145
0.59241
0.666461
0.715829
0.740512
0.715829
0.765196
0.740512
0.715829
0.765196
0.814564
0.863931
0.962666
0.888615
0.937982
0.913299
0.814564
0.78988
0.913299
0.962666
0.888615
0.913299
0.863931
0.937982
1.01203
1.01203
1.13545
1.0614
0.98735
1.01203
0.962666
0.913299
0.839247
0.814564
0.863931
0.937982
0.888615
0.98735
0.98735
1.0614
1.08608
0.937982
0.888615
0.98735
1.0614
0.98735
1.08608
1.03672
1.08608
1.13545
1.08608
1.11077
1.16014
1.08608
1.18482
1.01203
1.08608
1.01203
1.08608
1.01203
0.962666
1.0614
1.11077
1.11077
1.16014
1.03672
0.962666
0.962666
0.888615
0.962666
1.03672
1.01203
0.98735
1.01203
1.03672
0.913299
0.937982
1.01203
0.98735
1.03672
1.08608
1.13545
1.0614
0.888615
0.839247
0.839247
0.863931
0.740512
0.765196
0.715829
0.740512
0.740512
0.666461
0.617094
0.641777
0.666461
0.715829
0.765196
0.888615
0.814564
0.765196
0.863931
0.839247
0.839247
0.78988
0.937982
0.863931
0.98735
1.03672
0.98735
1.03672
1.08608
1.03672
1.03672
0.814564
0.78988
0.888615
0.913299
1.0614
1.08608
1.01203
0.937982
0.888615
0.937982
0.98735
1.01203
0.962666
1.0614
0.913299
0.937982
0.937982
0.839247
0.888615
0.913299
0.937982
0.937982
0.814564
0.78988
0.863931
0.863931
0.814564
0.839247
0.839247
0.863931
0.962666
1.03672
1.03672
0.98735
0.98735
0.937982
0.888615
0.913299
0.888615
0.888615
0.98735
1.03672
1.08608
1.01203
0.913299
0.98735
1.03672
1.03672
1.03672
1.03672
0.937982
0.863931
0.913299
0.98735
1.01203
1.0614
0.98735
0.962666
0.888615
0.937982
0.913299
0.839247
0.863931
0.913299
1.01203
1.18482
1.08608
1.08608
1.11077
1.13545
1.18482
1.13545
1.08608
1.11077
1.13545
1.13545
1.03672
1.08608
1.0614
1.13545
1.13545
1.03672
1.0614
0.98735
0.98735
0.962666
0.962666
1.0614
1.0614
1.01203
0.98735
0.937982
0.913299
0.863931
0.962666
0.937982
0.937982
1.08608
0.937982
0.913299
0.888615
0.888615
1.03672
1.03672
1.0614
1.16014
1.2095
1.30824
1.2095
1.28355
1.30824
1.28355
1.23419
1.2095
1.13545
1.03672
0.98735
0.962666
0.888615
0.888615
0.962666
0.913299
0.962666
0.98735
0.913299
0.839247
0.765196
0.740512
0.666461
0.567726
0.641777
0.641777
0.666461
0.641777
0.691145
0.839247
0.962666
1.0614
1.03672
1.18482
1.30824
1.16014
1.0614
1.08608
1.0614
1.08608
1.0614
0.98735
1.03672
1.03672
1.08608
1.08608
0.962666
1.03672
0.962666
0.98735
0.863931
0.715829
0.863931
0.814564
0.740512
0.666461
0.765196
0.814564
0.814564
0.839247
1.08608
1.11077
1.03672
0.962666
1.03672
0.937982
0.888615
0.98735
0.913299
0.937982
0.98735
0.888615
1.03672
0.913299
1.01203
0.98735
0.913299
0.888615
0.937982
0.888615
0.962666
0.98735
0.913299
1.03672
0.962666
1.01203
0.98735
1.01203
0.962666
0.98735
0.913299
0.814564
0.78988
0.814564
0.839247
0.765196
0.691145
0.691145
0.863931
0.78988
0.839247
0.814564
0.839247
0.765196
0.765196
0.78988
0.839247
0.78988
0.78988
0.888615
0.863931
0.814564
0.863931
0.888615
0.839247
0.839247
0.839247
0.863931
0.839247
0.888615
0.913299
0.98735
0.937982
0.937982
1.01203
1.11077
1.11077
1.11077
0.98735
0.98735
1.0614
1.13545
1.30824
1.23419
1.30824
1.28355
1.18482
1.16014
1.25887
1.35761
1.40697
1.48102
1.40697
1.35761
1.23419
1.28355
1.25887
1.2095
1.18482
1.25887
1.16014
1.25887
1.16014
1.08608
1.0614
1.16014
1.11077
1.03672
0.98735
1.13545
1.01203
1.01203
1.03672
0.98735
1.0614
0.98735
1.01203
1.03672
0.962666
0.888615
0.98735
1.0614
0.937982
0.937982
0.937982
0.863931
0.765196
0.740512
0.863931
0.839247
0.715829
0.740512
0.765196
0.913299
0.863931
0.863931
0.913299
0.863931
0.839247
0.814564
0.839247
0.78988
0.937982
0.98735
0.98735
1.03672
0.913299
0.98735
0.98735
1.0614
1.01203
1.03672
1.0614
1.13545
1.13545
1.08608
0.98735
0.98735
0.937982
0.888615
0.863931
0.839247
0.765196
0.740512
0.740512
0.691145
0.641777
0.691145
0.666461
0.641777
0.641777
0.666461
0.617094
0.59241
0.59241
0.567726
0.59241
0.715829
0.715829
0.740512
0.814564
0.863931
0.888615
0.888615
0.962666
0.98735
0.962666
0.937982
0.937982
0.913299
0.937982
0.962666
1.0614
0.913299
0.765196
0.839247
0.98735
1.03672
0.962666
0.962666
0.937982
0.863931
0.913299
0.839247
0.814564
0.888615
0.888615
0.839247
0.863931
0.814564
0.740512
0.78988
0.765196
0.913299
0.839247
0.863931
0.814564
0.814564
0.78988
0.765196
0.814564
0.937982
1.03672
1.13545
1.03672
1.03672
1.03672
1.0614
1.13545
1.11077
1.08608
1.0614
1.08608
1.01203
1.01203
1.01203
0.98735
0.98735
1.03672
0.913299
1.01203
1.03672
0.962666
0.863931
0.839247
0.863931
0.765196
0.888615
0.888615
0.888615
0.937982
0.962666
1.03672
1.01203
0.98735
0.937982
1.01203
1.0614
0.962666
1.0614
1.01203
1.11077
1.08608
1.01203
0.962666
0.888615
0.962666
0.937982
1.01203
1.18482
1.18482
1.25887
1.25887
1.25887
1.23419
1.2095
1.2095
1.13545
0.98735
0.98735
0.863931
1.01203
0.98735
1.16014
1.18482
1.08608
1.18482
1.13545
1.0614
0.962666
1.11077
1.11077
0.98735
1.0614
1.0614
1.08608
0.937982
0.888615
0.962666
0.98735
0.937982
0.98735
0.913299
0.962666
0.98735
0.962666
1.01203
1.0614
1.13545
1.25887
1.2095
1.16014
1.0614
1.08608
1.03672
1.08608
1.03672
1.01203
1.0614
1.16014
1.11077
1.13545
1.16014
1.0614
0.98735
0.98735
1.01203
0.913299
0.962666
0.913299
0.913299
1.01203
1.01203
1.11077
1.0614
0.98735
1.03672
1.13545
1.18482
1.25887
1.33292
1.33292
1.23419
1.03672
1.01203
0.937982
0.913299
0.839247
0.863931
0.913299
0.839247
0.715829
0.863931
0.814564
0.913299
0.888615
0.937982
0.98735
0.888615
0.863931
0.863931
0.937982
1.03672
1.03672
1.03672
0.98735
1.01203
0.913299
0.962666
1.01203
1.0614
1.01203
1.11077
1.13545
1.16014
1.08608
1.03672
1.11077
0.98735
0.937982
0.962666
1.03672
0.913299
0.888615
0.962666
0.913299
0.98735
0.937982
0.962666
1.01203
1.03672
1.0614
1.01203
1.01203
0.962666
0.962666
1.08608
1.0614
1.01203
1.08608
1.08608
1.11077
1.13545
1.13545
1.11077
1.11077
1.0614
1.08608
0.98735
0.937982
0.839247
0.913299
0.863931
0.98735
0.962666
0.962666
1.01203
0.937982
1.01203
0.913299
0.913299
0.913299
0.98735
0.913299
0.937982
0.962666
0.98735
1.01203
1.08608
1.08608
0.98735
0.98735
0.98735
0.888615
0.888615
0.888615
0.863931
0.937982
0.888615
0.937982
0.888615
0.913299
0.962666
0.98735
0.98735
0.98735
0.98735
0.962666
1.03672
1.08608
1.11077
1.16014
1.18482
1.08608
1.01203
1.03672
1.0614
1.11077
1.01203
0.962666
0.98735
0.839247
0.78988
0.839247
0.78988
0.839247
0.863931
0.814564
0.863931
0.863931
0.814564
0.839247
0.78988
0.839247
0.863931
0.863931
0.814564
0.78988
0.839247
0.814564
0.740512
0.78988
0.78988
0.888615
0.839247
0.888615
1.0614
1.03672
0.913299
0.888615
0.962666
0.98735
0.888615
0.863931
0.888615
0.98735
1.0614
1.03672
1.03672
0.98735
0.839247
0.888615
0.888615
0.962666
0.888615
1.0614
1.03672
0.888615
1.01203
1.03672
0.98735
0.962666
0.937982
0.913299
0.962666
0.888615
0.98735
0.962666
0.962666
0.913299
0.913299
0.937982
0.913299
0.913299
1.01203
1.01203
0.962666
0.814564
0.863931
0.98735
0.937982
1.03672
1.16014
1.08608
1.18482
1.16014
1.0614
0.962666
0.863931
0.765196
0.814564
0.839247
0.913299
0.98735
1.0614
1.13545
1.13545
1.16014
1.0614
1.13545
1.18482
1.08608
0.98735
0.962666
0.98735
1.03672
1.03672
1.16014
1.16014
1.13545
1.08608
0.98735
0.962666
1.13545
1.0614
1.11077
1.08608
1.01203
1.08608
1.03672
1.01203
0.962666
1.01203
1.01203
0.888615
0.913299
0.962666
0.913299
0.962666
0.98735
0.937982
0.913299
1.0614
0.98735
1.0614
0.98735
1.08608
1.03672
0.962666
0.937982
0.913299
0.814564
0.78988
0.863931
0.814564
0.765196
0.765196
0.691145
0.765196
0.78988
0.765196
0.839247
0.814564
0.814564
0.814564
0.863931
0.913299
0.937982
0.937982
0.98735
0.888615
0.863931
0.863931
0.740512
0.691145
0.666461
0.691145
0.765196
0.740512
0.78988
0.913299
0.863931
0.937982
1.03672
0.962666
0.962666
1.01203
0.98735
0.863931
0.765196
0.863931
0.863931
0.839247
0.913299
0.888615
0.863931
0.863931
0.913299
0.913299
0.863931
0.888615
0.863931
1.01203
1.01203
1.01203
0.839247
0.814564
0.740512
0.666461
0.641777
0.666461
0.666461
0.641777
0.691145
0.78988
0.691145
0.839247
0.839247
0.814564
0.78988
0.888615
0.913299
0.937982
0.962666
0.98735
0.98735
1.03672
1.0614
0.962666
0.98735
0.98735
0.962666
0.888615
0.839247
0.814564
0.913299
0.962666
0.863931
0.937982
1.03672
1.0614
1.0614
1.16014
1.2095
1.13545
1.03672
1.01203
1.0614
0.98735
0.765196
0.814564
0.863931
0.765196
0.765196
0.814564
0.839247
0.78988
0.814564
0.78988
0.814564
0.888615
0.839247
0.839247
0.78988
0.765196
0.765196
0.839247
0.863931
0.863931
0.913299
0.888615
0.888615
0.740512
0.740512
0.740512
0.715829
0.691145
0.715829
0.765196
0.715829
0.666461
0.715829
0.765196
0.765196
0.715829
0.765196
0.839247
0.962666
0.962666
0.962666
0.863931
0.937982
0.839247
0.78988
0.715829
0.666461
0.617094
0.666461
0.666461
0.59241
0.641777
0.59241
0.740512
0.740512
0.715829
0.715829
0.666461
0.617094
0.666461
0.493675
0.617094
0.567726
0.543042
0.567726
0.567726
0.59241
0.59241
0.666461
0.666461
0.715829
0.839247
0.888615
0.765196
0.888615
0.913299
0.78988
0.78988
0.863931
0.888615
0.937982
0.98735
1.01203
0.98735
0.937982
1.01203
0.98735
1.03672
0.863931
0.839247
0.814564
0.839247
0.814564
0.888615
0.98735
1.01203
1.03672
0.98735
1.16014
1.08608
1.23419
1.38229
1.2095
1.2095
1.16014
1.16014
1.0614
1.08608
1.08608
1.03672
1.01203
0.98735
1.0614
0.962666
0.913299
0.888615
0.913299
1.01203
1.03672
1.13545
1.08608
1.11077
1.11077
1.11077
1.2095
1.28355
1.25887
1.2095
1.11077
0.98735
1.03672
1.03672
1.0614
0.962666
0.962666
0.913299
0.839247
0.888615
0.78988
0.78988
0.913299
0.98735
1.03672
0.98735
0.98735
1.01203
0.98735
0.962666
0.937982
0.913299
0.913299
0.888615
0.937982
0.937982
0.937982
1.01203
1.08608
0.98735
0.962666
0.937982
0.98735
0.814564
0.913299
0.913299
0.863931
0.888615
0.98735
1.0614
1.08608
1.2095
1.18482
1.2095
1.18482
1.18482
1.2095
1.11077
1.11077
1.13545
1.11077
1.13545
1.13545
1.11077
1.23419
1.25887
1.16014
0.98735
0.962666
0.913299
0.962666
0.962666
1.08608
1.11077
1.2095
1.18482
1.11077
1.08608
1.11077
1.18482
1.11077
1.0614
1.03672
0.98735
0.98735
1.01203
0.98735
0.937982
1.0614
1.13545
1.16014
1.18482
1.25887
1.35761
1.38229
1.40697
1.45634
1.50571
1.50571
1.38229
1.50571
1.48102
1.43166
1.40697
1.35761
1.35761
1.25887
1.18482
1.16014
1.13545
1.13545
1.11077
1.08608
1.13545
1.16014
1.16014
1.2095
1.23419
1.23419
1.25887
1.30824
1.18482
1.23419
1.13545
1.08608
0.913299
0.937982
0.863931
0.78988
0.839247
0.839247
0.863931
0.937982
0.888615
0.937982
0.888615
0.913299
0.937982
0.937982
0.962666
1.03672
1.03672
1.13545
1.16014
1.13545
1.0614
1.0614
1.0614
0.937982
0.937982
0.962666
0.98735
1.03672
0.98735
0.962666
0.98735
1.03672
1.03672
0.937982
