1.01493
1.03408
0.957486
0.919186
0.938336
0.900037
0.861737
0.900037
0.938336
0.957486
0.938336
0.919186
0.842588
0.804288
0.842588
0.823438
0.957486
0.938336
0.900037
1.01493
0.957486
0.938336
0.823438
0.861737
0.842588
0.938336
0.995785
1.09153
1.09153
1.07238
1.01493
1.07238
1.07238
1.01493
1.07238
1.03408
1.11068
1.01493
0.976636
0.995785
1.01493
0.957486
0.957486
1.05323
1.01493
0.938336
0.900037
0.938336
0.976636
0.919186
0.919186
0.938336
0.957486
0.919186
0.900037
0.938336
0.900037
0.842588
0.938336
0.938336
0.880887
0.995785
0.938336
0.880887
0.842588
0.765989
0.861737
0.842588
0.957486
0.938336
1.01493
1.07238
1.01493
1.01493
0.995785
1.01493
1.11068
1.16813
1.11068
1.01493
0.976636
0.861737
0.919186
0.957486
0.976636
1.01493
0.938336
0.995785
1.01493
0.957486
0.957486
0.995785
0.976636
0.957486
0.976636
1.09153
1.01493
0.938336
0.938336
0.919186
0.995785
1.03408
1.11068
1.20643
1.12983
1.22558
1.28303
1.24473
1.22558
1.12983
1.24473
1.16813
1.18728
1.14898
1.14898
1.18728
1.22558
1.22558
1.22558
1.16813
1.14898
1.18728
1.11068
1.01493
0.938336
0.938336
0.900037
0.957486
1.01493
1.03408
0.995785
1.05323
1.11068
1.16813
1.05323
1.09153
1.09153
1.03408
1.07238
1.11068
1.09153
1.12983
1.09153
1.07238
1.11068
1.16813
1.11068
1.16813
1.18728
1.16813
1.11068
1.22558
1.14898
1.14898
1.11068
1.05323
0.957486
0.976636
1.03408
0.938336
0.995785
1.05323
1.09153
1.05323
1.11068
1.18728
1.20643
1.20643
1.09153
1.09153
1.07238
1.05323
0.976636
0.976636
1.11068
1.12983
1.12983
1.09153
1.12983
0.995785
0.919186
0.976636
1.05323
1.16813
1.20643
1.26388
1.22558
1.18728
1.16813
1.12983
1.12983
1.09153
1.07238
1.05323
1.18728
1.20643
1.12983
1.09153
0.995785
0.957486
0.995785
0.900037
0.995785
1.07238
1.05323
1.11068
1.09153
1.14898
1.07238
0.995785
0.976636
0.900037
0.880887
0.900037
0.938336
0.900037
0.976636
0.976636
0.976636
0.880887
0.880887
0.861737
0.880887
0.995785
1.05323
1.05323
0.938336
0.957486
0.938336
0.995785
1.05323
1.03408
1.05323
1.11068
1.22558
1.12983
1.24473
1.26388
1.34048
1.14898
1.01493
1.05323
1.05323
1.18728
1.22558
1.22558
1.12983
1.03408
0.995785
0.938336
0.919186
0.957486
0.900037
0.900037
0.919186
0.919186
1.01493
1.05323
1.01493
1.05323
1.11068
1.05323
0.976636
0.938336
0.880887
0.823438
0.765989
0.804288
0.823438
0.804288
0.804288
0.938336
0.938336
0.938336
0.976636
1.16813
1.11068
1.03408
1.07238
1.12983
1.20643
1.16813
1.18728
1.12983
1.11068
1.12983
1.07238
1.11068
1.12983
1.01493
1.11068
1.05323
1.05323
1.05323
1.24473
1.39793
1.35963
1.45538
1.37878
1.30218
1.18728
1.20643
1.22558
1.11068
1.16813
1.16813
1.11068
1.01493
1.01493
0.919186
0.995785
1.01493
1.03408
1.05323
1.05323
1.05323
1.14898
1.22558
1.16813
1.01493
1.01493
1.05323
1.05323
1.03408
1.03408
0.976636
0.976636
0.938336
0.900037
0.823438
0.785138
0.842588
1.07238
1.11068
1.20643
1.22558
1.22558
1.09153
1.05323
0.995785
1.01493
0.919186
0.938336
0.919186
0.938336
0.880887
0.900037
1.03408
0.976636
1.03408
1.07238
1.09153
1.11068
1.01493
1.09153
1.05323
1.01493
1.12983
1.22558
1.20643
1.11068
1.12983
1.11068
0.995785
0.995785
1.09153
1.20643
1.30218
1.20643
1.24473
1.20643
1.18728
1.12983
1.12983
1.20643
1.22558
1.14898
1.09153
1.05323
1.03408
1.03408
0.938336
0.880887
0.861737
0.957486
0.938336
0.976636
0.995785
1.03408
1.05323
1.03408
1.01493
1.07238
1.01493
1.03408
1.05323
0.976636
0.957486
0.938336
0.919186
0.995785
0.957486
1.01493
1.03408
1.01493
0.938336
0.976636
1.03408
1.16813
1.16813
1.18728
1.14898
1.09153
0.995785
0.938336
0.842588
0.842588
0.804288
0.823438
0.842588
0.842588
0.880887
0.880887
0.957486
1.03408
1.05323
1.12983
1.03408
1.07238
1.12983
1.07238
1.11068
1.01493
0.938336
0.995785
1.03408
1.01493
1.05323
1.12983
1.20643
1.11068
1.09153
1.01493
0.976636
0.900037
0.900037
0.880887
0.842588
0.823438
0.880887
0.900037
0.976636
1.07238
1.01493
1.07238
1.03408
1.03408
1.03408
1.07238
1.03408
0.900037
0.919186
0.823438
0.804288
0.746839
0.785138
0.842588
0.919186
0.957486
1.09153
1.12983
1.16813
1.20643
1.18728
1.11068
1.12983
0.995785
1.09153
1.09153
1.07238
1.05323
1.01493
1.03408
1.07238
0.995785
0.976636
1.03408
1.03408
0.995785
0.938336
0.900037
0.900037
0.900037
0.957486
1.03408
0.995785
1.01493
1.14898
1.11068
1.05323
0.995785
0.842588
0.842588
0.842588
0.900037
0.995785
0.957486
1.01493
1.11068
1.05323
0.995785
0.976636
0.995785
0.976636
0.995785
0.900037
0.919186
0.995785
0.938336
0.861737
0.938336
0.957486
0.938336
0.957486
0.900037
0.900037
0.995785
1.01493
1.05323
0.957486
1.01493
1.03408
1.11068
1.14898
1.14898
1.11068
1.09153
1.09153
1.03408
0.957486
0.957486
0.880887
0.823438
0.900037
0.861737
0.880887
0.900037
0.919186
0.976636
0.804288
0.823438
0.746839
0.765989
0.880887
0.995785
0.976636
0.938336
0.880887
1.01493
1.03408
1.05323
1.03408
1.01493
0.957486
0.919186
0.861737
0.842588
0.785138
0.804288
0.861737
0.823438
0.880887
0.861737
0.919186
0.919186
0.919186
0.861737
0.919186
0.900037
0.861737
0.804288
0.861737
0.900037
0.919186
0.957486
0.957486
0.976636
0.957486
0.938336
0.995785
0.995785
0.957486
0.957486
0.919186
0.880887
0.861737
0.842588
0.919186
0.919186
0.919186
0.919186
0.938336
1.07238
1.12983
1.01493
1.05323
1.14898
1.05323
0.957486
1.03408
1.03408
1.07238
1.16813
1.22558
1.26388
1.34048
1.37878
1.35963
1.28303
1.22558
1.28303
1.32133
1.26388
1.16813
1.18728
1.11068
1.14898
1.12983
1.11068
1.05323
1.12983
1.14898
1.11068
1.05323
0.976636
1.03408
1.05323
1.05323
1.14898
1.05323
1.07238
1.05323
1.05323
1.09153
1.12983
1.11068
0.995785
1.09153
1.07238
1.09153
1.03408
1.14898
1.05323
1.07238
1.07238
1.03408
1.03408
1.01493
0.938336
0.919186
1.05323
1.11068
1.16813
1.11068
1.14898
1.11068
1.14898
1.07238
1.03408
1.01493
0.938336
0.995785
0.957486
0.861737
0.957486
1.05323
0.995785
1.07238
1.12983
1.12983
1.03408
0.919186
0.995785
0.919186
0.919186
0.900037
0.919186
0.976636
1.03408
1.05323
1.05323
1.01493
0.995785
0.938336
0.880887
0.900037
0.957486
1.01493
1.01493
0.938336
0.995785
0.957486
0.976636
1.05323
0.995785
0.976636
0.957486
0.938336
0.976636
0.919186
0.957486
0.938336
0.938336
0.957486
0.957486
0.861737
0.957486
1.03408
1.11068
1.07238
1.09153
1.11068
1.09153
1.12983
1.05323
0.995785
0.900037
1.01493
1.03408
0.976636
1.07238
1.03408
1.11068
1.03408
1.07238
1.07238
1.09153
0.995785
0.919186
0.976636
0.900037
0.995785
0.976636
1.01493
1.01493
1.05323
1.03408
1.01493
1.03408
0.900037
0.938336
0.919186
0.976636
0.785138
0.880887
0.823438
0.900037
0.976636
0.938336
0.938336
0.957486
0.995785
0.995785
1.03408
1.01493
1.07238
1.01493
1.05323
0.919186
0.919186
0.900037
0.861737
0.70854
0.785138
0.765989
0.785138
0.880887
1.05323
1.03408
0.995785
1.11068
1.11068
1.07238
1.03408
1.05323
0.880887
0.823438
0.785138
0.765989
0.727689
0.785138
0.746839
0.765989
0.804288
0.880887
0.823438
0.880887
0.938336
0.880887
0.880887
0.842588
0.900037
0.938336
0.938336
0.880887
0.919186
0.900037
0.842588
0.861737
0.880887
0.842588
0.804288
0.919186
0.995785
0.995785
1.07238
1.09153
1.09153
1.12983
1.12983
1.11068
1.03408
0.938336
1.05323
1.05323
0.995785
1.12983
1.07238
0.957486
0.976636
0.995785
0.957486
0.995785
0.938336
1.01493
1.11068
1.05323
1.18728
1.11068
1.09153
1.11068
1.03408
1.07238
0.957486
0.938336
0.900037
0.861737
0.995785
1.03408
1.01493
1.09153
1.09153
1.05323
1.03408
1.07238
1.14898
1.18728
1.11068
1.18728
1.28303
1.32133
1.18728
1.22558
1.11068
1.07238
0.976636
0.880887
0.823438
0.861737
0.938336
0.938336
0.919186
0.938336
0.938336
0.957486
1.01493
1.07238
1.03408
1.18728
1.16813
1.18728
1.11068
1.12983
1.11068
1.03408
1.05323
1.03408
0.976636
0.880887
0.900037
0.823438
0.823438
0.861737
0.823438
0.804288
0.861737
0.861737
0.919186
0.919186
0.900037
0.900037
0.900037
0.976636
0.861737
0.823438
0.804288
0.842588
0.823438
0.900037
0.900037
0.900037
0.900037
0.919186
0.938336
0.861737
0.880887
0.919186
0.938336
0.976636
1.01493
0.995785
1.05323
1.07238
0.957486
0.919186
0.900037
0.880887
0.861737
0.938336
0.995785
1.01493
1.03408
1.07238
1.03408
1.05323
1.09153
0.995785
1.05323
1.01493
1.11068
1.07238
1.11068
1.14898
1.11068
1.01493
1.05323
1.03408
1.03408
1.05323
1.12983
1.20643
1.18728
1.09153
1.03408
0.976636
0.995785
0.976636
1.01493
1.09153
1.07238
1.05323
1.05323
0.995785
0.957486
0.919186
0.976636
1.03408
0.995785
0.919186
0.823438
0.900037
0.861737
0.919186
0.900037
0.938336
0.861737
0.919186
0.880887
0.861737
0.880887
0.823438
0.861737
0.957486
0.976636
1.03408
1.09153
0.995785
0.861737
0.842588
0.785138
0.880887
0.861737
0.823438
0.900037
1.01493
1.01493
1.07238
0.995785
1.01493
0.995785
0.957486
0.900037
0.995785
0.900037
0.785138
0.823438
0.900037
0.842588
0.880887
0.957486
0.938336
0.919186
0.842588
0.861737
0.880887
0.938336
0.919186
0.957486
0.976636
1.01493
1.01493
1.05323
1.09153
1.05323
1.05323
1.09153
1.11068
1.03408
1.03408
0.995785
0.976636
0.976636
0.880887
0.938336
0.919186
0.938336
0.957486
0.938336
0.900037
0.900037
0.919186
0.995785
1.05323
0.976636
1.01493
0.995785
1.01493
1.05323
1.16813
1.05323
1.16813
1.18728
1.26388
1.28303
1.20643
1.09153
1.07238
0.995785
0.957486
0.938336
0.861737
0.880887
1.01493
0.919186
0.842588
0.785138
0.804288
0.804288
0.842588
0.842588
0.804288
0.842588
0.823438
0.900037
0.976636
1.03408
1.07238
1.01493
0.957486
0.900037
0.880887
0.919186
0.880887
0.919186
0.900037
0.861737
0.861737
0.938336
0.880887
0.842588
0.842588
0.804288
0.861737
0.880887
0.976636
1.09153
1.16813
1.12983
1.09153
1.01493
1.03408
1.01493
0.976636
1.05323
0.938336
1.07238
1.03408
0.919186
0.842588
0.861737
0.957486
0.976636
0.919186
0.938336
0.938336
0.995785
0.995785
1.05323
0.995785
1.03408
0.976636
0.900037
0.919186
0.919186
0.938336
0.976636
1.07238
1.09153
1.01493
0.957486
1.05323
0.861737
0.823438
0.765989
0.765989
0.727689
0.68939
0.68939
0.727689
0.727689
0.785138
0.842588
0.842588
0.842588
0.861737
0.880887
0.995785
1.07238
1.12983
1.12983
1.22558
1.20643
1.11068
1.03408
0.995785
0.976636
1.03408
0.938336
0.938336
0.976636
0.976636
1.03408
1.03408
1.05323
1.01493
1.03408
1.07238
1.12983
1.20643
1.14898
1.16813
1.14898
1.05323
1.03408
0.919186
0.880887
0.957486
1.03408
1.05323
1.03408
1.03408
1.03408
0.995785
1.03408
0.995785
1.05323
1.01493
1.05323
1.01493
1.09153
1.09153
0.957486
0.957486
0.976636
0.995785
0.880887
0.861737
0.785138
0.765989
0.880887
0.957486
0.976636
1.01493
1.05323
0.919186
0.900037
0.861737
0.842588
0.804288
0.842588
0.880887
0.861737
0.957486
0.938336
0.938336
0.938336
0.995785
0.976636
0.995785
0.976636
0.919186
0.900037
0.957486
0.880887
0.804288
0.842588
0.919186
0.919186
1.07238
1.05323
1.16813
1.12983
1.07238
1.03408
0.976636
1.05323
1.12983
1.14898
1.09153
1.03408
0.957486
0.995785
0.995785
0.919186
0.900037
0.900037
0.900037
0.823438
0.823438
0.880887
0.823438
0.938336
0.880887
0.861737
0.765989
0.785138
0.67024
0.67024
0.65109
0.67024
0.65109
0.727689
0.67024
0.785138
0.823438
0.861737
0.957486
0.880887
0.880887
0.976636
0.880887
0.823438
0.900037
0.957486
0.861737
0.976636
1.01493
0.957486
0.919186
0.900037
0.880887
0.880887
0.861737
0.880887
0.823438
0.823438
0.938336
0.880887
0.765989
0.70854
0.746839
0.765989
0.785138
0.842588
0.861737
0.785138
0.804288
0.727689
0.70854
0.746839
0.785138
0.861737
0.900037
0.919186
0.976636
1.03408
1.01493
1.01493
0.938336
0.919186
0.842588
0.880887
0.900037
0.842588
0.823438
0.785138
0.804288
0.804288
0.804288
0.727689
0.70854
0.70854
0.68939
0.67024
0.785138
0.804288
0.765989
0.70854
0.68939
0.746839
0.746839
0.842588
0.900037
0.976636
0.900037
0.900037
0.842588
0.823438
0.765989
0.785138
0.804288
0.823438
0.804288
0.842588
0.68939
0.746839
0.785138
0.823438
0.804288
0.880887
0.900037
0.880887
0.823438
0.842588
0.823438
0.880887
1.01493
1.03408
1.05323
0.995785
0.995785
0.995785
1.01493
1.07238
0.995785
0.976636
1.07238
1.20643
1.12983
1.20643
1.20643
1.22558
1.18728
1.11068
1.07238
0.976636
0.995785
0.957486
0.976636
0.957486
0.900037
0.842588
0.880887
0.938336
0.938336
0.861737
0.880887
0.900037
0.804288
0.823438
0.785138
0.861737
0.842588
0.842588
0.861737
0.900037
0.880887
0.938336
0.919186
0.995785
1.01493
0.995785
1.05323
1.01493
0.938336
0.900037
0.957486
0.938336
0.919186
0.919186
1.03408
1.05323
1.07238
1.05323
1.14898
1.18728
1.16813
1.05323
1.03408
1.14898
1.12983
1.14898
1.09153
1.01493
0.976636
0.919186
0.938336
1.03408
1.07238
0.976636
1.01493
1.07238
1.11068
1.12983
1.07238
1.07238
1.01493
0.995785
1.01493
0.900037
0.861737
0.861737
0.995785
1.05323
1.11068
1.09153
1.07238
1.05323
1.14898
1.18728
1.14898
1.12983
0.938336
0.900037
0.842588
0.861737
0.842588
0.785138
0.746839
0.861737
0.842588
0.880887
0.900037
0.976636
0.938336
0.976636
0.900037
0.861737
0.842588
0.765989
0.823438
0.919186
0.938336
1.03408
1.07238
1.16813
1.09153
1.09153
1.07238
1.14898
1.12983
1.01493
0.938336
0.900037
0.880887
0.880887
0.861737
0.861737
0.880887
0.861737
0.842588
0.919186
0.976636
1.07238
1.07238
1.09153
1.11068
1.03408
1.11068
1.11068
1.03408
1.09153
0.995785
0.957486
0.804288
0.842588
0.880887
0.957486
0.995785
0.957486
0.823438
0.861737
0.765989
0.70854
0.70854
0.68939
0.765989
0.804288
0.842588
0.842588
0.804288
0.727689
0.746839
0.746839
0.804288
0.919186
0.900037
0.957486
0.995785
0.976636
0.957486
0.900037
0.804288
0.842588
0.900037
0.823438
0.765989
0.70854
0.746839
0.765989
0.746839
0.785138
0.823438
0.880887
0.842588
0.880887
0.976636
0.976636
0.938336
0.919186
0.995785
0.919186
0.900037
0.861737
0.919186
0.900037
0.938336
1.01493
1.03408
1.07238
1.11068
1.09153
1.05323
0.995785
0.995785
1.03408
1.01493
0.976636
0.900037
0.919186
0.957486
0.938336
0.919186
0.919186
0.900037
0.861737
0.880887
0.823438
0.880887
0.823438
0.804288
0.861737
0.900037
0.919186
0.957486
0.900037
0.785138
0.765989
0.68939
0.70854
0.593641
0.555342
0.67024
0.68939
0.67024
0.746839
0.804288
0.823438
0.785138
0.765989
0.765989
0.727689
0.765989
0.919186
1.03408
1.12983
1.14898
1.30218
1.26388
1.24473
1.14898
0.976636
1.01493
0.938336
0.842588
0.842588
0.861737
0.861737
0.919186
0.919186
0.804288
0.804288
0.746839
0.746839
0.631941
0.68939
0.70854
0.68939
0.785138
0.727689
0.746839
0.727689
0.727689
0.631941
0.70854
0.65109
0.631941
0.68939
0.727689
0.785138
0.804288
0.861737
0.842588
0.804288
0.900037
0.900037
0.900037
0.880887
0.804288
0.70854
0.785138
0.765989
0.785138
0.804288
0.70854
0.68939
0.68939
0.823438
0.900037
1.07238
1.03408
1.11068
1.18728
1.09153
1.03408
1.12983
1.07238
1.03408
1.03408
1.07238
1.03408
1.01493
0.861737
0.957486
0.900037
0.823438
0.746839
0.804288
0.842588
0.919186
0.938336
0.900037
0.957486
1.05323
1.03408
0.995785
1.09153
1.12983
1.20643
1.30218
1.22558
1.09153
0.976636
0.957486
0.976636
0.957486
0.900037
0.976636
0.900037
0.880887
0.976636
0.995785
0.938336
0.919186
0.919186
0.957486
0.880887
0.861737
0.785138
0.861737
0.823438
0.880887
0.900037
0.938336
0.976636
1.11068
1.07238
0.976636
0.938336
0.976636
1.01493
0.938336
1.01493
1.01493
1.01493
1.01493
0.957486
1.03408
1.07238
1.01493
1.05323
0.957486
0.880887
0.976636
1.03408
0.919186
0.938336
0.976636
0.995785
0.957486
0.957486
0.938336
0.880887
0.919186
0.861737
0.746839
0.842588
0.880887
1.03408
1.09153
1.03408
1.09153
1.16813
1.20643
1.22558
1.22558
1.26388
1.20643
1.26388
1.24473
1.26388
1.14898
1.11068
1.01493
0.880887
0.765989
0.70854
0.67024
0.70854
0.68939
0.785138
0.842588
0.957486
1.07238
1.12983
1.20643
1.22558
1.18728
1.14898
1.12983
1.09153
1.03408
1.01493
1.11068
1.14898
1.12983
1.12983
1.12983
1.14898
1.05323
1.01493
1.07238
1.07238
0.976636
0.938336
0.919186
0.861737
0.765989
0.727689
0.765989
0.785138
0.804288
0.880887
0.957486
1.01493
1.01493
0.919186
0.842588
0.842588
0.861737
0.804288
0.919186
0.957486
0.957486
0.976636
0.861737
0.804288
0.823438
0.919186
1.03408
1.09153
1.12983
1.03408
0.976636
0.938336
0.861737
0.880887
0.976636
1.03408
0.995785
0.957486
0.938336
0.919186
0.861737
0.861737
0.957486
0.938336
0.880887
0.900037
0.938336
0.957486
0.938336
0.842588
0.842588
0.900037
0.976636
1.01493
1.11068
1.03408
0.976636
0.861737
0.861737
0.900037
0.823438
0.880887
0.900037
0.919186
0.976636
0.861737
0.861737
0.938336
1.07238
1.03408
0.938336
0.995785
0.938336
1.03408
0.976636
1.01493
1.03408
1.03408
1.05323
0.995785
1.01493
1.05323
1.11068
1.11068
1.11068
1.03408
1.03408
0.957486
0.919186
0.919186
0.861737
0.842588
0.957486
0.900037
0.919186
1.05323
0.900037
0.919186
1.03408
1.01493
0.976636
0.938336
0.938336
0.995785
0.938336
0.995785
0.976636
0.919186
0.900037
0.976636
0.995785
0.995785
0.995785
1.07238
1.14898
1.18728
1.18728
1.11068
1.03408
1.11068
1.14898
1.07238
1.12983
1.11068
1.07238
1.16813
1.12983
1.05323
1.01493
0.900037
0.900037
0.900037
0.957486
1.05323
0.995785
0.976636
1.05323
1.07238
1.03408
1.05323
0.880887
0.861737
0.919186
0.880887
0.842588
0.880887
0.804288
0.861737
0.823438
0.804288
0.842588
0.938336
0.919186
0.938336
0.957486
0.957486
0.861737
0.842588
0.804288
0.765989
0.765989
0.804288
0.842588
0.785138
0.785138
0.900037
0.880887
0.919186
0.995785
1.09153
1.11068
1.09153
0.976636
1.03408
0.938336
1.01493
0.976636
0.976636
0.880887
0.919186
0.900037
0.804288
0.804288
0.861737
0.900037
0.880887
0.880887
1.01493
1.01493
0.957486
1.01493
0.995785
0.900037
0.842588
0.938336
0.995785
0.919186
0.919186
0.919186
0.900037
0.919186
0.995785
0.957486
0.957486
1.01493
1.03408
0.995785
1.05323
0.976636
0.919186
0.842588
0.919186
0.995785
0.976636
1.01493
0.995785
1.03408
0.957486
0.957486
0.995785
0.938336
0.861737
0.861737
0.765989
0.727689
0.746839
0.842588
0.880887
0.919186
0.880887
0.919186
0.823438
0.785138
0.785138
0.861737
0.880887
0.900037
0.880887
0.861737
0.823438
0.900037
0.957486
0.880887
0.976636
0.995785
0.976636
0.976636
1.03408
1.05323
1.05323
1.05323
1.01493
0.938336
0.861737
0.823438
0.727689
0.765989
0.823438
0.880887
0.880887
0.919186
0.976636
0.900037
0.957486
0.957486
1.01493
1.01493
