1.11598
1.11598
1.18684
1.18684
1.15141
1.11598
1.08056
1.02741
1.15141
1.08056
1.06284
1.04513
1.09827
1.16913
1.1337
1.15141
1.1337
1.22227
1.20455
1.18684
1.15141
1.08056
1.18684
1.23998
1.34627
1.41712
1.45255
1.41712
1.34627
1.20455
1.15141
1.08056
1.04513
1.02741
1.02741
0.974272
1.04513
1.06284
1.04513
1.1337
1.16913
1.09827
1.04513
0.974272
0.956558
0.956558
0.991986
0.938844
1.0097
1.06284
1.06284
1.1337
1.09827
1.09827
1.22227
1.1337
1.20455
1.2577
1.11598
1.11598
1.09827
1.09827
1.15141
1.1337
1.06284
1.09827
1.0097
0.938844
0.991986
0.991986
0.974272
0.903416
0.867988
0.850274
0.885702
0.903416
0.938844
0.938844
0.867988
0.938844
0.956558
1.0097
1.06284
1.1337
1.16913
1.16913
1.18684
1.1337
1.08056
1.09827
1.15141
1.16913
1.06284
1.09827
1.0097
0.991986
0.991986
1.0097
0.974272
0.956558
1.06284
0.991986
1.02741
0.938844
0.903416
0.867988
0.814845
0.779417
0.761703
0.708561
0.690847
0.690847
0.673133
0.743989
0.832559
0.814845
0.814845
0.867988
0.850274
0.974272
0.956558
0.974272
0.956558
0.974272
1.0097
0.974272
1.08056
1.11598
1.11598
1.06284
1.04513
1.04513
1.0097
1.02741
1.08056
1.11598
1.15141
1.06284
1.08056
1.0097
1.02741
0.92113
0.938844
0.974272
0.991986
0.92113
0.903416
1.06284
1.1337
1.20455
1.09827
1.02741
0.956558
0.92113
0.832559
0.814845
0.779417
0.779417
0.850274
0.797131
0.850274
0.974272
1.1337
1.1337
1.1337
1.16913
1.04513
1.08056
1.08056
1.08056
1.22227
1.15141
1.04513
1.06284
1.04513
1.0097
0.974272
0.903416
0.850274
0.850274
0.832559
0.867988
0.797131
0.797131
0.797131
0.867988
0.885702
0.850274
0.867988
0.974272
0.903416
0.92113
0.814845
0.797131
0.832559
0.867988
0.797131
0.797131
0.867988
0.814845
0.903416
0.938844
0.903416
0.885702
0.814845
0.92113
0.903416
0.938844
0.885702
0.92113
0.885702
1.0097
1.02741
1.08056
1.04513
1.06284
1.16913
1.22227
1.29312
1.2577
1.2577
1.23998
1.2577
1.20455
1.1337
1.08056
1.02741
0.991986
1.0097
1.04513
1.06284
1.02741
1.02741
1.02741
0.991986
1.09827
1.09827
1.09827
1.15141
1.1337
1.08056
1.02741
1.08056
1.04513
0.956558
1.0097
1.08056
1.1337
1.16913
1.1337
1.11598
1.02741
0.974272
1.0097
0.991986
0.956558
0.956558
1.04513
1.04513
1.0097
1.08056
1.15141
1.04513
1.06284
1.08056
1.11598
1.11598
1.11598
1.11598
1.16913
1.27541
1.18684
1.1337
1.16913
1.20455
1.11598
1.1337
1.16913
1.1337
1.06284
0.991986
0.956558
1.04513
1.02741
1.0097
0.974272
1.02741
1.0097
1.1337
1.08056
1.04513
1.08056
1.16913
1.18684
1.16913
1.20455
1.15141
1.0097
0.938844
0.991986
1.02741
1.0097
1.02741
1.02741
0.938844
0.938844
0.885702
0.938844
0.938844
0.956558
1.06284
0.974272
1.0097
0.974272
1.02741
1.09827
1.1337
1.16913
1.18684
1.08056
1.1337
1.11598
1.09827
1.04513
1.0097
0.991986
1.09827
0.991986
1.04513
1.06284
1.08056
1.09827
0.867988
0.867988
0.867988
1.0097
1.11598
1.08056
1.16913
1.1337
1.11598
1.09827
1.18684
1.15141
1.0097
1.02741
0.974272
0.991986
0.991986
0.903416
0.867988
0.903416
0.938844
0.938844
0.903416
0.850274
0.885702
0.903416
0.903416
0.938844
0.974272
1.0097
1.09827
1.11598
1.1337
0.974272
0.850274
0.797131
0.743989
0.761703
0.708561
0.779417
0.814845
0.797131
0.814845
0.797131
0.797131
0.779417
0.797131
0.850274
0.867988
0.850274
0.92113
0.974272
1.06284
1.08056
1.09827
1.04513
1.04513
1.1337
1.1337
1.16913
1.02741
0.974272
1.0097
1.04513
1.1337
1.02741
1.0097
0.92113
0.885702
0.832559
0.850274
0.850274
0.867988
0.850274
0.814845
0.867988
0.867988
0.885702
0.832559
0.903416
0.92113
0.991986
0.974272
1.02741
1.0097
1.08056
1.06284
1.08056
1.02741
1.08056
1.09827
1.08056
0.956558
0.974272
0.938844
0.903416
0.867988
0.850274
0.761703
0.797131
0.885702
0.867988
0.938844
0.991986
1.09827
1.16913
1.1337
1.11598
1.16913
1.11598
1.15141
1.11598
1.09827
1.06284
0.938844
0.974272
1.04513
1.09827
1.23998
1.31084
1.36398
1.36398
1.22227
1.22227
1.23998
1.31084
1.31084
1.27541
1.27541
1.16913
1.1337
1.1337
1.06284
1.11598
1.06284
1.09827
1.04513
1.08056
1.08056
1.0097
1.04513
1.06284
1.09827
0.991986
0.974272
0.991986
0.974272
0.991986
0.885702
0.885702
0.903416
0.885702
0.903416
0.903416
0.92113
0.956558
1.02741
1.09827
1.11598
1.11598
1.02741
1.02741
1.04513
1.0097
0.814845
0.779417
0.779417
0.797131
0.814845
0.779417
0.797131
0.832559
0.92113
0.991986
1.04513
1.02741
0.974272
0.938844
0.885702
0.885702
0.867988
0.832559
0.885702
0.885702
0.938844
0.974272
0.956558
0.974272
0.92113
0.956558
1.0097
1.11598
1.08056
1.02741
1.09827
1.06284
1.06284
1.04513
1.1337
1.09827
1.09827
0.974272
1.0097
1.02741
0.974272
0.991986
0.956558
0.938844
0.974272
0.92113
0.885702
0.92113
0.92113
0.92113
0.92113
0.956558
0.92113
0.991986
0.974272
0.956558
1.0097
0.991986
0.991986
0.974272
1.06284
1.04513
1.11598
1.0097
1.04513
1.04513
1.02741
0.974272
0.991986
0.991986
1.0097
1.0097
0.956558
0.92113
0.974272
0.991986
0.974272
0.938844
0.885702
0.867988
0.850274
0.92113
0.850274
0.832559
0.867988
0.814845
0.832559
0.867988
0.832559
0.814845
0.673133
0.761703
0.743989
0.814845
0.761703
0.814845
0.814845
0.797131
0.850274
0.903416
0.850274
0.938844
0.938844
0.903416
0.974272
1.0097
1.0097
1.06284
1.11598
1.0097
0.938844
0.903416
0.903416
0.991986
0.974272
0.991986
1.04513
1.06284
1.06284
0.991986
0.938844
1.0097
0.92113
0.885702
0.92113
0.938844
0.956558
1.0097
0.991986
0.938844
1.09827
1.09827
1.04513
0.974272
0.956558
0.956558
1.06284
1.0097
1.0097
1.0097
0.938844
1.0097
1.02741
1.06284
1.09827
1.09827
1.04513
1.08056
1.08056
0.991986
1.0097
1.04513
0.991986
0.956558
0.991986
0.974272
0.832559
0.974272
0.974272
0.974272
0.938844
0.956558
0.974272
0.938844
0.903416
0.92113
0.92113
0.974272
1.1337
1.15141
1.16913
1.27541
1.18684
1.27541
1.22227
1.20455
1.16913
1.11598
1.18684
1.15141
1.11598
1.09827
1.02741
1.1337
1.15141
1.1337
1.09827
1.1337
1.16913
1.09827
1.08056
1.08056
0.991986
1.04513
1.11598
1.16913
1.23998
1.18684
1.11598
1.06284
1.08056
1.11598
1.08056
1.08056
1.08056
1.18684
1.16913
1.16913
1.15141
1.08056
0.991986
0.956558
1.04513
1.11598
1.18684
1.20455
1.27541
1.23998
1.11598
1.08056
1.11598
1.22227
1.20455
1.15141
1.11598
1.06284
1.06284
1.09827
1.08056
1.0097
1.0097
1.04513
1.08056
0.974272
1.04513
1.08056
1.04513
1.06284
1.09827
1.09827
1.20455
1.20455
1.20455
1.11598
1.06284
1.04513
0.867988
0.814845
0.814845
0.797131
0.92113
1.04513
1.08056
1.02741
1.04513
0.991986
1.04513
0.991986
1.0097
1.06284
1.04513
1.04513
1.06284
0.974272
0.832559
0.779417
0.832559
0.797131
0.814845
0.956558
0.956558
1.0097
0.974272
1.0097
0.938844
0.92113
0.903416
0.867988
0.92113
0.903416
0.956558
1.0097
1.02741
1.0097
0.92113
1.02741
1.06284
1.15141
1.15141
1.09827
1.06284
1.06284
0.903416
0.903416
0.974272
0.956558
1.04513
1.15141
1.11598
1.11598
1.15141
1.1337
1.20455
1.23998
1.20455
1.20455
1.22227
1.1337
1.04513
1.0097
1.06284
1.02741
0.956558
0.974272
1.06284
1.1337
1.11598
1.06284
1.11598
1.08056
0.991986
0.938844
1.0097
1.04513
1.04513
1.04513
1.04513
1.11598
1.06284
1.11598
1.09827
1.02741
1.02741
1.04513
0.991986
0.956558
0.956558
0.991986
1.02741
1.04513
1.09827
1.1337
1.20455
1.2577
1.20455
1.06284
0.903416
0.867988
0.867988
0.885702
0.814845
0.867988
0.938844
0.903416
0.938844
0.903416
0.903416
0.903416
0.885702
0.867988
0.885702
0.885702
0.938844
1.09827
1.1337
1.1337
1.1337
1.11598
1.08056
1.11598
1.18684
1.06284
1.08056
1.11598
1.15141
1.02741
1.08056
1.08056
1.11598
1.1337
0.991986
0.991986
0.991986
1.04513
0.956558
0.956558
0.991986
1.06284
1.06284
1.02741
0.938844
0.867988
0.850274
0.903416
0.832559
0.850274
0.974272
1.06284
1.09827
1.11598
1.04513
0.974272
0.974272
0.956558
0.956558
0.92113
0.938844
0.991986
1.06284
1.1337
1.11598
1.08056
1.18684
1.08056
1.0097
0.938844
0.991986
0.956558
0.974272
1.0097
0.956558
0.991986
1.0097
1.08056
1.02741
1.06284
1.09827
1.11598
1.09827
1.08056
1.11598
1.02741
1.11598
1.1337
1.11598
1.04513
0.956558
0.903416
0.92113
0.974272
0.956558
1.02741
1.04513
0.991986
1.02741
0.938844
0.938844
0.938844
0.92113
0.938844
0.991986
0.974272
0.938844
0.938844
0.92113
0.903416
0.903416
0.850274
0.885702
0.867988
0.814845
0.797131
0.797131
0.885702
0.938844
1.06284
1.1337
1.09827
1.1337
1.20455
1.18684
1.08056
1.08056
1.04513
0.991986
1.0097
0.956558
0.938844
0.938844
0.797131
0.779417
0.708561
0.814845
0.885702
0.991986
1.02741
1.04513
1.04513
1.06284
1.15141
1.1337
1.16913
1.16913
1.20455
1.08056
1.09827
1.06284
0.991986
1.02741
1.0097
1.02741
1.04513
1.02741
1.04513
1.0097
1.0097
1.06284
1.06284
1.09827
1.11598
1.08056
1.1337
1.15141
1.1337
1.09827
1.16913
1.15141
1.16913
1.15141
1.16913
1.1337
1.1337
1.11598
1.1337
1.06284
1.04513
0.974272
0.974272
0.974272
0.903416
0.938844
0.92113
0.956558
1.0097
1.0097
1.08056
1.04513
1.06284
1.08056
0.991986
1.0097
1.02741
1.02741
1.02741
1.08056
0.991986
0.991986
0.956558
1.0097
0.956558
0.938844
0.92113
0.956558
0.92113
0.867988
0.903416
0.92113
0.991986
0.991986
0.938844
1.0097
0.974272
0.974272
1.06284
1.0097
0.974272
0.991986
1.04513
0.974272
0.938844
0.92113
0.797131
0.814845
0.832559
0.779417
0.832559
0.903416
0.850274
0.885702
0.938844
0.974272
1.0097
1.06284
1.0097
1.11598
1.1337
1.11598
1.08056
1.08056
1.02741
0.991986
0.885702
0.92113
0.92113
0.974272
1.0097
1.16913
1.16913
1.20455
1.18684
1.15141
1.08056
1.08056
1.16913
1.16913
1.1337
1.08056
1.06284
0.956558
1.0097
0.956558
1.02741
1.08056
1.04513
1.04513
1.04513
1.02741
0.991986
0.956558
0.991986
1.04513
0.991986
0.92113
0.991986
0.974272
0.974272
1.0097
0.956558
0.850274
0.903416
0.903416
0.903416
0.92113
0.991986
1.04513
1.1337
1.11598
1.06284
1.04513
0.974272
0.974272
0.867988
0.885702
0.867988
1.02741
1.02741
1.0097
1.0097
1.06284
1.09827
1.08056
1.0097
1.09827
1.06284
1.06284
1.02741
1.09827
1.15141
1.16913
1.20455
1.22227
1.18684
1.20455
1.09827
1.1337
1.08056
1.06284
0.974272
0.938844
0.938844
0.938844
0.938844
0.991986
0.956558
0.850274
0.814845
0.832559
0.885702
0.903416
0.938844
0.938844
0.903416
0.92113
1.0097
1.11598
1.16913
1.09827
1.06284
1.06284
1.02741
1.0097
0.991986
0.903416
0.867988
0.850274
0.850274
0.814845
0.761703
0.779417
0.779417
0.814845
0.938844
0.991986
0.974272
1.04513
1.06284
1.1337
1.18684
1.09827
1.02741
1.02741
0.974272
1.02741
0.903416
0.832559
0.743989
0.814845
0.885702
0.938844
1.04513
1.06284
1.04513
0.974272
0.903416
0.903416
0.885702
0.938844
0.850274
0.832559
0.885702
0.814845
0.903416
0.974272
0.938844
0.92113
1.02741
1.06284
1.11598
1.02741
0.885702
0.938844
0.885702
0.814845
0.726275
0.761703
0.814845
0.867988
0.92113
0.991986
0.991986
1.06284
1.15141
1.11598
1.1337
1.11598
1.11598
1.1337
1.04513
1.09827
1.16913
1.18684
1.29312
1.23998
1.16913
1.1337
1.09827
1.18684
1.02741
0.974272
0.903416
0.885702
0.903416
0.832559
0.832559
0.903416
0.885702
0.850274
0.779417
0.850274
0.903416
0.885702
0.92113
1.04513
1.0097
0.956558
0.974272
0.938844
0.938844
1.0097
0.938844
0.974272
0.956558
0.956558
1.04513
1.04513
1.04513
1.04513
1.09827
1.1337
1.11598
1.06284
1.06284
1.06284
0.991986
0.885702
0.903416
0.956558
0.991986
0.991986
1.0097
0.991986
0.938844
0.938844
1.02741
1.04513
1.02741
1.09827
1.09827
1.06284
1.15141
1.06284
1.15141
1.16913
1.15141
1.15141
1.08056
1.04513
1.0097
0.92113
0.867988
0.850274
0.903416
0.938844
0.903416
0.938844
0.956558
0.974272
1.04513
1.0097
1.04513
1.04513
0.991986
1.02741
1.02741
1.02741
1.09827
1.08056
1.08056
1.04513
1.02741
1.04513
1.11598
1.09827
1.04513
1.1337
0.991986
0.991986
1.0097
0.938844
1.0097
0.938844
0.867988
0.779417
0.761703
0.850274
0.885702
0.850274
0.779417
0.761703
0.797131
0.743989
0.779417
0.779417
0.797131
0.814845
0.761703
0.779417
0.779417
0.797131
0.779417
0.832559
0.850274
0.903416
0.956558
1.0097
0.991986
0.956558
0.903416
0.814845
0.797131
0.850274
0.867988
0.938844
0.991986
0.974272
1.02741
0.991986
0.956558
0.903416
0.885702
0.938844
1.02741
1.06284
0.92113
0.92113
0.885702
0.938844
0.991986
0.974272
1.0097
1.0097
1.04513
1.11598
1.11598
1.09827
1.18684
1.15141
1.16913
1.22227
1.20455
1.15141
1.1337
1.09827
1.1337
1.11598
1.1337
1.09827
1.16913
1.06284
1.06284
1.04513
0.991986
1.02741
0.956558
0.991986
0.991986
0.991986
0.991986
0.991986
0.903416
0.938844
0.92113
0.92113
0.938844
0.903416
0.903416
0.974272
0.903416
0.850274
0.832559
0.92113
1.0097
0.974272
1.04513
1.08056
1.20455
1.2577
1.18684
1.22227
1.23998
1.08056
1.02741
0.991986
0.956558
0.991986
1.02741
0.974272
0.974272
1.09827
1.06284
1.09827
1.0097
1.0097
1.06284
0.956558
0.938844
0.903416
0.867988
0.938844
0.797131
0.903416
0.814845
0.779417
0.797131
0.832559
0.867988
0.885702
0.938844
1.0097
0.956558
1.0097
0.92113
0.867988
0.956558
0.956558
1.02741
1.06284
1.06284
1.0097
0.991986
0.867988
0.903416
0.885702
0.885702
0.867988
0.832559
0.832559
0.867988
0.956558
0.956558
0.938844
1.04513
1.06284
1.04513
1.0097
1.02741
0.991986
0.938844
0.903416
0.832559
0.850274
0.761703
0.726275
0.761703
0.867988
0.850274
0.832559
0.850274
0.974272
0.974272
1.0097
0.956558
0.956558
0.92113
0.938844
1.04513
1.02741
0.956558
0.885702
0.797131
0.779417
0.92113
0.92113
1.0097
0.974272
0.974272
0.938844
0.938844
0.92113
0.867988
0.974272
0.991986
0.956558
1.08056
1.08056
1.08056
1.04513
1.09827
1.06284
1.08056
1.20455
1.22227
1.20455
1.16913
1.09827
1.16913
1.09827
1.08056
1.08056
1.1337
1.08056
1.18684
1.20455
1.20455
1.27541
1.20455
1.09827
1.1337
1.11598
1.16913
1.18684
1.29312
1.23998
1.18684
1.11598
1.08056
1.18684
1.18684
1.20455
1.36398
1.34627
1.41712
1.36398
1.27541
1.1337
1.09827
1.11598
1.11598
0.991986
1.06284
1.1337
1.08056
1.09827
1.08056
1.09827
1.11598
1.04513
1.0097
0.991986
1.02741
1.02741
0.991986
1.02741
1.06284
1.0097
1.06284
1.02741
1.06284
1.04513
0.974272
0.938844
1.02741
1.09827
1.02741
1.09827
1.02741
0.938844
0.903416
0.938844
0.956558
0.938844
0.991986
0.991986
1.08056
1.09827
1.09827
1.11598
1.06284
0.956558
0.991986
0.991986
0.974272
0.991986
0.991986
1.04513
1.15141
1.1337
1.11598
1.08056
1.08056
1.02741
0.991986
0.92113
0.92113
0.92113
0.974272
0.92113
0.956558
1.04513
1.04513
1.09827
1.15141
1.06284
1.06284
1.06284
1.11598
1.09827
1.11598
1.06284
1.09827
1.1337
1.08056
0.885702
0.92113
0.938844
0.974272
0.974272
0.991986
0.974272
1.0097
1.02741
1.08056
1.06284
1.08056
0.991986
1.0097
1.04513
1.15141
1.15141
1.08056
1.09827
1.1337
1.11598
1.04513
0.956558
1.0097
0.974272
0.991986
0.956558
0.92113
1.0097
1.06284
1.09827
1.15141
1.11598
1.08056
1.15141
1.11598
1.08056
1.15141
1.06284
1.0097
1.08056
0.991986
0.92113
0.885702
0.92113
0.974272
0.974272
0.974272
1.0097
1.02741
0.938844
0.885702
0.991986
1.08056
1.1337
1.1337
1.08056
1.06284
1.06284
1.08056
1.06284
1.08056
1.04513
1.02741
1.06284
1.08056
1.15141
1.09827
1.16913
1.15141
1.11598
1.20455
1.23998
1.32855
1.36398
1.41712
1.45255
1.43484
1.41712
1.39941
1.39941
1.27541
1.2577
1.18684
1.18684
1.18684
1.18684
1.1337
1.08056
1.02741
0.850274
0.903416
0.867988
0.903416
0.938844
0.903416
0.903416
0.938844
0.885702
0.867988
0.903416
0.867988
0.814845
0.867988
0.903416
0.92113
0.938844
0.867988
0.867988
0.832559
0.885702
0.885702
0.867988
0.867988
0.867988
0.885702
0.92113
0.938844
0.991986
1.06284
1.06284
1.02741
1.06284
1.11598
1.08056
1.08056
1.08056
1.08056
1.06284
1.09827
1.09827
1.02741
1.11598
1.02741
1.04513
1.06284
1.09827
1.0097
0.991986
1.08056
1.11598
1.1337
1.18684
1.22227
1.2577
1.23998
1.23998
1.2577
1.15141
1.09827
1.04513
1.11598
1.09827
1.09827
1.09827
1.11598
1.11598
1.2577
1.23998
1.16913
1.22227
1.22227
1.18684
1.18684
1.16913
1.02741
1.09827
1.06284
1.09827
1.08056
1.15141
1.08056
0.974272
0.903416
0.903416
0.850274
0.92113
0.938844
0.92113
0.956558
0.938844
0.903416
0.903416
0.938844
1.0097
1.04513
0.956558
0.974272
0.956558
0.991986
1.02741
1.0097
0.956558
0.814845
0.938844
0.938844
1.0097
0.991986
0.956558
0.938844
0.903416
0.885702
0.938844
0.938844
0.974272
0.974272
0.991986
0.956558
0.92113
0.938844
0.938844
0.885702
0.903416
0.850274
0.867988
0.867988
0.814845
0.903416
1.0097
0.991986
0.956558
0.956558
0.956558
0.92113
1.0097
1.09827
1.08056
1.15141
1.11598
1.1337
1.06284
1.04513
1.0097
1.0097
1.02741
0.92113
0.956558
1.04513
1.11598
1.11598
1.15141
1.1337
1.06284
1.06284
0.938844
1.02741
0.956558
1.04513
1.02741
1.02741
0.991986
0.991986
0.92113
0.974272
0.903416
0.974272
0.92113
1.09827
1.04513
1.02741
1.06284
1.09827
1.11598
1.04513
1.0097
1.0097
1.02741
0.974272
0.974272
0.938844
1.02741
0.974272
0.938844
0.850274
0.938844
0.938844
0.991986
1.04513
1.06284
1.04513
1.09827
1.16913
1.20455
1.22227
1.2577
1.15141
1.11598
1.11598
1.04513
0.956558
0.92113
0.903416
0.797131
0.797131
0.814845
0.761703
0.726275
0.761703
0.761703
0.761703
0.850274
0.938844
0.938844
0.938844
0.991986
1.02741
1.04513
1.09827
1.11598
1.08056
1.04513
0.991986
0.974272
1.02741
0.885702
0.903416
1.0097
1.04513
1.04513
1.0097
1.02741
1.0097
0.956558
0.938844
0.867988
0.903416
0.867988
0.779417
0.779417
0.761703
0.761703
0.743989
0.779417
0.761703
0.779417
0.938844
0.92113
0.885702
0.814845
0.885702
0.867988
0.938844
0.885702
0.832559
0.850274
0.92113
0.850274
0.903416
0.832559
0.903416
0.885702
0.903416
0.885702
0.867988
0.797131
0.867988
0.938844
0.938844
0.938844
0.974272
0.956558
0.938844
0.956558
0.938844
0.974272
0.991986
0.92113
0.938844
0.991986
1.08056
1.11598
1.06284
1.02741
0.991986
0.92113
0.903416
0.867988
0.92113
0.92113
0.938844
1.02741
1.04513
1.02741
1.22227
1.20455
1.16913
1.11598
1.06284
1.0097
0.938844
0.885702
0.956558
