0 2.65804 0.0871293
1 18.729 12.4768
2 15.5253 9.98761
3 9.42734 18.6643
4 20.1348 11.9698
5 -7.00367 20.9454
6 24.4202 17.999
7 7.20978 15.1943
8 13.8668 15.7307
9 -0.996019 15.3874
10 12.2536 15.2869
11 2.17753 15.3741
12 16.5298 10.6526
13 -18.4127 12.5355
14 -4.04589 11.3147
15 16.5178 13.7618
16 -13.7391 14.5193
17 21.5964 17.5732
18 -13.1055 13.845
19 6.87423 17.0582
20 -3.33493 15.9327
21 38.3207 13.4989
22 19.6956 15.178
23 13.7774 14.0307
24 -6.03018 9.13267
25 -1.34828 10.5322
26 10.0721 15.0839
27 2.54851 14.4273
28 6.34183 18.4194
29 16.8959 13.3088
30 -19.4154 12.5647
31 -11.4167 10.5948
32 -0.978829 15.7756
33 8.85013 12.4958
34 -20.5379 10.8046
35 3.50573 16.5217
36 12.2028 14.1727
37 -24.7056 14.4129
38 27.5035 11.7591
39 -26.2984 14.212
40 -4.42088 10.8704
41 5.90053 11.0841
42 8.35577 13.2973
43 5.50352 11.6343
44 20.533 16.7222
45 -18.9081 16.6009
46 29.4398 10.733
47 -16.5888 13.3675
48 13.0287 12.6313
49 -13.1627 13.3391
50 -11.558 12.9891
51 -1.32261 15.0295
52 -25.1256 13.1186
53 15.9445 16.2249
54 -0.974753 15.8457
55 -20.6316 14.4459
56 -4.82873 9.0635
57 16.095 12.4009
58 7.04804 13.7728
59 -4.3047 14.9669
60 27.5083 17.6426
61 33.1807 14.9555
62 19.7437 15.5729
63 -15.4779 14.4383
64 -1.05778 13.4823
65 14.7244 13.3837
66 -3.75607 12.6751
67 12.6066 12.6736
68 12.1454 15.9341
69 9.17945 16.4456
70 6.12337 15.7403
71 -14.8163 13.3237
72 4.64376 13.7448
73 2.74498 12.3052
74 -5.27988 12.4958
75 -13.9805 13.0203
76 -4.77712 8.62406
77 5.47942 14.6483
78 -9.07506 15.4827
79 -8.00254 14.224
80 3.76744 12.2478
81 -5.50738 12.3353
82 16.4339 15.0742
83 0.759053 12.802
84 -11.3933 10.5228
85 -0.0197264 19.3656
86 16.7772 16.7901
87 -7.1184 12.7373
88 -16.4687 14.7834
89 1.44273 16.0163
90 -2.81331 15.4023
91 -21.7564 14.0598
92 3.93121 15.4259
93 6.61288 14.1775
94 5.34477 12.5568
95 -12.625 13.4237
96 -2.48491 12.358
97 29.8997 17.8691
98 21.9837 11.4092
99 5.69357 14.7575
100 5.35634 12.8555
101 -1.09258 20.7806
102 -4.39426 16.1706
103 19.0368 12.7443
104 6.57408 12.8123
105 13.362 16.6929
106 2.09594 16.5891
107 19.5458 13.4424
108 9.65667 13.8086
109 9.64118 17.5676
110 -5.12483 14.3925
111 -19.0213 12.4898
112 -15.2766 17.1471
113 17.9255 16.0465
114 7.78231 13.374
115 -1.74102 17.5597
116 4.75753 19.0311
117 17.3019 13.9944
118 4.43722 18.2301
119 22.6731 16.5835
120 13.5334 11.797
121 4.67973 12.7411
122 3.79804 12.7573
123 3.76093 12.5124
124 21.0478 11.8824
125 -4.80648 14.3487
126 43.0881 14.506
127 -27.4069 13.9996
128 -5.37966 12.0092
129 18.0621 14.888
130 15.8278 12.7844
131 -29.0854 16.7047
132 13.2497 15.2497
133 11.1591 14.3156
134 17.0934 16.3681
135 -3.65459 16.75
136 10.0512 15.8253
137 -1.0649 13.5887
138 -6.97863 15.0459
139 -11.9221 13.8865
140 15.3232 14.6956
141 -11.605 17.3218
142 1.25057 15.1381
143 -18.9718 16.5486
144 18.3859 14.5054
145 -0.759215 13.4166
146 -1.35022 10.7288
147 18.2262 17.1503
148 4.56439 14.491
149 -13.414 16.1418
150 5.08178 15.2579
151 -27.088 18.0489
152 -2.0484 12.9393
153 -6.01684 17.3486
154 2.56387 10.3432
155 7.29454 13.2647
156 -10.8141 16.9266
157 1.28424 14.5977
158 0.266542 14.497
159 9.92215 10.7736
160 -1.04577 16.0104
161 -22.7329 16.5351
162 -8.12778 13.7677
163 -4.53698 16.4471
164 -16.5626 14.794
165 -11.9681 15.3875
166 12.1815 13.8863
167 -5.3787 11.1125
168 3.90596 18.0912
169 -17.0584 14.8715
170 10.7928 15.1536
171 -9.3922 10.4835
172 -3.36421 12.0557
173 20.2941 13.6303
174 -10.2133 15.311
175 -1.60861 16.7436
176 -14.1138 15.8982
177 5.31779 13.3823
178 0.366001 12.943
179 -18.2462 16.1108
180 19.8579 13.9519
181 14.4444 15.1116
182 2.36494 18.9225
183 15.3472 17.284
184 4.68391 15.7572
185 32.2181 15.355
186 -1.67158 15.3839
187 -5.8079 16.9082
188 -15.1182 12.9993
189 7.38167 12.2036
190 2.81299 12.9841
191 -21.1949 11.6289
192 4.41819 15.3718
193 10.1211 12.5278
194 -17.1855 17.7714
195 16.6678 12.3626
196 -24.5091 12.6771
197 -5.60904 17.2441
198 27.2262 16.1423
199 2.72377 15.3217
200 -20.3215 14.8127
201 -16.6176 17.6857
202 -0.748329 17.4342
203 40.1647 13.7152
204 -15.5735 12.6089
205 16.9024 12.9738
206 -21.1385 12.3888
207 -14.4205 15.3277
208 -16.7405 14.5375
209 33.2237 11.8306
210 -16.7443 15.2494
211 -1.72191 17.5467
212 -0.67194 17.3872
213 -22.6447 12.1893
214 19.0953 14.5352
215 4.83001 11.363
216 22.3189 17.4127
217 32.7173 14.9488
218 6.74842 21.5013
219 4.95286 12.6348
220 -9.62151 18.0243
221 5.48631 14.7132
222 -8.86346 12.3795
223 12.4305 14.6183
224 0.616612 14.7104
225 0.713721 21.9736
226 -3.30024 18.2856
227 7.4549 15.1405
228 3.14027 12.5523
229 -19.8945 13.9211
230 6.86582 16.6203
231 -9.46042 10.895
232 9.81549 12.8974
233 -0.383845 16.4112
234 7.52924 15.1223
235 -2.28758 18.3237
236 0.395056 14.792
237 32.7435 16.2473
238 6.42147 19.2668
239 19.7933 15.5764
240 3.21609 10.8282
241 8.57253 11.8425
242 0.150592 16.7558
243 0.509039 15.3432
244 2.71944 10.6812
245 -0.837845 11.179
246 1.90475 12.2765
247 -23.359 11.9158
248 15.1099 12.6008
249 -20.5112 12.0904
250 -0.58219 13.454
251 18.5194 14.1497
252 1.29479 12.0402
253 17.3415 16.5725
254 -28.9964 12.4256
255 -16.415 15.1801
256 24.2191 18.5753
257 -6.1658 10.5575
258 -15.85 17.6004
259 11.6374 14.3431
260 -0.486423 15.0042
261 -5.18031 14.4319
262 3.16694 16.883
263 1.88638 14.2029
264 20.2256 16.5728
265 12.498 14.305
266 -31.8173 11.63
267 3.34951 12.1261
268 -26.2012 19.8233
269 26.1911 15.3011
270 -14.8433 15.5938
271 43.0661 14.4404
272 4.51297 11.733
273 -26.7196 16.2171
274 -11.0329 13.9452
275 -1.23085 18.3859
276 13.1887 14.499
277 6.3794 13.5814
278 -6.93888 15.4654
279 2.88743 13.336
280 20.5145 15.3119
281 38.0374 16.0101
282 3.94235 14.4638
283 5.25802 13.4092
284 10.6002 11.5229
285 -4.82086 12.709
286 17.6014 14.469
287 10.3751 14.8796
288 17.7047 13.4284
289 3.17733 15.6218
290 -19.0352 17.0264
291 23.5975 13.4955
292 -0.0944127 14.3917
293 14.3328 10.9957
294 -26.3664 13.525
295 3.36309 12.2097
296 13.2205 11.8362
297 7.26822 13.026
298 10.0868 17.7959
299 2.64991 0.0863412
