0.425954   -0.30943   0.377824
0.121922   0.0763107   0.475714
0.0653089   -0.247944   -0.292022
-0.268162   -0.164176   -0.0126947
0.460086   0.12865   -0.221043
0.0890199   0.165167   0.259848
-0.474576   0.0669641   -0.447545
-0.301685   0.145041   0.412147
-0.118028   -0.278791   0.429337
0.40422   0.0707134   0.0722229
0.271514   0.243121   -0.258665
-0.0487757   -0.330012   -0.179449
-0.42805   -0.345613   0.0945386
-0.0811407   0.370103   -0.302187
-0.444104   -0.439045   -0.472907
0.0967566   0.0340496   -0.0872608
-0.368668   0.112643   0.272472
-0.199865   -0.0953231   0.199971
0.18597   -0.166277   -0.20323
0.250788   -0.2157   0.17424
-0.214262   0.0931742   -0.301767
0.13975   -0.246296   0.202896
-0.209222   -0.264663   0.188813
-0.042566   0.439874   0.00322656
0.214624   0.292362   -0.382272
-0.107603   0.492619   -0.0396706
0.368109   0.313876   0.190387
0.426906   0.416029   0.308754
-0.290953   -0.167054   0.41596
0.260679   -0.0323426   0.0279533
-0.0708226   0.259872   0.308202
-0.0207674   -0.0880229   -0.285385
-0.208431   -0.339517   -0.229408
0.238945   0.402703   -0.448553
0.396254   0.399895   0.234214
0.106462   -0.112081   0.155554
-0.416329   -0.220414   0.227074
-0.428834   0.375996   -0.0864916
0.202535   0.20856   0.13687
0.0693465   0.153155   -0.0201673
-0.209033   -0.391844   0.477702
0.441449   -0.0583558   -0.232133
-0.395649   0.0750222   -0.184666
-0.190002   0.0207097   -0.0121361
0.19649   0.135792   -0.0852487
0.387567   -0.303126   -0.239409
-0.491334   -0.490815   -0.189654
0.022838   0.31507   -0.123844
0.388799   -0.297038   0.0926221
0.35841   -0.323473   -0.0916353
0.35927   -0.479562   -0.499687
-0.352852   -0.0994248   -0.0320039
0.0450422   -0.227504   0.28156
0.00754673   0.33359   -0.268892
0.116597   0.298381   0.131197
-0.112137   0.192102   -0.0224506
0.485726   0.239562   0.178976
-0.37258   -0.492866   -0.484055
0.464005   0.0112286   -0.0859033
0.103508   0.0742773   -0.192324
0.424778   0.106634   -0.0691392
-0.178775   0.187011   -0.279226
0.174111   -0.396721   0.256301
0.489751   0.44898   -0.139844
-0.243816   0.0130836   -0.298422
0.355885   -0.411315   -0.467898
0.125115   0.121547   -0.320031
-0.213438   -0.0354259   0.0910289
0.0800396   0.210285   -0.211132
-0.0314786   0.000703764   -0.330069
-0.228487   -0.449803   -0.411821
0.0635607   -0.095998   -0.290664
-0.0859153   -0.12983   -0.235475
-0.416638   -0.180506   -0.23895
0.271746   -0.270778   0.303955
0.323999   0.222811   0.0823629
0.210482   0.349544   0.498071
-0.133169   -0.11701   0.379971
-0.27402   -0.389973   -0.296775
0.180772   0.226109   0.312534
0.417424   0.451263   0.0129807
0.0928256   0.404877   0.140048
0.133862   0.281011   -0.0755323
-0.122147   -0.383784   0.276249
0.0119047   -0.353966   0.487592
0.428568   -0.0104206   0.242141
-0.487797   -0.361454   -0.267692
-0.350041   -0.433158   -0.088105
-0.268011   0.224356   0.450824
0.290314   0.321384   -0.00558382
0.322658   0.187832   -0.346489
0.082682   0.261694   -0.0156627
-0.243997   0.42864   0.24707
0.0492649   0.131216   -0.353171
-0.194172   0.47162   0.382084
0.486122   0.271646   0.0832573
-0.249009   0.0265559   0.36837
-0.467262   -0.385755   -0.382986
0.49915   -0.0810288   -0.282346
0.130644   -0.105068   -0.359725
0.413724   0.130788   -0.288621
-0.102023   -0.388462   -0.0694452
0.407437   0.41768   -0.0843775
0.0702419   -0.444077   -0.0248031
0.0247114   0.331325   0.0323206
0.0580574   -0.141295   0.478868
0.375056   -0.374837   0.0995285
0.00116838   -0.133162   -0.356598
