51.4024
44.5799
40.1779
36.2206
34.6913
32.2811
29.9371
27.8123
26.7519
26.0611
25.2952
23.631
23.0333
22.2705
22.2998
21.679
21.1178
20.2071
18.8837
18.314
17.8627
17.8794
17.0847
16.1206
15.7834
15.8694
15.4033
14.9186
14.3153
14.1844
13.8189
14.0472
14.1453
13.7469
13.7995
13.6354
13.1248
13.0636
12.9518
13.1699
13.2556
12.5828
12.446
12.4458
12.3856
12.2582
12.4294
12.2295
12.2139
12.2139
12.2139
12.2139
12.2139
12.2139
12.2139
12.2139
12.2139
12.2139
12.2139
12.2139
12.2139
12.2139
12.2139
12.2139
12.2139
12.2139
12.2139
12.2139
12.2139
12.2139
12.2139
12.2139
12.2139
12.2139
12.2139
12.2139
12.2139
12.2139
12.2139
12.2139
12.2139
12.2139
12.2139
12.2139
12.2139
12.2139
12.2543
12.2139
12.2139
12.2139
12.2139
12.2139
12.2139
12.2139
12.2139
12.2139
12.2139
12.2139
12.2139
12.2139
12.2139
12.2139
12.2139
12.2139
12.2139
12.2139
12.2139
12.2139
12.2139
12.2139
12.2139
12.2139
12.2139
12.2139
12.2139
12.2139
12.2139
12.2139
12.2139
12.2139
12.2139
12.2139
12.2139
12.2139
12.2139
12.2139
12.2139
12.2139
12.2139
12.2139
12.2139
12.2139
12.2139
12.2139
12.2139
12.2139
12.2139
12.2139
12.2139
12.2139
12.2139
12.2139
12.2139
12.2139
12.2139
12.2139
12.2139
12.2139
12.2139
12.2139
12.2139
12.2139
12.2139
12.2139
12.2139
12.2139
12.2139
12.2139
12.2139
12.2139
12.2139
12.2139
12.2139
12.2139
12.2139
12.2139
12.2139
12.2139
12.2139
12.2139
12.2139
12.2139
12.2139
12.2139
12.2139
12.2139
12.2139
12.2139
12.2139
12.2139
12.2139
12.2139
12.2139
12.2139
12.2139
12.2139
12.2139
12.2139
12.2139
12.2139
12.2139
12.2139
12.2139
12.2139
12.2139
12.2139
12.2139
12.2139
12.2139
12.2139
12.2139
12.2139
12.2139
12.2139
12.2139
12.2139
12.2139
12.2139
12.2139
12.2139
12.2139
12.2139
12.2139
12.2139
12.2139
12.2139
12.2139
12.2139
12.2139
12.2139
12.2139
12.2139
12.2139
12.2139
12.2139
12.2139
12.2139
12.2139
12.2139
12.2139
12.2139
12.2139
12.2139
12.2139
12.2139
12.2139
12.2139
12.2139
12.2139
12.2139
12.2139
12.2139
12.2139
12.2139
12.2139
12.2139
12.2139
12.2139
12.2139
12.2139
12.2139
12.2139
12.2139
12.2139
12.2139
12.2139
12.2139
12.2139
12.2138
12.2122
12.1595
12.1663
11.8884
11.8884
11.8884
11.8884
11.8884
11.8884
11.8884
11.8884
11.8884
11.8884
11.8884
11.8884
11.8884
11.8884
11.8884
11.8884
11.8884
11.8884
11.8884
11.8884
11.8884
11.8884
11.8884
11.8884
11.8884
11.8884
11.8884
11.8884
11.8884
11.8884
11.8884
11.8884
11.8884
11.8884
11.8884
11.8884
11.8884
11.8884
11.8884
11.8884
11.8884
11.8884
11.8884
11.8884
11.8884
11.8884
11.8884
11.8884
11.8884
11.8884
11.8884
11.8884
11.8884
11.8884
11.8884
11.8884
11.8884
11.8884
11.8884
11.8884
11.8884
11.8884
11.8884
11.8884
11.8884
11.8884
11.8884
11.8884
11.8884
11.8884
11.8884
11.8884
11.8884
11.8884
11.8884
11.8884
11.8884
11.8884
11.8884
11.8884
11.8884
11.8884
11.8884
11.8884
11.8884
11.8884
11.8884
11.8884
11.8884
11.8884
11.8884
11.8884
11.8884
11.8884
11.8884
11.8884
11.8884
11.8884
11.8884
11.8884
11.8884
11.8884
11.8884
11.8884
11.8884
11.8884
11.8884
11.8884
11.8884
11.8884
11.8884
11.8884
11.8884
11.8884
11.8884
11.8884
11.8884
11.8884
11.8884
11.8884
11.8884
11.8884
11.8884
11.8884
11.8884
11.8884
11.8884
11.8884
11.8884
11.8884
11.8884
12.016
11.8884
11.8884
11.8884
11.8884
11.8884
11.8884
11.8884
11.8884
11.8884
11.8884
11.8884
11.8884
11.8884
11.8884
11.8884
11.8884
11.8884
11.8884
11.8884
11.8884
11.8884
11.8884
11.8884
11.8884
11.8884
11.8884
11.8884
11.8884
11.8884
11.8884
11.8884
11.8884
11.8884
11.8884
11.8884
11.8884
11.8884
11.8884
11.8884
11.8884
11.8884
11.8884
11.8884
11.8884
11.8884
11.8884
11.8884
11.8884
11.8884
11.8884
11.8884
11.8884
11.8884
11.8884
11.8884
11.8884
11.8884
11.8884
11.8884
11.8884
11.8884
11.8884
11.8884
11.8884
11.8884
11.8884
11.8884
11.8884
11.8884
11.8884
11.8884
11.8884
11.8884
11.8884
11.8884
11.8884
11.8884
11.8884
11.8884
11.8884
11.8884
11.8884
11.8884
11.8884
11.8884
11.8884
11.8884
11.8884
11.8884
11.8884
11.8884
11.8884
11.8884
11.8884
11.8884
11.8884
11.8884
11.8884
11.8884
11.8884
11.8884
11.8884
11.8884
11.8884
11.8884
11.8884
