42.5043
36.4323
36.1225
34.4763
31.7702
29.2496
26.6435
26.1869
25.0331
23.8399
23.199
22.2714
21.7327
21.3341
20.6496
20.2214
19.343
18.3976
17.8899
17.4332
16.9424
16.5449
15.7098
15.4797
15.0273
14.6008
14.2465
14.2465
13.8312
13.6625
13.5992
13.5203
13.4635
13.1918
13.1225
13.1063
13.0021
12.9436
12.8311
12.549
12.446
12.446
12.446
12.2772
12.2445
12.2139
12.2139
12.2139
12.2139
12.2139
12.2139
12.2139
12.2139
12.2139
12.2139
12.2139
12.2139
12.2139
12.2139
12.2139
12.2139
12.2139
12.2139
12.2139
12.2139
12.2139
12.2139
12.2139
12.2139
12.2139
12.2139
12.2139
12.2139
12.2139
12.2139
12.2139
12.2139
12.2139
12.2139
12.2139
12.2139
12.2139
12.2139
12.2139
12.2139
12.2139
12.2139
12.2139
12.2139
12.2139
12.2139
12.2139
12.2139
12.2139
12.2139
12.2139
12.2139
12.2139
12.2139
12.2139
12.2139
12.2139
12.2139
12.2139
12.2139
12.2139
12.2139
12.2139
12.2139
12.2139
12.2139
12.2139
12.2139
12.2139
12.2139
12.2139
12.2139
12.2139
12.2139
12.2139
12.2139
12.2139
12.2139
12.2139
12.2139
12.2139
12.2139
12.2139
12.2139
12.2139
12.2139
12.2139
12.2139
12.2139
12.2139
12.2139
12.2139
12.2139
12.2139
12.2139
12.2139
12.2139
12.2139
12.2139
12.2139
12.2139
12.2139
12.2139
12.2139
12.2139
12.2139
12.2139
12.2139
12.2139
12.2139
12.2139
12.2139
12.2139
12.2139
12.2139
12.2139
12.2139
12.2139
12.2139
12.2139
12.2139
12.2139
12.2139
12.2139
12.2139
12.2139
12.2139
12.2139
12.2139
12.2139
12.2139
12.2139
12.2139
12.2139
12.2139
12.2139
12.2139
12.2139
12.2139
12.2139
12.2139
12.2139
12.2139
12.2139
12.2139
12.2139
12.2139
12.2139
12.2139
12.2139
12.2139
12.2139
12.2139
12.2139
12.2139
12.2139
12.2139
12.2139
12.2139
12.2139
12.2139
12.2139
12.2139
12.2139
12.2139
12.2139
12.2139
12.2139
12.2139
12.2139
12.2139
12.2139
12.2139
12.2139
12.2139
12.2139
12.2139
12.2139
12.2139
12.2139
12.2139
12.2139
12.2139
12.2139
12.2139
12.2139
12.2139
12.2139
12.2139
12.2139
12.2139
12.2139
12.2139
12.2139
12.2139
12.2139
12.2139
12.2139
12.2139
12.2139
12.2139
12.2139
12.2139
12.2139
12.2139
12.2139
12.2139
12.2139
12.2139
12.2139
12.2139
12.2139
12.2139
12.156
12.156
11.8884
11.8884
11.8884
11.8884
11.8884
11.8884
11.8884
11.8884
11.8884
11.8884
11.8884
11.8884
11.8884
11.8884
11.8884
11.8884
11.8884
11.8884
11.8884
11.8884
11.8884
11.8884
11.8884
11.8884
11.8884
11.8884
11.8884
11.8884
11.8884
11.8884
11.8884
11.8884
11.8884
11.8884
11.8884
11.8884
11.8884
11.8884
11.8884
11.8884
11.8884
11.8884
11.8884
11.8884
11.8884
11.8884
11.8884
11.8884
11.8884
11.8884
11.8884
11.8884
11.8884
11.8884
11.8884
11.8884
11.8884
11.8884
11.8884
11.8884
11.8884
11.8884
11.8884
11.8884
11.8884
11.8884
11.8884
11.8884
11.8884
11.8884
11.8884
11.8884
11.8884
11.8884
11.8884
11.8884
11.8884
11.8884
11.8884
11.8884
11.8884
11.8884
11.8884
11.8884
11.8884
11.8884
11.8884
11.8884
11.8884
11.8884
11.8884
11.8884
11.8884
11.8884
11.8884
11.8884
11.8884
11.8884
11.8884
11.8884
11.8884
11.8884
11.8884
11.8884
11.8884
11.8884
11.8884
11.8884
11.8884
11.8884
11.8884
11.8884
11.8884
11.8884
11.8884
11.8884
11.8884
11.8884
11.8884
11.8884
11.8884
11.8884
11.8884
11.8884
11.8884
11.8884
11.8884
11.8884
11.8884
11.8884
11.8884
11.8884
11.8884
11.8884
11.8884
11.8884
11.8884
11.8884
11.8884
11.8884
11.8884
11.8884
11.8884
11.8884
11.8884
11.8884
11.8884
11.8884
11.8884
11.8884
11.8884
11.8884
11.8884
11.8884
11.8884
11.8884
11.8884
11.8884
11.8884
11.8884
11.8884
11.8884
11.8884
11.8884
11.8884
11.8884
11.8884
11.8884
11.8884
11.8884
11.8884
11.8884
11.8884
11.8884
11.8884
11.8884
11.8884
11.8884
11.8884
11.8884
11.8884
11.8884
11.8884
11.8884
11.8884
11.8884
11.8884
11.8884
11.8884
11.8884
11.8884
11.8884
11.8884
11.8884
11.8884
11.8884
11.8884
11.8884
11.8884
11.8884
11.8884
11.8884
11.8884
11.8884
11.8884
11.8884
11.8884
11.8884
11.8884
11.8884
11.8884
11.8884
11.8884
11.8884
11.8884
11.8884
11.8884
11.8884
11.8884
11.8884
11.8884
11.8884
11.8884
11.8884
11.8884
11.8884
11.8884
11.8884
11.8884
11.8884
11.8884
11.8884
11.8884
11.8884
11.8884
11.8884
11.8884
11.8884
11.8884
11.8884
