0.168144   0.122449   -0.318813
0.499332   -0.270429   0.0536114
-0.239518   -0.102295   -0.251305
-0.334123   0.210957   0.338525
0.217802   -0.25644   -0.290761
0.287494   0.480634   0.321428
0.48597   0.0277621   0.218973
-0.288591   0.217961   -0.0495627
-0.28367   -0.339408   -0.367455
-0.40437   0.318193   -0.49735
-0.353368   -0.136915   -0.483751
-0.117276   -0.0169478   -0.0967162
-0.198764   0.445771   0.00976784
0.157084   -0.435246   -0.208302
-0.144889   -0.400787   -0.333889
0.0110703   0.166276   0.220784
-0.0936587   -0.0353637   -0.481376
-0.218422   0.256399   -0.435683
-0.0896153   -0.243373   0.425025
-0.321702   -0.350191   -0.443206
0.180424   -0.270712   -0.375814
-0.0945819   -0.0401248   0.140537
-0.153613   0.163431   -0.181829
-0.410307   -0.3709   0.410839
-0.352231   0.414842   -0.138905
-0.0395931   -0.179298   -0.283158
0.159218   -0.420835   0.161452
0.0687863   -0.393236   0.467833
0.497831   0.347371   -0.32577
0.463571   -0.369946   0.344863
-0.457159   0.175065   0.151775
-0.348092   -0.175476   -0.244853
-0.457694   -0.357241   -0.490178
0.389668   0.294613   -0.241673
0.497973   -0.458852   -0.199384
0.00787095   0.0838341   0.0992598
-0.41194   -0.240831   -0.340268
-0.478705   -0.0185579   0.368957
-0.396464   -0.193521   0.363839
-0.245858   0.490213   0.401796
-0.102662   0.411656   0.179989
0.146623   0.330013   -0.0223938
0.111588   0.484121   0.318236
-0.0496117   -0.350041   -0.318722
-0.169297   -0.237259   0.390965
-0.479873   0.409375   0.128664
0.411897   0.381442   -0.204463
-0.322631   0.266318   -0.392542
-0.466571   0.244432   -0.223245
-0.244472   0.169064   -0.173901
0.0842645   -0.298476   -0.416377
0.479987   -0.342524   0.156982
-0.279063   -0.267443   -0.170476
-0.195749   -0.169112   -0.49508
-0.363875   0.271695   0.00465183
-0.309279   -0.274787   0.167249
-0.176196   0.263602   -0.240406
0.249089   -0.459474   -0.224256
0.0462077   -0.240863   -0.0885829
-0.448711   0.389395   -0.265591
-0.40008   0.120156   0.012515
0.159438   -0.00728128   0.0103032
0.483839   0.0258478   -0.309973
-0.0890222   0.274386   0.143272
0.073572   0.475289   -0.233596
0.197045   -0.244741   -0.185945
0.197381   0.317765   -0.350752
-0.102233   0.305939   -0.112362
-0.488071   -0.410699   0.207093
0.186248   -0.312442   0.412718
0.126215   -0.492948   0.205051
0.197794   0.265718   0.234381
-0.485441   0.40515   0.216694
0.316188   0.421305   -0.030909
0.113132   -0.0773635   0.480152
-0.200363   -0.145647   0.418123
0.302745   -0.0998472   0.01686
0.172727   -0.468481   -0.0033806
0.360715   0.262341   0.400043
-0.439385   0.483431   0.440543
-0.145485   -0.434007   -0.464887
-0.18812   0.0610939   -0.0413716
-0.110355   0.101611   -0.427069
-0.408076   0.00591187   -0.227903
-0.0660025   -0.124711   0.137556
0.0937631   -0.0995609   -0.419158
-0.395573   -0.419663   0.480925
-0.0248755   -0.0796227   0.488714
0.44977   -0.467328   0.0644678
0.475498   -0.4653   -0.427631
0.0782827   -0.160117   0.383677
-0.460345   -0.186491   0.320372
-0.320802   -0.273039   -0.481293
0.309845   0.418618   0.279175
-0.377003   -0.386674   0.251192
-0.139136   0.0111466   -0.238085
-0.436337   -0.307031   -0.0836306
-0.0151592   -0.218332   -0.189825
-0.020677   0.199031   0.0628315
-0.277739   -0.415313   0.137149
-0.366257   -0.18403   0.0443334
-0.196724   0.169371   -0.098932
-0.406195   0.304377   -0.195929
0.343826   -0.202723   -0.0284748
0.106597   -0.313309   0.4754
0.0588979   -0.367866   0.179566
-0.213085   -0.309533   -0.328645
0.0796025   -0.442536   -0.275202
