36.0677
36.4636
40.4327
37.5282
33.423
34.0444
27.4963
38.6689
32.6742
34.6906
32.2651
28.2205
32.3643
31.0459
26.5258
27.3986
27.6312
24.7869
27.0646
25.7273
27.1331
28.6719
26.4107
25.7754
30.2928
25.0198
25.7767
21.5625
19.1474
19.3486
16.5126
21.8188
19.0242
21.3271
15.1596
20.0207
20.9805
15.8374
18.5223
21.1899
14.2117
18.6541
19.2484
11.9656
13.3391
11.8931
17.0898
15.3097
15.6562
14.8866
11.2743
13.3638
15.0249
17.3037
14.6632
11.1795
13.2469
11.2789
11.5012
11.9313
12.2505
11.3158
10.386
13.7874
9.28495
13.3693
12.5782
13.0679
10.742
9.76076
10.3727
13.7479
11.4604
9.96925
10.2975
10.1367
10.2962
9.97109
9.60719
11.8069
9.67152
11.1352
11.1517
10.3778
9.35272
9.69399
8.63789
8.40377
9.61925
9.34394
9.27089
7.40206
9.32117
9.98362
9.39794
9.55811
9.18936
9.96849
9.18164
10.3602
8.81904
8.53685
8.26805
9.35386
8.38122
9.05059
9.27179
7.66913
9.66931
7.96004
8.46067
8.48774
7.29252
8.65272
9.01461
9.22736
7.99732
8.1327
8.72822
8.58123
8.12514
8.60566
7.96606
7.6452
7.02938
8.35642
9.17562
8.04422
7.57297
8.98845
7.82233
7.75062
7.82498
7.37388
8.51221
7.77378
8.07589
7.20653
7.23252
7.48545
8.8153
8.04296
7.72462
7.54463
8.02664
8.34409
7.07444
7.41025
8.15479
7.32865
7.56978
7.12459
8.30275
7.67044
7.21686
7.43703
7.24816
8.33223
6.52662
8.69297
7.45199
6.72962
7.6156
7.24978
7.74177
7.10032
7.16675
7.17495
7.64774
6.88676
7.98318
7.58581
7.21918
7.60228
6.67613
7.09069
7.07897
7.83981
7.61098
7.22141
8.02261
7.1331
6.68848
6.47323
7.59923
7.17432
7.64009
8.21812
7.87728
7.01873
7.51532
7.56651
6.94656
7.11525
6.84083
7.08552
7.46557
7.44067
7.43105
7.61834
7.52293
7.01299
6.55105
7.23253
6.71311
6.8654
6.92506
6.57034
6.88951
6.95666
7.11386
7.08934
6.98991
6.92001
7.41466
7.12865
7.13718
7.28163
6.65912
7.30384
7.26488
6.96526
6.60101
6.85562
7.05515
6.89807
6.82095
6.64955
7.71394
7.72744
6.67035
6.70047
6.21719
6.7697
7.11452
6.85205
6.46079
6.97542
6.59365
6.96694
6.71542
6.72818
6.8188
6.61539
7.32672
6.59533
6.49589
6.89371
6.75956
7.5676
6.87086
7.01724
6.53006
6.49643
6.61435
6.74364
7.00239
7.20319
7.07098
7.11673
6.62441
6.50968
6.56986
6.71708
6.60187
6.73068
6.59376
6.50747
6.60972
6.97249
6.50463
6.71508
6.71899
6.72133
6.82882
6.47931
7.2455
6.76351
6.43102
6.67565
6.71343
6.23009
6.33609
6.72292
6.34399
6.74612
6.98174
7.33022
6.43678
6.24596
6.6697
6.68566
6.58659
6.49029
6.46308
6.75554
7.14637
6.5943
6.76146
6.64865
6.51463
6.68357
6.38998
6.65078
6.54306
6.56106
6.52081
6.67314
6.64053
6.51607
6.64407
6.40044
7.08235
6.7899
6.52218
6.43675
6.48713
6.5712
6.79722
6.96541
6.62253
6.34712
6.4357
6.62151
6.61746
6.47918
6.66611
6.7243
6.34896
6.18733
6.71109
6.43821
6.41534
6.19588
6.81809
6.55588
6.64143
6.95447
7.0295
6.71285
6.40593
6.63213
6.40918
6.28127
6.54231
6.4328
6.35235
6.72072
6.35379
6.28023
6.36916
6.65439
6.36154
6.28804
6.64209
6.38826
6.46309
6.34679
6.46433
6.56799
6.78652
6.28023
6.23438
6.36337
6.44507
6.18766
6.43149
6.15312
6.3582
6.29224
6.301
6.60997
6.57397
6.34389
6.32051
6.33342
6.18162
6.58134
6.39841
6.65396
6.33204
6.37681
6.40957
6.24956
6.20555
6.54773
6.33049
6.27229
6.47214
6.40696
6.51654
6.54657
6.48785
6.75957
6.33646
6.25106
6.28102
6.44417
6.47598
6.35118
6.47306
6.4579
6.6399
6.29226
6.41871
6.36865
6.28023
6.28048
6.56045
6.43436
6.58272
6.3844
6.24626
6.24672
6.68448
6.47967
6.36708
6.63346
6.44151
6.22761
6.38747
6.42503
6.32235
6.41516
6.18766
6.22728
6.66178
6.45098
6.25139
6.3575
6.54615
6.51661
6.48128
6.43495
6.32108
6.5329
6.4517
6.32292
6.27263
6.34417
6.45116
6.49362
6.34695
6.33467
6.54773
6.33366
6.22504
6.4247
6.30146
6.33987
6.18195
6.38699
6.46213
6.18195
6.43886
6.20856
6.74274
6.4565
6.28073
6.41327
6.34165
6.41629
6.3852
6.27096
6.45173
6.38048
6.55584
6.28719
6.47679
6.33566
6.35408
6.33642
6.55629
6.28023
6.47026
6.3235
6.38184
6.22471
6.39796
6.28076
6.27129
6.36587
6.28353
6.43045
6.43771
6.50577
6.20259
6.18162
6.32419
6.41922
6.24561
6.40988
6.29224
6.302
6.28878
6.35263
6.1849
6.3485
6.3071
6.43668
6.22953
6.31195
6.24278
6.24661
6.19588
6.37798
6.30204
6.36587
6.20856
6.4049
6.23956
6.39347
6.30442
6.21777
6.35018
6.26806
6.25232
6.369
6.21719
6.31977
6.21374
6.32605
6.3257
6.33024
6.30015
6.4398
6.17376
6.19588
6.3071
6.26182
6.33165
6.40774
6.2891
6.24828
6.18457
6.34256
6.30107
6.31138
6.20856
6.32859
6.18457
6.25798
6.25953
6.39147
6.3211
6.26053
6.31516
6.31879
6.22563
6.38799
6.51793
6.31893
6.28016
6.31977
6.57513
6.18162
6.3898
6.28837
6.25644
6.20292
6.15279
6.22537
6.2466
6.39183
6.22826
6.24956
6.43812
6.3017
6.30133
6.18195
6.30146
6.41449
6.41048
6.18195
6.21341
6.24865
6.22761
6.25836
6.31753
6.31449
6.15279
6.25799
6.33089
6.30964
6.15312
6.35293
6.27479
6.21374
6.23956
6.23042
6.18733
6.18195
6.36613
6.28944
6.33439
6.21341
6.17376
6.31343
6.31188
6.35759
6.33445
6.22859
6.20856
6.33522
6.28745
6.17409
6.46107
6.22498
6.28011
6.47288
6.36148
6.35378
6.25926
6.25132
6.28102
6.30584
6.17409
6.2253
6.34256
6.2778
6.2253
6.21719
6.25831
6.30019
6.18162
6.18457
6.30921
6.27983
6.28083
6.36279
6.24858
6.24344
6.21912
6.23009
6.18162
6.22826
6.35668
6.3235
6.28745
6.31549
6.25926
6.23009
6.31465
6.20588
6.31557
6.28094
6.22504
6.35916
6.18766
6.40802
6.30955
6.18457
6.23739
6.37968
6.37751
6.33333
6.24561
6.32357
6.19588
6.3961
6.27838
6.23135
6.31194
6.24601
6.34546
6.19555
6.32563
6.23739
6.2628
6.25382
6.25831
6.30335
6.25985
6.1849
6.22471
6.35078
6.35447
6.22438
6.18733
6.28328
6.15279
6.25174
6.33863
6.28845
6.17409
6.25106
6.27839
6.29041
6.17409
6.30473
6.15279
6.28804
6.18733
6.42883
6.33185
6.20555
6.20555
6.3046
6.2253
6.24344
6.24672
6.30105
6.39094
6.31161
6.21744
6.1849
6.34986
6.21719
6.22537
6.2878
6.23102
6.22728
6.31539
6.21686
6.24042
6.25897
6.15279
6.24528
6.18195
6.20856
6.2253
6.22537
6.25953
6.29417
6.25958
6.23702
6.35163
6.3451
6.28719
6.24596
6.21652
6.3485
6.17376
6.24825
6.19588
6.31785
6.35479
6.22504
6.24923
6.24626
6.22953
6.24626
6.27484
6.15279
6.25168
6.28106
6.20555
6.18162
6.24672
6.27288
6.24858
6.3677
6.2456
6.2292
6.25709
6.20292
6.2878
6.15279
6.1849
6.23747
6.27741
6.25099
6.29284
6.28836
6.2292
6.42686
6.1849
6.1968
6.30966
6.26182
6.19588
6.30931
6.25644
6.28106
6.21652
6.17409
6.20856
6.21686
6.2083
6.21616
6.21719
6.28906
6.32338
6.21616
6.24568
6.19647
6.22728
6.33282
6.24898
6.18195
6.1968
6.26441
6.34929
6.25199
6.2165
6.19588
6.18195
6.1968
6.15312
6.18457
6.18162
6.27739
6.2165
6.19555
6.27832
6.25984
6.15312
6.30718
6.28944
6.27708
6.2688
6.26474
6.17409
6.2253
6.2456
6.21341
6.29076
6.23714
6.27983
6.29352
6.25415
6.24568
6.25893
6.27489
6.27983
6.22504
6.24626
6.24561
6.22531
6.15312
6.18195
6.32867
6.17376
6.23438
6.20555
6.19588
6.18733
6.18766
6.15279
6.23102
6.29537
6.15279
6.24629
6.32419
6.31293
6.15312
6.31505
6.20555
6.19647
6.24596
6.22504
6.27517
6.26905
6.29102
6.20259
6.20259
6.20863
6.28554
6.21912
6.17376
6.27834
6.27556
6.20823
6.27489
6.22471
6.21719
6.25709
6.21686
6.28712
6.23591
6.29788
6.23747
6.20292
6.15312
6.21461
6.25141
6.21494
6.29114
6.23558
6.18457
6.2253
6.24569
6.21777
6.28023
6.31469
6.15312
6.17376
6.2253
6.25991
6.18733
6.21374
6.21744
6.19588
6.19588
6.29224
6.21494
6.24865
6.24828
6.32332
6.23135
6.32135
6.15312
6.15279
6.1849
6.2253
6.27484
6.20259
6.29413
6.2083
6.24528
6.25708
6.34354
6.18733
6.21719
6.25224
6.18733
6.18162
6.24858
6.15312
6.24828
6.2253
6.2623
6.17376
6.31503
6.21616
6.2292
6.23735
6.23956
6.24828
6.15279
6.19555
6.22504
6.23102
6.25742
6.28476
6.15312
6.15312
6.24311
6.21719
6.24634
6.18195
6.17376
6.21374
6.1849
6.15312
6.24535
6.24923
6.22438
6.25232
6.30171
6.17376
6.18195
6.15279
6.15279
6.2083
6.2083
6.18766
6.17409
6.18733
6.28411
6.23956
6.25962
6.24626
6.24035
6.20259
6.21616
6.15279
6.19647
6.20856
6.25224
6.24042
6.18162
6.18766
6.15312
6.19647
6.2253
6.30441
6.21616
6.18162
6.15312
6.21912
6.28411
6.1849
6.23701
6.23558
6.23438
6.22537
6.18733
6.24002
6.21777
6.18162
6.21494
6.21461
6.22531
6.29653
6.19588
6.15279
6.20259
6.26018
6.17376
6.22761
6.23702
6.25995
6.17409
6.20823
6.24923
6.17409
6.31482
6.18733
6.15312
6.27868
6.15279
6.22859
6.27838
6.21719
6.20292
6.15312
6.20863
6.25106
6.21719
6.23438
6.21461
6.23739
6.3036
6.22953
6.24865
6.19588
6.22563
6.22728
6.17409
6.23102
6.23923
6.22728
6.28272
6.27484
6.18766
6.18766
6.18733
6.15312
6.19647
6.20259
6.18195
6.1849
6.17376
6.17376
6.18766
6.22563
6.17376
6.23714
6.21686
6.19647
6.23701
6.15279
6.24527
6.20259
6.15279
6.21341
6.17409
6.22504
6.20292
6.15279
6.21777
6.25387
6.25958
6.20856
6.15312
6.18766
6.2165
6.18457
6.15312
6.15312
6.15279
6.15312
6.21777
6.15279
6.19588
6.17409
6.28443
6.21744
6.15279
6.25836
6.24828
6.21719
6.18733
6.15279
6.18766
6.21461
6.15312
6.22438
6.15312
6.27517
6.25836
6.15312
6.15312
6.15312
6.18195
6.15279
6.15279
6.1968
6.34964
6.15279
6.1968
6.15312
6.20823
6.18733
6.18766
6.25168
6.17409
6.20856
6.22471
6.18457
6.15312
6.15312
6.25611
6.18457
6.15279
6.21494
6.15312
6.24561
6.15312
6.15279
6.1968
6.15279
6.19588
6.23735
6.17376
6.29066
6.21616
6.15279
6.15279
6.24528
6.19555
6.15312
6.20823
6.19555
6.21719
6.15279
6.15312
6.18457
6.2083
6.18733
6.25232
6.15279
6.21686
6.15312
6.23591
6.22953
6.21461
6.15279
6.15279
6.19555
6.15279
6.30584
6.15312
6.15279
6.18195
6.28107
6.17409
6.33423
6.25232
6.26474
6.21744
6.26867
6.18766
6.2253
6.19588
6.15312
6.18733
6.25741
6.20292
6.23714
6.21719
6.28272
6.20863
6.15279
6.21341
6.21777
6.17409
6.20292
6.22563
6.20863
6.21494
6.2577
6.21719
6.18766
6.15279
6.2083
6.20555
6.25708
6.1849
6.24626
6.25141
6.1849
6.24634
6.21685
6.15279
6.1849
6.18195
6.20259
6.18162
6.20259
6.26375
6.24278
6.15279
6.17376
6.17376
6.18162
6.15279
6.15312
6.15279
6.17376
6.19588
6.15279
6.20555
6.24311
6.17409
6.15279
6.17409
6.25741
6.18457
6.15279
6.18457
6.19555
6.1849
6.19588
6.15279
6.1849
6.15279
6.17376
6.20856
6.18162
6.15312
6.19647
6.2292
6.15312
6.15312
6.15312
6.15312
6.15279
6.15279
6.22826
6.18162
6.24915
6.21374
6.18733
6.15312
6.15279
6.15312
6.22563
6.17376
6.18195
6.15312
6.17409
6.15279
6.20863
6.18733
6.15279
6.15312
6.28102
6.26441
6.15312
6.1849
6.18195
6.15312
6.15312
6.18457
6.15279
6.22471
6.1849
6.15312
6.17376
6.22563
6.15279
6.15312
6.2083
6.15279
6.18766
6.18766
6.17409
6.15312
6.21686
6.15312
6.15312
6.23923
6.1849
6.18195
6.17376
6.17409
6.15279
6.19647
6.23735
6.15312
6.15312
6.15279
6.15312
6.18457
6.19555
6.18162
6.20823
6.15279
6.17376
6.1968
6.18457
6.1849
6.25984
6.15279
6.1849
6.18162
6.15312
6.28587
6.17409
6.15279
6.15279
6.15279
6.30146
6.15312
6.20823
6.20555
6.15279
6.20259
6.25232
6.15312
6.15312
6.17409
6.15279
6.21652
6.15312
6.15279
6.15279
6.1849
6.30019
6.1849
6.15312
6.21374
6.20856
6.18195
6.15279
6.25139
6.18195
6.17376
6.15312
6.21461
6.15312
6.23471
6.20823
6.15279
6.15279
6.15312
6.15279
6.15312
6.17376
6.21719
6.15279
6.20823
6.17409
6.20292
6.20555
6.24561
6.15279
6.20588
6.15279
6.15312
6.18733
6.15279
6.18162
6.18162
6.15279
6.15279
6.15279
6.18457
6.1968
6.1849
6.15279
6.18195
6.19647
6.17409
6.18457
6.15279
6.18766
6.20555
6.25708
6.21719
6.18766
6.17376
6.15279
6.17409
6.24568
6.17376
6.23102
6.21461
6.20823
6.15279
6.15279
6.18162
6.15279
6.18162
6.15312
6.15279
6.1849
6.17376
6.15279
6.17409
6.18457
6.17409
6.15312
6.17376
6.17409
6.17409
6.15279
6.19647
6.15312
6.1968
6.18195
6.23471
6.18195
6.20856
6.15279
6.18457
6.15312
6.15312
6.15279
6.15312
6.15312
6.15312
6.17409
6.15312
6.15312
6.15279
6.15312
6.22859
6.18733
6.21652
6.15279
6.15279
6.15279
6.17376
6.17376
6.15279
6.24828
6.15279
6.1849
6.24042
6.2165
6.15279
6.15312
6.20292
6.23747
6.15312
6.15279
6.17409
6.19555
6.15312
6.19647
6.15279
6.18195
6.15312
6.20259
6.15312
6.15312
6.15279
6.17409
6.18733
6.17376
6.17409
6.15279
6.15279
6.15279
6.17376
6.15312
6.15312
6.19555
6.20292
6.17376
6.15279
6.15279
6.15279
6.23009
6.15312
6.20856
6.15279
6.21341
6.15279
6.17409
6.15279
6.20863
6.18733
6.15312
6.17409
6.18195
6.15279
6.1849
6.15312
6.20588
6.18162
6.15312
6.17376
6.15312
6.15279
6.15312
6.18162
