-0.360138   0.317479   0.0571154
-0.45671   0.192234   -0.298335
0.220705   -0.310747   -0.0959679
-0.297291   -0.443736   -0.0482062
-0.231774   0.132715   0.0339001
0.0297189   -0.118257   0.265897
0.335161   0.169791   0.0795501
-0.298121   -0.381487   0.152035
-0.0372797   0.307105   -0.213136
0.374712   -0.447955   0.260591
-0.116043   -0.330932   -0.462451
0.440596   0.106687   0.244814
0.179132   -0.39076   0.225178
-0.0286704   0.0912024   -0.309086
0.33032   -0.34345   0.0892563
-0.415774   -0.105857   0.0996457
0.0582598   0.488541   0.444652
0.0681814   -0.313595   -0.329162
0.439409   0.385204   0.376342
0.00415997   0.312054   0.355934
-0.328859   -0.261653   0.494105
0.196522   0.0255362   0.191485
0.204041   -0.0878462   0.0215887
-0.0736706   0.442745   -0.055961
-0.209934   0.442713   0.118537
0.315649   0.496556   -0.346278
0.35525   -0.478064   -0.147133
0.143416   -0.495686   -0.0661525
-0.489485   -0.174574   0.437092
0.363169   -0.117809   -0.326968
0.0988225   -0.296092   0.0913635
-0.478064   -0.222718   -0.288588
-0.343866   0.465226   0.459584
-0.146   0.460911   0.435329
0.2938   0.0577107   0.394506
-0.0727022   -0.407644   0.0785258
-0.376479   0.236564   0.27851
0.229032   0.431815   0.303955
-0.0615396   -0.065492   -0.181805
-0.0503328   0.126187   -0.113026
-0.0991594   -0.215697   0.371211
0.343306   -0.262983   0.381293
-0.010779   -0.355171   0.275464
-0.326099   -0.470259   -0.344891
-0.054321   0.271594   0.0207731
-0.350185   0.0041427   0.419673
0.100647   -0.281331   0.478356
-0.265358   0.0701725   -0.289766
0.122114   -0.161085   -0.151075
-0.125788   0.170828   -0.47053
-0.00685988   -0.343873   -0.113298
0.387447   -0.0740117   0.09616
-0.427605   -0.166112   -0.115737
-0.387427   0.430224   -0.184545
-0.266097   0.0146798   0.20362
0.486399   0.484435   0.00929438
-0.377716   0.425282   0.267639
0.100525   0.134623   0.0184793
-0.489242   0.388863   -0.360492
0.314495   0.326855   -0.469171
-0.44874   0.0999095   0.056557
-0.20929   -0.0424895   -0.452069
0.242794   -0.412738   0.464987
-0.167322   0.260412   0.190094
-0.432069   -0.36074   0.351278
0.356433   -0.197571   -0.102292
0.4553   -0.259329   0.222341
-0.177965   -0.391454   -0.237715
-0.221144   0.25926   0.381568
0.146978   -0.090275   -0.392463
0.416248   -0.0807484   0.301391
-0.0716627   0.108751   0.324416
0.334289   0.34902   -0.22359
-0.265733   -0.0618575   -0.0721264
0.472065   -0.429756   -0.46274
-0.26974   -0.138174   -0.295548
-0.0662671   -0.139246   -0.365145
0.0370321   0.0157619   0.482796
-0.375137   0.114305   -0.133003
0.227358   0.377873   0.102616
-0.314464   0.242398   -0.435598
0.201051   0.0920303   -0.173188
-0.349355   -0.195153   0.265437
-0.075051   0.000271761   0.109806
-0.292942   -0.238389   -0.00332252
0.282879   0.25557   0.322352
0.261459   -0.177623   0.217658
-0.16886   0.394151   -0.365665
-0.438216   -0.0224691   -0.254673
-0.243342   0.25811   -0.161527
0.467975   -0.00811265   -0.463009
0.478311   0.25007   -0.0558642
0.0403066   0.481864   -0.333841
0.403599   0.0122605   -0.116284
0.0279497   0.444461   0.181643
-0.021563   -0.177608   -0.0161085
0.158376   0.29381   -0.111108
-0.13963   -0.208429   0.138049
-0.470065   -0.381319   -0.146336
-0.485387   -0.312227   0.0390281
0.159785   0.262025   -0.308567
0.256359   -0.287254   -0.340984
0.466703   0.317806   0.165718
-0.213267   -0.359025   0.356793
0.143738   0.175844   -0.491038
0.0625785   0.205043   0.213571
0.336315   0.131362   -0.356019
-0.495629   0.169   0.437687
