59.1168
51.6851
54.4064
50.4658
53.3038
49.0911
55.7077
50.9268
48.6308
50.1356
50.7792
44.9708
42.332
50.821
40.7763
53.268
46.3136
43.8004
40.5153
46.2946
40.6772
47.8877
43.5199
41.1914
37.9619
40.7689
35.9093
42.0393
40.9041
40.9581
34.9937
35.2846
38.7589
38.4272
39.7091
38.8628
38.4389
39.8587
32.6508
31.0864
27.8729
30.5864
31.2922
36.0372
35.9635
35.0996
41.5494
34.0942
32.9741
33.007
31.9374
32.6872
38.7836
32.3005
34.4012
32.1153
26.1482
30.3222
37.4912
36.3551
26.4954
29.9666
31.867
26.4665
26.3194
27.1804
24.2562
27.8961
24.4624
26.3243
28.5768
24.9197
27.7126
24.1853
25.0261
29.816
28.2566
26.4015
24.6293
25.2347
25.5607
27.6155
24.5964
24.9109
24.7992
26.2625
25.0196
26.3563
25.3048
23.83
27.0404
24.0233
21.341
26.3276
26.917
23.0355
21.1896
21.987
23.9583
25.0393
18.9933
21.7248
21.8136
20.544
23.4717
20.6125
20.4999
23.586
21.9741
20.9861
19.9287
20.224
19.9762
21.5886
21.2666
19.5631
19.996
21.0855
19.0049
20.2484
18.7425
20.729
19.62
22.6226
20.724
17.6648
18.4972
17.6447
20.2465
19.1876
17.1039
19.7111
20.538
23.1767
21.2228
17.6434
17.9589
17.8402
16.9894
18.6904
16.979
19.8499
18.4269
16.8058
17.3857
18.0738
18.7418
17.6703
15.8585
18.3512
16.9016
16.4235
16.6138
18.7825
16.5539
16.2992
17.6218
16.7453
16.4909
15.2133
16.5355
17.6202
16.8904
17.0234
17.6825
15.7898
16.4475
15.2275
16.3868
15.5701
13.983
15.1913
16.9881
15.5929
16.0188
16.7872
17.2184
15.9354
16.125
16.9294
16.8981
16.9598
14.1944
14.7099
15.5815
15.1931
15.5209
16.4865
15.3023
14.8303
14.5399
16.3317
15.3758
16.0961
14.8148
15.0889
14.5661
14.8187
13.5078
15.9776
14.452
14.0979
15.7955
15.6172
15.8348
14.9426
14.3518
14.4293
13.0432
14.4004
13.5749
15.6139
14.1255
13.7521
13.5484
14.7813
15.2841
14.65
13.2077
13.7449
13.5522
13.3523
13.8139
13.8507
13.3183
12.8453
14.2205
13.9204
15.1452
14.6685
14.0404
13.2428
14.1659
13.3554
13.0188
13.4234
13.63
13.5944
13.7395
12.8851
13.1234
12.9153
12.8772
15.4802
14.0087
12.9661
13.1616
12.7974
12.8678
13.4868
12.5281
14.4589
13.1386
14.1338
12.4042
13.5964
13.2151
13.7091
12.9875
13.0274
12.6143
13.7817
12.4693
12.6254
12.9951
13.8047
13.508
12.9881
13.2773
13.166
14.2075
12.7188
14.6549
12.9248
13.0052
12.9368
13.2698
13.0788
13.4105
13.431
12.933
13.2868
12.3573
12.1389
12.9007
12.6236
12.5357
12.5492
11.9543
12.742
13.0219
12.0323
12.4962
11.7233
12.227
12.5501
12.5643
12.795
13.1338
12.9465
12.6364
12.1402
12.4254
12.4758
12.6755
12.6382
12.5047
13.539
13.1569
12.5606
14.1776
13.4953
12.5198
12.5787
12.5846
12.1834
12.4798
12.7687
12.1199
12.0311
12.3935
12.5482
12.4388
12.2283
12.3056
12.6209
12.0552
12.7453
13.3927
12.4225
11.9286
12.482
12.7501
12.333
11.9931
12.3378
12.2397
12.5098
13.1528
12.5143
12.7142
12.5536
12.0626
12.2263
12.5639
12.3165
12.4417
12.5639
12.2818
12.7056
12.3019
12.3528
11.703
11.8809
12.2401
11.8559
12.2068
12.5054
12.5398
12.3866
13.1521
12.0544
12.7051
12.3959
11.6948
11.7167
12.3317
11.7919
11.9782
12.1979
11.7774
12.4957
12.2461
12.0279
12.3652
12.3391
12.2491
12.4334
12.0015
11.9949
12.1821
12.3938
11.9188
12.3866
11.7011
11.6715
11.7016
11.9194
12.148
11.6606
12.5664
11.8752
11.6194
11.8907
12.228
11.93
12.2267
12.4098
12.1856
12.1614
11.8095
11.8051
11.7733
11.8561
11.7884
12.6547
11.8174
11.9188
11.8745
11.855
11.8068
11.7807
12.3153
11.9919
12.2965
11.9141
12.232
12.0745
12.3354
12.5185
12.343
12.443
12.2346
12.149
12.5434
12.3812
11.9663
12.0141
12.365
12.1589
11.9964
12.2167
12.2008
11.8148
12.1475
12.1926
12.1039
11.778
11.8228
11.9025
12.4233
12.1747
11.9365
11.7618
11.6705
11.7844
11.977
12.0364
11.6528
11.6586
11.949
11.8827
11.6831
11.9253
11.9417
11.9774
12.0056
11.7437
12.0774
12.2297
11.8486
11.9159
11.7947
11.7538
12.1123
11.8719
11.8848
11.7332
11.783
11.7154
12.061
11.7472
11.9567
12.0574
11.8151
11.6455
11.6584
11.6996
12.0339
12.0762
11.7127
11.6642
11.8218
11.8861
11.7187
11.7132
11.7082
11.6877
11.8031
11.7592
11.8217
11.7637
11.8526
12.0351
11.8404
11.7468
11.8665
11.9816
11.6628
11.8771
12.3088
11.9239
12.0284
11.6721
11.9969
11.7979
11.6785
11.6642
11.7431
11.9973
11.623
11.9525
11.8669
11.8413
12.1737
11.8389
11.7093
11.7547
11.7903
11.828
11.8575
11.8233
11.8131
11.7106
12.0521
12.1114
12.0059
11.6557
11.6862
11.5462
11.5954
12.0955
11.5895
11.772
11.669
11.9734
11.9034
11.858
12.0179
11.7649
11.8299
11.6174
11.8182
11.6807
11.6717
11.8277
11.6648
11.6207
11.6463
11.8783
11.7819
12.0356
11.6889
11.7055
11.7261
11.835
11.6819
11.9778
11.6961
11.6501
12.1221
12.0239
11.8404
11.67
11.8457
11.6955
11.6633
11.6898
11.8982
11.7552
11.7225
11.9397
11.719
11.7075
11.9323
11.6758
11.6458
11.6009
11.6115
11.9458
11.6868
11.6919
11.6047
11.6441
11.6925
11.6931
11.7297
11.692
11.9674
11.5462
11.7167
11.7827
11.9288
11.6858
11.6648
11.9005
11.7762
11.798
11.6933
11.6967
12.0524
11.7493
11.6879
11.5789
11.7035
11.7743
11.8864
11.7764
11.7829
11.801
11.6487
11.8047
11.7322
11.7371
11.6211
11.6072
11.8393
11.6329
11.6236
11.6996
11.8312
11.6717
11.6705
11.6244
11.6519
11.811
11.6567
11.7196
11.5768
11.5954
12.0679
11.6839
11.7813
11.9917
11.8006
11.6961
11.6932
11.7749
11.8934
11.8289
11.8132
11.8229
11.8475
11.8058
11.7306
11.6499
12.0628
11.7662
11.6338
11.6201
11.6537
11.8081
11.6485
11.6501
11.7035
11.7755
11.7671
11.7003
11.6087
11.7386
11.6834
11.8561
11.6649
11.6072
11.7534
11.7072
11.679
11.8097
11.8591
11.7998
11.6393
11.726
11.6913
11.7758
11.7552
11.6152
11.5462
11.7189
11.8731
11.674
11.7088
11.5861
11.687
11.6463
11.5861
11.697
11.6173
11.6772
11.7337
11.7407
11.6853
11.7944
11.7405
11.6577
11.6336
11.6302
11.809
11.7997
11.6079
11.7195
11.7634
11.7701
11.628
11.8111
11.6877
11.8008
11.655
11.6023
11.623
11.699
11.5789
11.6853
11.6479
11.7884
11.864
11.5462
11.5904
11.6669
11.6756
11.621
11.8593
11.7047
11.5627
11.8402
11.7252
11.6662
11.6485
11.6824
11.758
11.7146
11.6378
11.6374
11.5577
11.6336
11.8397
11.621
11.8427
11.6173
11.7564
11.6572
11.6336
11.6783
11.5954
11.8207
11.7732
11.7004
11.6824
11.7318
11.6662
11.5789
11.6222
11.5846
11.6072
11.5627
11.6934
11.6989
11.67
11.6956
11.6414
11.6478
11.8569
11.5789
11.6336
11.7289
11.6059
11.6399
11.5627
11.6529
11.6009
11.6705
11.7154
11.5904
11.5789
11.5789
11.5741
11.6811
11.672
11.7821
11.5954
11.6552
11.5577
11.6317
11.7146
11.7145
11.6331
11.5627
11.6374
11.5768
11.5577
11.7257
11.6519
11.5462
11.5577
11.7771
11.5954
11.661
11.6096
11.8184
11.601
11.6797
11.6407
11.5462
11.764
11.5954
11.7881
11.5933
11.5627
11.7706
11.5627
11.74
11.7259
11.6278
11.6207
11.6406
11.623
11.7146
11.5904
11.7042
11.7652
11.5789
11.7254
11.6302
11.5846
11.8522
11.6069
11.7321
11.6442
11.6152
11.6025
11.5462
11.6025
11.8588
11.7009
11.8295
11.5462
11.5627
11.7042
11.6059
11.6336
11.5789
11.6047
11.7774
11.6023
11.7429
11.65
11.6596
11.5462
11.7186
11.5741
11.65
11.6069
11.5741
11.6244
11.6426
11.5577
11.5741
11.6762
11.6336
11.6393
11.7423
11.7468
11.6047
11.6315
11.5846
11.5577
11.6713
11.6009
11.6717
11.6174
11.7334
11.5789
11.7509
11.6501
11.7546
11.6173
11.6244
11.6096
11.6386
11.6047
11.626
11.6278
11.5846
11.6479
11.5577
11.5741
11.6201
11.757
11.7717
11.601
11.794
11.5861
11.601
11.6023
11.8039
11.5933
11.5462
11.5462
11.6664
11.7836
11.5627
11.672
11.6458
11.5462
11.6784
11.6188
11.7005
11.6409
11.6072
11.6207
11.7968
11.5768
11.5895
11.6251
11.6811
11.6644
11.6748
11.6331
11.6072
11.6173
11.6315
11.7157
11.7507
11.793
11.6557
11.6791
11.6754
11.7643
11.6336
11.6463
11.5789
11.5627
11.8027
11.6516
11.6708
11.7061
11.6244
11.7206
11.6834
11.6712
11.5933
11.6806
11.6494
11.626
11.6985
11.7886
11.6173
11.6828
11.669
11.5883
11.6931
11.6591
11.6441
11.5627
11.5895
11.5577
11.7343
11.5462
11.5577
11.6971
11.5577
11.6478
11.6023
11.744
11.6635
11.5462
11.7361
11.5789
11.6877
11.625
11.7733
11.664
11.7548
11.6251
11.6529
11.6693
11.5741
11.5462
11.5577
11.6372
11.5883
11.7958
11.6608
11.6812
11.6138
11.5768
11.628
11.5577
11.7075
11.626
11.6769
11.6644
11.5954
11.852
11.621
11.6336
11.5846
11.5895
11.6025
11.6244
11.6194
